609
7422 5209
1618 7129
7700 893
6647 8231
3314 9844
1347 6789
2711 3968
7416 5864
9190 9564
8874 7357
2087 530
8754 7935
6772 3475
8206 2898
2717 9252
8686 6604
5188 7451
9977 9366
7618 6294
6454 3919
3232 8164
8403 8617
2191 5257
626 8554
1952 1727
4759 205
9453 3312
9387 4798
7774 7005
8892 3570
5045 3034
9466 5101
355 591
7356 3401
1184 4569
569 9413
3383 4598
5152 5732
6887 4173
8848 3290
8419 2244
9600 5571
835 696
3241 8508
3905 9001
6902 8440
6925 8042
9499 7484
4106 7093
523 6803
3614 6342
3105 586
1766 5115
4872 2357
1215 3898
9987 1305
9598 5019
4822 7280
6202 7258
8362 3064
6220 4342
4477 7316
2790 4693
2320 681
5913 9006
535 4210
1213 6269
9677 5293
7181 3090
717 1692
4104 2370
2122 3173
2690 677
440 8339
4640 7974
5648 9170
912 8343
1456 6630
9983 7050
4489 7157
7216 9112
335 2376
4012 5390
7565 8623
6861 6155
4750 2010
5329 2372
4933 4992
7149 1329
1590 6892
7656 1949
6794 7675
8395 313
4975 511
5896 1401
9686 927
7744 3269
5460 2421
1979 218
2705 6558
852 9863
8412 5550
7611 577
6612 8937
2769 7919
9072 1051
1183 782
6969 4481
4319 8430
8299 3310
9361 9347
7656 7303
3448 3509
7124 7095
5691 3280
8426 348
7140 3893
5 5080
9476 7431
9032 4496
2989 2079
8487 6801
8662 2745
9052 6070
7627 2549
6387 339
9723 6038
9597 174
3576 5174
3105 5152
9098 4976
6567 2680
1773 8773
8347 7720
5150 6152
8752 1814
3169 6098
8554 3308
6366 3966
6243 681
1216 9838
7239 9790
6037 9828
3928 9410
3393 7002
1994 6911
3770 5803
2760 8850
5693 2711
2733 4414
1528 611
3612 4474
1006 6471
4793 4399
454 6686
2318 1627
8604 7785
4135 3264
3743 6924
6998 3461
9153 320
3199 3828
1483 6128
4925 5467
9766 7276
7340 6667
6242 9720
3293 6828
7155 1774
8165 1239
4415 3096
7933 1098
8289 151
6931 3976
4489 7599
5288 5622
6986 7864
577 2367
8907 1295
3207 8145
2919 514
6406 7966
9853 7784
1745 4812
1264 2775
4236 7398
6711 7724
6785 5448
9678 5479
9756 7622
4372 3740
9311 486
9963 5490
6575 8785
4188 8792
6373 8406
7232 155
3021 7880
6519 7186
4202 523
3077 5091
1872 5370
8432 9834
3193 6612
2244 1609
3457 5243
5007 130
3418 7284
5141 1023
3769 9145
8349 171
8039 5226
5585 8535
4352 8151
3586 9926
199 1864
8787 7488
4241 7926
4921 483
5333 7743
9617 6557
7299 933
9978 7204
457 9135
9767 4174
4047 791
5022 6921
4621 3195
491 3700
1472 4157
2030 2644
3497 3827
5192 3121
6621 2679
6067 5398
3318 7415
3831 5940
4704 9750
7445 2671
5165 8474
272 6799
5234 5948
3807 6257
3384 5915
45 1844
2219 8089
4505 9309
5038 2124
5575 5715
9910 2014
5964 8179
2218 2862
8533 3645
26 2797
49 9189
4149 2562
9907 1523
6705 5815
2785 6771
7350 6921
2759 102
8915 363
3701 3887
4552 7364
6893 6711
2683 9612
9094 1882
2371 9139
7868 3512
704 5739
9613 4709
1921 3609
4413 1545
4028 8168
5059 5392
3018 5701
3466 4042
3463 6228
2993 7421
4262 4026
8571 5294
9900 5712
4784 828
6257 8775
1946 9269
5058 6382
6425 8607
2449 7982
128 5393
67 6527
4565 7543
193 8576
2389 9457
3384 8739
8413 7652
3929 1870
3138 8023
1945 9659
9786 6008
6978 1800
241 5461
49 8008
9430 2627
1318 8689
9739 2075
2919 4012
9576 7688
188 6793
7336 7354
5892 840
7738 6837
8000 6064
9537 7187
4595 1179
7957 9406
8456 8456
9696 8935
2507 1721
3410 1394
5054 1298
1390 4407
8038 9632
5194 5251
988 6528
6227 8645
8589 7171
2247 369
6010 945
1401 5488
5289 4610
3984 5966
8962 1174
3048 4315
4818 127
1407 747
4044 3762
4105 1686
3826 1402
4509 744
9568 8149
4886 5026
5778 1525
6964 2647
5194 4543
5704 2048
1963 8767
1243 265
8016 6003
6471 6625
9446 716
8860 2622
4877 2144
9661 3879
8123 506
5345 408
9977 7336
2066 6562
1796 6652
1009 3832
8909 3500
1920 9042
5338 2435
9766 5310
2691 189
127 4522
4421 127
8938 8460
8898 9564
4025 4074
4815 2753
1588 3778
2053 1050
5014 4931
5089 2762
4638 9730
7317 5624
2080 871
1844 540
5810 765
7401 3814
8303 9621
2129 440
1879 6323
2172 4439
509 7376
2832 9150
2344 5942
2566 5354
9842 7991
3099 9279
3740 8903
177 3121
7304 2509
1947 4716
3118 9526
8260 9341
8952 4402
3369 5399
9301 4501
8954 543
8170 5831
9853 8368
4252 6261
5083 1832
4839 2926
2497 969
2218 8934
9233 489
4553 6838
8814 6946
7146 9786
9699 1011
1736 4962
669 3405
1187 7889
1756 8854
3550 5761
151 8746
8816 14
3589 4405
4596 6694
8180 1674
8137 3215
3365 655
1314 8993
9678 4543
1014 6952
2919 4182
5889 6419
526 9209
4322 8680
9043 2156
75 6558
1196 8777
756 4753
2578 5152
4569 4945
2498 5473
8647 1619
7662 1860
9875 6766
4570 5345
5859 6736
3407 8184
8706 3991
3818 1003
5808 5929
9294 287
688 1452
1310 2175
6601 1358
196 7801
2438 3326
1885 9854
6598 3953
5803 4662
8972 8654
7746 7882
7392 3874
3531 4921
4172 6301
6339 5859
5375 2515
541 6465
5694 5037
6332 6651
1214 709
9738 7680
4651 5645
3444 4082
4693 2329
8252 5383
8110 2432
9062 985
1869 5439
2779 4871
9085 1382
9161 9858
2206 2089
1360 33
9091 32
1526 1901
7683 9543
6117 805
2825 943
712 652
9892 2267
9041 5750
3879 5572
4118 3199
8394 4486
1263 2404
3767 6000
3562 6407
8110 7704
904 8911
6913 4741
1293 5206
5401 8147
5795 7433
8207 8883
6792 2428
6564 2680
3883 9107
713 6458
5427 4074
9944 1799
440 8478
5289 4013
9816 3762
5917 3986
2387 6091
8344 44
9520 3796
686 9785
4822 2283
445 7545
7075 1570
3363 558
5689 3103
1844 275
3292 4332
5477 8274
7189 4920
1764 8220
9634 164
4877 3254
1971 4566
5334 8518
3279 8105
4804 9146
2605 316
1028 9441
7852 9423
7139 9552
971 3529
5414 414
9505 6548
5091 3480
1110 7999
7126 8494
8808 7355
7630 3828
5960 4831
3277 6098
4874 1893
7899 69
9 2842
1171 8443
448 2449
7460 6875
2994 5185
4001 6059
4610 3219
3666 5000
5164 9013
4945 6002
7275 3785
7022 6652
3808 3558
6460 4912
6402 1110
5985 2186
6184 1879
6698 3544
5985 8090
7860 736
1116 9847
660 8122
9648 8999
3520 1106
8422 4137
7876 5735
9945 7501
863 1343
7021 1948
7075 3937
4182 5710
5656 9097
1180 4178
7321 6391
8093 3482
4229 832
6811 7196
1919 3388
7434 8978
6927 8694
6915 5067
6128 6320
1028 3064
959 7084
1534 7327
1970 7843
4454 1964
9087 8466
8532 6971
5248 2713
9383 6527
4918 570
7822 4063
4131 5648
1360 7603
718 1845
4438 1387
6451 74
3164 8312
8337 2659
6547 7777
2362 1496