4470
66819 19058
18998 87373
34122 75328
47694 7628
72373 15038
82392 99284
70202 49919
24589 3369
42325 8281
56682 20694
78018 67433
34318 26086
37124 18668
94430 78732
53794 58279
21730 60156
95172 58849
10021 70991
26522 88420
92248 63779
33077 16703
80111 94041
85804 3110
21282 12757
69593 53872
42286 64258
46586 37401
49042 97387
22448 39358
91411 49955
25603 53155
83224 73726
68187 46000
24846 9910
23369 77615
15429 49735
91868 66160
60017 91698
59885 96710
75850 45086
13523 18024
1196 21778
97743 87121
35288 20925
90882 14623
49 3343
67922 89015
53280 63613
53065 14304
50769 62080
73974 14340
48628 79414
2729 55346
96988 4832
93147 83486
60515 195
8388 90112
67172 55271
15043 40657
89120 64507
76986 31889
74394 22895
2224 40420
38299 52920
46765 24848
46606 40175
29121 33696
92869 89042
68029 51300
52530 47362
38328 63983
18351 95012
69995 71864
68023 83328
76374 36697
36874 50693
94521 96659
68525 58947
53659 48584
68136 74735
72647 6592
61542 78595
49354 40869
39000 86139
74871 1926
43602 24057
11715 42584
48589 76545
42152 8048
63491 75678
43462 39946
78167 79419
32094 12325
50090 52395
34197 14597
60967 770
85975 68112
84856 75994
2322 35633
87022 14735
46262 52409
84253 17987
26844 54488
97981 31739
69596 26856
1322 19071
30005 99651
94533 96574
5545 16712
38130 37544
55070 42586
25176 30514
61950 58113
82820 26294
58840 92583
46342 60240
31997 94555
12593 14306
57571 68338
37919 62001
31142 24577
71692 16261
5826 8900
90870 97229
65274 76379
43172 56793
46068 14887
24444 22238
40475 89937
12810 42358
29084 68548
83552 80925
81097 87854
25904 89909
64665 78915
16948 73667
30662 50106
41063 46127
47917 88206
52938 35752
12210 94718
6624 34494
70201 60429
45361 81286
72654 87426
65003 76922
33054 84394
13148 17206
53980 97009
72154 10268
56125 41613
64987 61521
47324 69683
63421 56510
1559 93663
35359 17775
28847 90257
68614 91319
19276 75371
89081 57899
88727 39764
18182 97026
41407 32759
7003 97916
70389 24965
31341 51320
49231 39119
37652 72700
9480 5933
47309 42384
83294 73977
4311 94691
19347 27924
51511 94789
76622 33569
95348 1227
80023 41029
34459 90831
17630 58990
11100 56270
6740 19944
10891 12840
81616 7689
37184 40962
35371 8198
57687 66983
75940 82876
11825 38531
2270 92552
23665 31015
40957 39599
72992 3336
74541 56631
14218 9664
28539 46092
92511 5260
41305 91932
50323 25292
17438 64603
34942 7013
54916 99776
4636 61954
67017 78374
48397 87599
22062 24940
83638 11645
26075 34422
95135 5698
35065 61833
18740 37877
49334 37363
48484 71670
87013 20736
97093 95268
50267 37734
78062 58373
6451 64794
83675 76386
44075 11865
42892 15207
94597 37601
17958 81064
68167 87636
10128 86775
30875 91484
48856 32687
87024 72641
81324 19372
56567 95637
35937 44176
22566 14281
69328 2336
75865 48885
96692 7685
43372 35572
23757 92012
50338 36005
8511 71814
49217 45003
20212 4681
12148 65934
13590 27053
67432 71929
7158 65295
75471 41881
51944 30513
15968 93668
69572 89848
64085 90736
39623 78669
99019 14263
13168 61
39525 762
91171 1305
6698 78459
60777 7383
89859 78113
53742 91343
4638 41304
95202 61982
2861 55694
50361 59942
93224 29976
9771 90668
12903 85803
82644 98777
30504 11427
47893 64954
56911 62847
26385 13920
72961 59234
31505 45025
69288 55860
15329 61429
32914 54336
25776 8761
43666 12723
86100 3472
18974 1539
40420 86909
64431 13062
14268 52426
28964 96726
10557 41828
49855 11380
8394 97660
86502 14978
38283 86823
82563 89896
91214 26751
5157 84399
23425 54785
31133 26217
17114 44493
77026 92231
10287 85865
96845 20545
22014 64094
97182 26034
56102 80697
26901 66106
55756 3083
88729 1850
25752 33866
25077 36891
69333 35246
41366 40615
48660 26741
20398 47983
34921 42271
95380 83683
85613 71154
63906 56349
82362 69175
32150 24215
9874 37659
21201 52783
9145 87855
1339 89290
7798 74857
62813 8047
44534 82433
15269 75112
18153 95733
49734 94724
28867 55013
51701 36792
20828 31159
36461 58425
88945 34932
8108 94947
36321 42985
88372 28853
73168 21959
52235 44339
22887 46276
41819 47491
32690 46136
4210 69552
50625 23745
40259 9771
62503 9919
4868 18308
89406 75800
41486 45397
58658 1013
72416 21720
75377 36996
38076 93900
45841 6644
91209 72276
57450 83868
79375 80663
18536 45620
72862 85185
13978 26105
96999 56065
66454 41454
91073 80137
58611 20694
26758 39378
429 51163
64211 26741
59076 52810
66956 81586
3997 25109
4437 80205
53855 49231
71098 25900
63096 74099
13736 11866
89238 39230
65553 82312
5262 14417
57741 78279
81337 35760
371 83886
3442 23781
85060 26458
55577 6749
58529 21417
20531 81929
72944 33310
30343 33791
77467 29889
52546 97687
80144 18972
52756 85999
76578 42527
56945 86344
6982 89084
72274 90534
83191 64299
56657 98451
35667 77320
432 68316
77116 53296
3635 21363
1592 45384
40833 77899
18002 45686
56775 13344
63670 72901
60469 37356
80792 33574
46655 4179
63086 22058
95101 42968
79506 91656
4651 74277
44289 99453
68906 6088
1470 32071
35645 28080
43600 65418
43565 59604
77727 36491
85894 46956
7195 41815
68567 47350
20949 22909
59958 54290
94852 9552
61818 65895
93058 17350
37887 96988
42445 85467
39238 72735
54310 1743
87442 1730
63637 98084
56651 89081
53987 73441
15071 68669
40286 23057
40924 52076
9881 12677
2520 43942
6089 29102
9065 84146
65481 67684
98765 90071
87031 83394
21220 70851
98453 32647
61552 23560
78344 41462
58556 33018
58653 29463
59090 40754
77407 38132
21059 91566
88354 40349
75460 94894
18716 98724
51435 93369
18886 92290
76150 97878
12863 56624
6148 72659
25993 7631
76377 22146
87754 70016
32063 6135
51629 54445
62112 22859
88926 60990
69197 47580
77906 33829
74842 6026
69949 19731
31231 8572
81913 79136
64441 94137
83237 39911
65222 34128
53572 1863
37581 95728
85466 58211
2964 80912
89075 57507
50408 12393
95068 15761
15001 49334
13640 52445
23450 59163
25580 20730
19301 85307
96323 38974
88054 21601
24426 57062
16427 49752
64197 10159
23338 723
18521 3678
51099 16070
64944 77530
97066 55914
19832 69580
36326 6493
63876 73734
14405 46624
49833 66873
86078 65847
66754 48381
64749 91565
8077 45261
78418 27277
32684 51048
66994 87914
31685 91186
58581 50136
17923 60368
40038 65808
88242 82960
59703 79984
33958 28831
32858 377
49365 8112
10280 80431
95768 8604
65566 97117
29679 39037
24635 4174
7994 87409
67140 43061
75648 58429
17121 46630
77772 86440
88157 79578
31019 93083
25929 31535
40591 64040
69817 44102
21295 49984
40741 11492
44485 40699
94314 11089
27918 15860
62247 56476
20462 41963
48833 32468
99209 29665
59551 89456
16395 57087
81806 65097
16897 54639
93310 91035
43934 35489
79459 96328
29047 78312
26389 90644
99847 51451
50416 71402
12556 26292
26613 39381
82184 58644
55623 1512
39424 75357
40207 32727
77473 85750
51961 97948
32630 79147
95765 44115
2003 30507
65846 77981
48398 82472
1078 31073
20608 14810
64272 89895
96552 17597
25157 16027
67848 87758
49240 15952
50758 62353
56914 59354
21388 49102
5150 7411
9161 99504
4782 56887
17582 23269
35444 90856
84626 1921
59754 70154
91279 49242
34891 90312
9122 18413
87703 11789
86510 94712
13427 18220
66394 28350
93607 52153
30351 95878
70110 54286
88315 99228
18249 22631
26192 29903
20540 62118
89157 24401
39024 78511
86548 81115
63040 92461
77275 87590
55820 43148
70075 94034
83032 62589
73788 92515
48718 77493
65927 70911
45240 52205
77962 88433
7911 50115
87128 40969
69519 2840
25414 50362
64328 17297
96943 53723
79343 34999
86225 64583
75938 40150
14734 75197
97640 16929
31852 5984
34375 22828
19798 91319
29260 92977
17688 56398
17031 24556
18790 84052
69260 77727
44886 11259
16242 67343
88449 38588
98712 10885
46278 85264
37403 57773
74248 7639
7330 51066
98219 55797
90515 55136
29050 46832
89946 87129
41604 65428
90345 55585
84923 43471
52658 46938
18292 64149
25167 21353
43209 37949
1083 23735
17626 98593
37143 81296
76167 10722
69510 11431
27960 83555
77392 59473
59158 54153
44035 33925
36367 29025
84653 59491
96917 51322
38532 81833
70367 5191
46622 7295
11271 29630
33753 18477
85259 38299
48212 40576
33165 81918
13524 79081
14579 81864
32481 19229
16519 36003
28870 19286
87447 26647
85300 99696
28342 78741
36607 5933
51930 1904
29759 2194
3772 59039
93937 65352
79675 95581
48692 40475
94329 14281
65229 66174
56892 18599
22083 25702
80142 52156
14947 5578
43294 77621
16445 32042
73277 14177
83333 93957
46050 83347
22611 97441
94087 59937
44419 21702
65897 40039
98422 36291
63179 70501
53999 93928
32404 57213
42359 4363
25996 58710
55322 27331
67747 81500
87336 18160
94411 80669
11253 36497
87641 45261
51481 31180
80520 2851
61040 58218
77333 63930
46074 1143
54564 68145
95069 77670
12890 2123
47774 20172
83520 43376
48908 38241
46439 71498
10613 66498
75230 89993
15151 94545
34558 65472
43281 86803
10783 76997
73015 3217
35296 66133
34337 64440
47747 39053
50900 7161
9326 69778
59607 40809
88267 4522
77912 63298
44808 64385
15013 29697
3736 64198
58387 79366
85617 90987
84443 7287
6380 15368
42104 20988
7529 5400
26922 30020
79464 27898
31733 69152
87152 99121
62723 22051
82539 11685
72702 1832
57288 56704
24279 77291
21721 51858
62754 81806
73682 4142
18743 41590
57936 46858
50835 46540
99120 9923
85141 33053
16243 67575
7553 18170
6241 35273
2656 66745
13506 9280
42942 99410
93606 28488
56139 578
56383 82223
1115 68332
2114 5449
44518 85010
83466 99149
65128 25632
43413 57142
54882 1762
68901 46084
37079 15242
81791 56696
38800 30123
66063 60955
65785 65152
68323 24823
51425 7302
2636 89116
12702 80541
98464 15197
10119 93899
19834 90065
5816 37721
41624 70002
17426 21972
45468 13761
36152 51149
34764 5696
23058 90202
44403 92150
12750 3827
84765 79663
49882 68597
69695 72730
50444 62882
15852 29353
81338 89439
99873 2004
59330 13045
54778 58454
131 21041
85466 42350
17602 74437
88648 34176
21191 29220
84940 21138
9309 9449
68150 11887
46229 79953
71256 77895
47811 21820
70119 92717
40576 60560
81886 58264
99270 89462
6362 31714
87063 42907
39007 26252
50263 22161
73073 31768
44109 34539
66332 49646
19846 23940
2701 20664
37138 24473
60663 34213
56197 62698
97615 95562
24471 79133
18736 38588
46885 60667
92152 36055
26222 9233
21385 76666
78742 67281
73225 54345
6182 53518
40834 47722
52554 89027
99683 70248
30322 91981
49693 42195
13201 98156
62022 32126
95969 52135
68762 21376
5566 60517
70261 48084
27942 50324
27802 65849
47519 20165
42831 41970
94033 45006
82783 81318
5544 8615
21750 96769
24691 39374
11337 55794
86696 3427
76524 32331
24734 54732
90457 24452
87057 82418
81680 34745
90177 42722
34769 19463
2675 76302
69732 78547
92078 32010
15697 65635
24928 29679
5128 7522
43159 82938
55547 60352
13161 53198
39071 69520
7916 98766
50639 99753
52638 54116
13929 57638
90590 92989
15854 51846
52401 97483
67590 97004
4894 84322
6618 3808
21938 18907
52121 85004
49757 84147
28723 44255
95347 16717
92065 70894
5101 20748
35131 42414
33189 13498
91648 56187
86781 95396
81938 47317
20025 85660
33815 95358
76064 58966
31673 20477
94047 51467
85511 80605
31302 2585
9234 39918
29737 34048
42961 96259
92800 29862
99709 82547
95047 885
28437 73625
92383 16184
80796 43924
98763 52161
41750 63175
35764 45862
64815 66362
58630 90175
74260 91543
77392 98442
49687 61326
61960 58536
13871 68945
73637 27805
14358 43737
21603 50035
73865 32287
29763 41560
32716 99140
74024 85403
20419 11913
48058 85907
47482 32824
93639 58104
75134 60697
10141 50376
67650 79133
8658 71907
8187 39352
74172 41168
33604 9598
83417 82806
83739 10733
60105 8131
74050 75811
25902 47209
57599 88996
78259 25212
39996 77333
89698 65109
5768 6180
54092 42802
90836 27869
80134 4915
38902 56598
78598 75807
9097 88420
4778 52797
37740 48836
85521 12060
54527 29299
12640 87883
94761 22966
41246 88673
66548 30387
79352 70518
65007 96118
28990 8808
31115 31790
3620 37784
38815 76205
27042 86730
41893 20619
52629 8169
75162 69027
64475 95200
82625 56468
49563 77986
89409 3297
7291 33730
88419 87954
41800 81756
1173 24081
34514 56843
41129 57934
14252 92944
38102 58140
71632 41842
89430 50321
63898 99288
92615 54826
62984 20849
62282 90852
42176 27276
17511 28452
94730 22912
2567 50864
79506 34918
99225 8532
90247 93305
89325 9919
47455 90813
94460 70403
71345 2870
79774 53304
57593 59180
36978 88249
31351 81549
83738 95237
67472 12235
41980 14143
22924 50650
64482 24495
22070 78739
48155 3872
80224 5108
24056 42527
69308 61118
12911 65250
90851 85238
1084 71071
70162 54212
64955 77584
76649 53015
99087 85270
38858 98302
67903 23347
7680 49936
18611 25550
19381 21606
64571 88467
20954 67996
32072 59217
48995 6163
71537 91194
87720 6770
42960 43590
73350 25696
59043 7568
14780 6348
39691 45751
19151 84902
41200 59903
13190 85027
23579 30830
60142 16380
84346 64815
94935 71343
21055 45298
91541 6013
60834 69322
87552 74123
37467 78445
27988 11169
86216 45880
24530 75118
60045 30537
76509 52353
55951 899
38078 68017
25240 50989
79297 47767
33015 11955
67926 83855
1437 80100
40592 72923
2336 89138
15305 93023
47035 49845
52604 13510
64652 89064
93866 68059
18069 22955
32502 48177
11517 55199
63081 19324
85772 15725
5390 95702
78578 17472
14583 7195
21408 31302
29206 72365
93581 32786
17797 91824
90674 34205
51999 53103
90575 84641
7716 95798
59332 86301
11897 41493
73688 51700
70662 80004
37174 36653
91318 89145
4811 96724
36602 25139
13290 10680
56070 29715
50056 69483
29139 73822
48031 25701
57564 32540
32079 8290
87585 84732
57145 87839
12550 4686
27715 50497
8853 92167
44086 28110
81080 35905
31843 28561
73536 20248
65498 95386
62689 6350
51025 54524
38323 60199
69059 67598
99827 1166
2798 91179
31007 22991
7508 63569
19582 50139
36539 16486
67286 91367
17901 20078
58964 82412
52889 23958
75624 27273
95856 23245
390 65436
20328 2981
64038 50925
285 99094
70596 91876
15531 77756
84352 25454
82677 23636
45472 22939
12257 58979
40010 60451
26138 75439
36234 38908
18829 25156
5074 84902
91884 46512
46196 92159
95534 99591
87722 64943
22541 72927
92207 318
27462 41653
38148 56697
95613 82567
6732 52273
58358 6168
14447 7291
96477 96592
83771 73329
12447 61945
66110 31791
51887 24803
174 18775
31906 19264
99009 83822
10259 38633
82965 44860
68576 1399
37385 89712
14698 40971
49346 3226
60025 73190
52104 3439
63094 98577
81254 38857
80368 31959
76621 76356
24216 83814
96657 52322
94724 67858
7882 21480
86831 67794
37269 92767
29655 75009
55025 74324
82879 32318
54435 2328
22667 11532
66642 78944
77542 72275
51755 44646
63167 38909
52574 38278
10055 96666
31775 37730
7381 34524
30470 13311
70210 7900
22895 13062
16718 74035
24123 66116
29305 93378
7117 60362
33770 5547
22638 54861
94572 55957
98570 77063
19820 91723
26481 53908
32476 58782
35031 1142
22419 67391
74100 41234
3051 45510
57252 93169
90146 55790
16935 37088
91385 96182
51587 70800
2296 35009
40221 73142
44872 60183
94724 50636
22199 13538
42054 84046
59160 80658
36089 6718
64832 85722
72884 3585
65130 75312
28787 69568
13524 94064
24566 41384
1376 81498
78018 63498
41972 34288
29278 38524
76762 46841
48408 98005
34049 75905
45406 16437
80986 77398
15461 77339
93564 96332
69478 61837
35328 2138
68188 53012
86085 87387
32199 49277
31597 78191
47147 27801
9662 74839
50130 97821
5603 65468
42534 22691
97449 27560
80728 21608
13314 57227
89340 60940
30693 45560
24650 54069
85996 54949
18495 80300
32276 18319
59354 67422
57857 66323
1055 20764
26167 1046
15895 48635
27202 62239
24430 31285
81839 6967
1428 88391
99249 39472
69821 67217
49501 42363
4641 23801
80014 80400
49884 88520
12929 52714
48591 63307
48634 26856
52125 82067
11678 81038
45135 35605
59031 96738
25073 70603
85299 32623
87091 49970
53157 29765
72904 12138
36675 5879
86474 10137
71302 17595
79572 76744
15309 83822
61479 10180
58458 50926
39302 60830
16115 29214
53337 62572
65602 72229
49646 87782
46070 7567
90227 58249
81024 96330
77694 83640
51127 44171
82277 5046
75316 10887
2758 89101
15415 75674
40352 97226
16608 87971
71576 80734
36534 11590
85622 56991
92996 81033
19941 78309
60375 55159
64502 35917
20513 85536
34077 38777
44921 6423
94003 99534
51129 43475
92594 64406
84191 80622
19484 39036
24748 95753
31605 4722
19016 90150
93572 99597
8892 2956
71222 35784
8758 75271
31035 59389
62345 27974
34151 75023
2698 88635
35218 36516
11316 52190
54297 84963
82053 47659
13403 442
82047 1791
60092 86970
99400 45695
96389 40121
9194 13169
66178 58671
17875 66368
16003 2841
97046 3804
2395 92346
63465 68888
32804 2997
12869 6411
60730 6260
79209 53679
92443 27268
39768 76165
76749 20342
7382 32111
23992 25920
53262 68405
54664 85786
8111 6753
21740 41090
79370 28355
77978 15256
58614 64173
75849 97218
81901 98871
21173 93546
6764 63484
77214 53659
49175 33692
76105 54375
68946 8760
30814 58436
61161 10041
72616 48682
56553 62378
32120 38935
24836 96345
74595 16043
94066 99226
97247 94284
36778 10724
33066 55235
34797 73810
82467 69406
92796 31779
51919 75372
44189 84826
39925 27588
27450 78750
68610 51102
10721 98043
58982 72248
32069 73472
60949 87954
83323 69664
66888 43634
40734 20785
65433 89026
78796 13679
62314 55565
11047 47546
63455 94597
85078 42547
7423 7072
36481 94403
17431 18454
36887 86229
30423 61829
3308 34487
15251 8781
96051 75197
1539 7573
47369 9598
13379 14820
46602 89301
4692 51848
3161 83329
22937 37747
15901 37605
85147 72600
9918 97673
54278 13043
93612 15223
42025 32798
13304 67711
60762 80317
69849 14451
17296 8147
8585 82796
67015 40234
33414 4355
84608 72880
56177 41272
32574 42676
13010 54191
54185 8077
32754 54606
75407 58707
15135 73441
85886 54212
77356 43286
95244 39297
30382 17857
99279 47630
17344 49145
14661 23861
72992 633
78702 20484
93776 97152
77068 49898
2614 89074
87114 90270
48892 95860
42162 85464
28880 15475
4214 77558
36037 51422
43848 8441
24433 58472
30753 35461
18893 37223
19806 84900
59224 70296
27326 54084
7636 87352
96262 86836
67623 50412
82525 61803
53436 16474
13296 60834
82976 6862
77615 92532
43333 7606
28494 40805
46178 47910
97893 83672
23184 54069
26673 28920
29551 65214
43504 32784
48351 82592
99465 6387
37959 15263
48546 26709
35090 51265
10536 90351
69517 91697
55371 9119
90219 62399
48286 16454
26273 56701
2907 10504
90506 14628
96990 98767
7811 52269
46565 26505
66320 2969
37078 49349
78646 55338
64313 53210
49215 47495
88026 80737
8345 82876
19208 57878
98391 21303
36505 66874
60878 90285
10884 61044
4089 81971
30213 38251
21398 32773
62908 59086
60583 40386
44878 11276
7378 12173
96835 75964
80002 19790
62278 15191
85123 18287
52425 86297
55817 3968
86494 55491
94602 46324
42975 37404
58111 26114
5894 80395
19432 48900
80278 9887
30981 4475
51088 19720
64573 60233
25343 94203
59003 92213
6669 83377
11404 459
24395 56712
48770 12761
92109 49601
8788 57524
87787 67104
11868 88369
96418 78096
81335 10220
43569 73052
46377 42116
25469 88311
70582 19037
64845 38741
42122 4732
39310 12751
32754 91439
592 76228
18657 55011
43815 3090
14380 82124
28683 59425
92814 11712
15512 58104
65893 8156
40943 51462
72307 47902
17683 42715
47582 22409
89069 20876
70224 49540
95721 16050
12151 1851
8087 91883
62918 33404
62826 45080
38803 47740
2524 98846
37591 79120
86856 40421
20689 35028
80239 1340
13987 83175
15764 12211
32659 22733
64896 90015
95372 61516
29854 96441
38970 49775
76320 37119
62865 17094
98232 94322
34023 63524
32192 85783
53366 94144
60915 15990
86651 66133
1489 4926
94714 69793
70367 14911
86391 78474
75365 67758
35454 80564
94574 85636
20028 13228
5515 14176
75043 91745
63504 24672
52010 88677
55926 90252
10411 41072
59832 70188
88100 93597
75318 86092
15414 46284
33300 55487
84649 28094
85244 68569
77094 14172
89880 21556
41211 10865
23993 84140
89563 10699
22739 64835
1659 94014
17758 71710
60407 83553
88503 97637
65738 89070
81180 65511
1369 15974
78868 9364
81161 2411
70341 97057
93157 29925
30620 136
55993 73470
24905 485
94745 80262
70752 52794
68763 57423
19481 2379
34616 22225
15088 28067
51887 24104
75974 74862
13859 52017
14110 84989
81816 48145
83937 72197
56857 16814
62650 71040
39189 95251
31035 96362
39326 55216
35863 37541
11241 53336
13989 97973
50928 85474
74051 68069
78419 57673
24913 9633
65042 24780
78706 25114
71221 83854
95630 62661
34437 61591
83411 22652
97136 76337
37295 34683
77704 9068
4120 57764
88805 68122
28804 92316
6814 12115
17681 62572
44500 4851
69118 85952
61992 65431
37168 38187
7328 33028
3247 99234
58534 28512
39654 61628
53288 39159
85446 66969
98425 13399
91747 26328
47151 51252
30965 87838
70083 96517
64185 16118
32020 88325
76430 22796
29060 65043
29113 3889
90233 44946
47009 36538
97694 91178
62835 36737
29951 99237
19359 59714
77072 88179
40921 64991
75527 22502
51577 35965
75838 68695
4699 48741
5554 97535
80544 89828
774 68895
92172 93643
91329 12568
37606 3503
59915 2740
69594 9034
43252 95835
55482 84120
53998 2559
87961 88955
25198 79153
51023 52536
50799 45417
94968 11096
12590 82818
6772 81960
97231 14043
49225 68665
62039 92919
58940 1504
94160 39710
66812 89815
13480 93626
2647 29147
24178 97115
63363 13932
50307 76627
77783 16080
10198 21179
41455 17007
81289 45996
99755 54040
69086 82887
28560 24987
65179 12206
2885 5582
87594 17096
62968 8969
24825 5153
90295 5897
83259 9319
50455 24688
9798 28046
6545 34147
83667 26157
93504 18411
11554 3071
2244 80597
5331 91715
46689 85362
52973 477
11841 13720
26746 12819
69486 31102
12169 83120
39417 97636
68012 58820
89846 84489
56184 31841
73853 35827
83527 41536
21963 14187
55705 49755
12767 36542
98062 59248
71293 30173
35918 75300
42318 38685
99169 38717
86878 51800
99383 39943
58557 78987
17186 18385
49343 89366
84279 93133
39388 55967
76305 84179
37744 96655
40046 90046
18940 7667
23312 42381
13027 5340
75836 20548
32718 85600
37886 46537
1449 36119
90372 12135
5380 53022
80127 57486
86162 78039
38565 55985
76141 14535
24465 35270
59184 48023
67201 35882
88156 84116
13303 1978
40948 81680
16857 96635
58336 82238
74354 7508
91758 85849
79086 27215
40428 57694
21218 25627
39792 95725
41985 14476
72048 12268
32712 29082
58090 69956
74643 48478
95293 27298
57765 30968
98190 65719
72869 77068
71621 11673
98907 82175
94989 70528
68855 32095
46455 17193
52363 20985
38551 13975
65804 93249
29542 57773
13045 35757
47838 82773
34275 47514
71329 63676
97466 64262
88403 35347
44222 92404
93755 94512
11355 61675
3494 93675
35039 63287
72804 64929
22458 59463
22409 87797
21989 21069
49677 70282
61400 15009
93965 35082
77777 25918
67848 33954
38292 31524
75266 69059
72422 95252
79972 1763
75441 26295
12154 11034
96996 88056
53716 1030
45392 62885
12581 78407
70027 65522
78119 58051
16401 70453
47318 28195
36382 11147
63568 18932
85685 18610
19675 83976
34204 32525
41471 3890
90558 50980
84200 85390
85000 59585
62245 41878
13068 66899
40492 23662
59521 11215
95956 1177
14880 89994
61209 9601
82377 69088
69051 2803
84572 97745
90687 41920
72897 23358
76621 42942
61408 39376
16464 38533
16457 85458
19033 80531
41454 51250
52445 46952
40292 59012
28722 11947
7846 49951
72470 45699
75570 93789
82632 10590
85225 23455
91277 60877
63667 39400
20364 32198
91161 4285
6770 89921
53290 43595
92239 1980
34358 34913
98232 20535
29654 96593
85923 54617
99842 86740
40429 1545
8505 31299
68567 63797
98813 59998
51237 97359
87508 76585
17118 62026
80904 64586
591 33313
10536 32685
23816 12433
73445 72800
3741 99643
58134 84375
95270 34211
28116 64041
33567 10291
97055 33777
28969 4536
84535 82894
67751 14276
43843 48195
14306 28523
92846 21048
40390 38470
44869 53047
42754 27475
22906 65551
17708 3314
97732 49941
96731 70826
52573 97502
2219 4066
962 3271
5277 76232
51735 21549
91988 41486
24992 24789
93016 46311
94057 54661
71703 37167
54208 90249
42495 58720
52501 44815
31302 8158
35712 58603
7906 32012
71899 42804
28273 51733
13028 76165
35923 12836
55869 61277
46507 58859
2764 78175
41601 52672
99579 2931
17922 17404
81049 95491
92767 36634
7319 37567
74122 32094
89131 71418
23420 39307
68048 13258
2130 5772
92965 32843
11947 25132
15434 37053
31788 31230
91110 61922
44252 10806
97731 15969
93480 60173
74416 9574
19904 353
46814 59039
95480 71698
49636 45696
59976 29063
99196 9568
7853 15527
547 76922
34981 87584
70972 30893
15191 90436
5998 54461
45065 18215
20322 27183
81544 15618
2886 40753
10500 89363
52076 77904
43312 24795
88075 24543
18086 69854
6717 67767
95490 56999
45632 95121
65762 70113
18006 61742
81068 84127
62340 55760
40872 3829
58806 2686
95106 74716
79962 1636
44906 56498
22624 82640
24019 75704
42465 83542
67063 71218
74965 74701
20753 38827
11931 97648
41537 58670
57205 97119
21132 73422
4489 43579
73754 25503
24193 4877
14742 62298
44876 89407
20818 34013
6459 76673
46464 52361
83204 79558
32922 77346
54403 42148
73594 93395
69908 36376
4483 5447
62234 78464
24918 15281
11580 55487
11102 95045
37026 73148
90981 82012
31548 73859
67644 22452
84091 93986
80791 18254
53686 17581
69903 42095
54951 81948
94334 83295
25772 11112
95942 18573
56486 92593
75755 56456
16765 95866
26708 4711
14010 14411
41870 66723
9035 24975
11529 62328
27426 39732
47897 54216
439 85997
77910 69239
51234 98547
49596 5584
55649 87296
59788 60382
89112 55762
23721 59444
82220 37870
43868 66886
80999 73083
62289 4077
98552 10499
99096 20232
81040 2133
11972 66901
22725 33350
62063 9724
90578 98827
57812 59396
17621 32064
30900 43100
29649 69508
97778 14484
36266 62107
91415 18209
36459 49355
34990 18588
5731 53471
54441 87460
83555 93415
51930 83351
19778 83510
6171 68733
22777 44835
90919 6238
54216 81352
90622 56518
39791 31270
69189 44072
56565 9727
20260 12984
8741 27099
54406 8240
30956 37668
19420 99852
98717 81257
30618 12110
28429 27423
44089 26650
23447 95291
39508 73051
72056 52633
79115 12125
37684 37048
33314 89904
95824 23644
42723 72236
56182 27755
19256 36327
17364 95473
35314 92288
45757 40188
84453 42584
73414 1152
67721 78772
82890 55027
62043 95964
50663 3986
59642 95295
70719 62779
89738 51117
12344 33297
33076 79867
83804 9628
57924 80995
59770 68966
46698 33185
62691 5662
45114 90423
35181 88505
75756 73354
2516 20332
6812 5314
79860 75827
56523 30862
80688 81102
73148 47902
14318 65918
83032 76007
5113 72685
31786 86339
8542 38915
42212 67726
47567 55409
90329 40042
73091 77802
72128 50460
43892 76709
7575 32428
16479 55581
95870 38057
94632 7281
87608 45091
95443 11524
54766 32687
716 63838
61611 90503
74656 41193
64192 84423
482 59636
28610 26961
61703 91060
8071 35882
78602 10494
81005 86619
11305 92847
71827 46833
44518 67108
93470 28541
68870 22754
73910 7220
53333 54799
19462 77808
44609 7351
97343 93581
7067 53000
11189 92717
9561 16086
46049 30581
93878 16696
62909 45805
73809 95913
90219 74628
37610 26664
35727 31626
27496 8312
56976 39477
31477 93377
69915 60828
72160 52973
77344 32703
93114 53931
79795 13597
5018 22352
69580 50779
2105 21489
13319 91428
9559 78603
64581 20868
63924 70715
59530 67500
84055 40838
19549 72881
18699 89362
50922 14637
18845 93995
47299 42429
26655 22879
36347 93857
7912 28706
35754 50975
69074 59563
84556 15071
6811 98069
61377 17168
62340 23487
76847 9570
30389 76909
24987 40811
25335 24548
96596 34051
68888 76498
19528 81095
35243 4420
86093 98873
48581 16333
17274 29758
88577 1574
2987 97503
75709 82664
1088 75817
71099 45492
78270 25325
19777 1868
13900 91840
53209 12055
88280 28636
68306 3745
4912 34781
22525 44600
87753 83814
65009 4656
19516 51161
75591 82080
50404 45634
26846 34659
85921 18861
28568 33432
70679 48619
4924 69763
54416 4594
75698 33993
88054 24090
1514 32408
63258 10048
57237 64093
35664 20646
95146 1099
21552 54193
4707 51675
35863 58250
99197 66150
91524 92702
28 75885
86683 48574
93188 49042
44549 22528
89121 79772
58286 39580
17504 31831
44614 18767
16724 17073
44833 89851
64402 36255
9751 9637
13397 71734
29540 24662
27642 74834
26377 30907
70405 82994
38985 53157
73691 96217
92269 61130
14630 97071
6401 23810
19380 42751
31061 17034
92088 29303
23708 52901
9096 39402
75376 78998
83069 70801
60332 71847
14486 46182
55185 37125
74357 83847
71362 20833
4384 69337
84839 94800
64257 83331
85838 5804
39239 18670
18757 75186
87587 23436
56866 57282
23372 89134
87291 42306
29979 29420
94638 22907
98544 9826
99162 18906
39211 64749
81892 38545
89747 87377
86772 42771
28147 43670
62805 97787
23992 80167
50744 56902
80308 4466
76753 52564
92414 95562
94905 39563
5264 7112
66186 58868
9576 79654
25702 44060
59175 10179
79537 20468
11989 59874
35730 41874
18779 99082
85398 22254
64231 71079
42573 33510
98284 89288
93899 68858
41887 75615
72968 23216
79707 67012
97057 22609
69438 6866
59541 68874
87530 88425
47720 49965
54757 95562
91779 91021
4217 41982
52722 58981
8500 75856
20869 50162
26985 6798
95055 18228
96206 8684
23914 14257
78844 8992
402 2483
20114 13927
51685 29541
9971 85055
29737 53273
48451 6955
52518 34053
10093 25810
88264 36481
12096 17280
62110 75210
86573 18084
35102 61731
18443 29968
31231 2063
27380 40861
23837 83224
75621 31876
93752 88267
93058 69957
79573 78426
10639 34980
124 73880
86040 39175
27064 75297
60714 66874
34106 55503
35064 91307
21879 27910
88151 85102
97413 84489
18018 88569
10882 11906
52246 79497
78445 93022
83735 11420
907 7791
746 117
89923 92296
14361 40924
6178 64261
58258 36475
66616 61504
43624 76418
52218 88445
13200 71395
76862 7903
35942 41398
93601 72176
59462 92439
79780 81565
39731 95811
7851 1912
45811 34143
20061 58357
4368 71249
46503 80461
31897 80453
34361 32670
26847 65385
19943 58984
92952 78769
85929 37073
11104 30484
39931 59202
64275 96236
2142 95017
89268 87130
13205 45237
20394 56321
59625 67741
47069 51686
18726 13561
50749 79798
99740 47623
96604 14272
96030 77160
65167 63607
22502 14336
64368 60689
74223 6937
56383 72394
77594 24672
84252 35266
88330 68679
64143 37371
6727 78082
32673 82908
10879 32586
69248 57105
57536 48637
79167 73128
53152 77019
89107 95445
77077 31307
55703 29871
90845 17204
13705 3505
87448 7140
57067 60762
62281 28909
18115 96557
56984 83395
86843 47634
8018 43807
63873 60179
51496 60287
78984 71104
61452 35203
84806 83467
42807 30130
77684 14733
84806 77267
46097 56831
17880 44436
78559 40290
1458 57479
60388 41528
37083 14336
48395 38760
18624 5592
36321 1694
58801 30477
51128 92360
59650 60992
58407 15002
11 19861
4007 30987
57321 42262
59864 64886
891 43409
62202 12154
56805 6933
58548 65722
2896 82297
59537 65982
90696 95126
62846 31376
24317 66984
45838 75296
8034 4560
54198 21409
42385 38325
76049 61289
67558 90526
73180 74101
17823 55065
67547 97539
92162 60696
40755 80341
79351 37583
17966 71157
650 87
86714 54924
87147 45454
52362 22185
72877 50901
84211 20992
19274 57616
27664 19656
45053 31626
55391 44796
21894 24078
96898 79291
90730 98959
863 50985
64689 28001
67169 55404
31654 9085
90164 88943
78299 10337
80620 18882
85186 36110
88287 19256
61557 7112
49926 80423
86382 16218
19265 88812
71888 87375
30448 15140
91452 68762
24026 49012
31485 92271
40490 51683
49213 67336
58957 53467
83981 48769
64149 65035
1793 57307
19705 93639
23698 51869
67443 84742
18714 92398
52640 56323
76123 95037
18692 97086
50009 27290
73219 30968
29883 52730
77833 86970
33486 13494
79011 57230
40738 84396
44676 55652
77419 93341
35041 95215
13089 19085
72533 35974
9952 96711
2654 43683
17161 59798
89118 89287
30687 60077
34939 47156
72075 22848
13855 97618
79929 42441
36408 42667
42713 64036
15801 10286
13950 57331
43224 7247
27842 86842
43630 43141
75168 95140
80986 43116
63545 74076
75582 64129
73904 96021
92800 44393
66414 42179
31787 17929
48318 77728
47755 6415
56498 24552
64949 34664
89308 66077
45756 99688
46742 57923
70301 58949
67899 2725
91892 28348
1995 20078
43589 99915
56011 17009
77492 94901
76131 38946
94093 55330
57246 39003
3773 62203
96941 47672
47382 85490
19109 7419
80015 31160
47644 45385
3650 42630
98960 72298
5389 95861
64352 20557
11473 78085
36720 60546
41398 16570
16650 71934
62181 32922
9816 92250
70252 28720
64619 38293
27134 56588
49911 91597
96976 2977
4916 84138
57470 55878
97791 26484
41700 92054
96343 83031
8868 62320
13312 49478
7526 37463
10435 35318
33364 12018
73484 65118
78074 86765
52299 73149
17452 76087
12436 53684
88768 53251
38335 18888
63439 50759
92424 8130
20729 53631
4848 95470
22142 79755
98010 24255
94885 37900
13711 55625
97913 77483
97722 6534
13830 3667
17709 79986
64353 83026
38939 14863
56062 16892
28411 85122
35319 18280
78475 68020
66828 42961
27147 87761
20637 77302
91966 47596
63154 96378
65549 84602
93524 50180
43651 71698
80849 66720
36977 73076
44443 78525
29196 76831
64074 61966
59146 13848
22742 73385
36457 87018
10365 30378
60136 34337
547 54417
51756 89934
72173 86176
41693 50694
42981 86974
91622 86115
37177 59702
51384 35137
55964 41241
26727 33826
8388 47320
12076 15499
85322 82250
39233 24933
77997 66668
6408 4765
73391 67484
27365 55364
90614 77310
62911 6447
85453 27447
32163 92120
42496 47988
50593 763
61283 80100
84717 71674
45100 78330
42591 51642
47317 91404
68851 81508
95483 64503
18122 7268
27393 6552
2664 83085
1326 52916
97524 1268
83274 68305
99002 45937
41573 88251
25164 52065
99217 87520
11901 75174
24259 98804
85029 60421
94678 36430
53792 99655
743 65001
36943 15449
25338 7204
40885 73036
73204 79523
57530 86741
56543 83371
39692 6606
92585 11209
45913 68915
22725 62348
90167 92070
70760 7175
93757 8876
58541 56976
84935 68302
18226 19812
14741 12825
76025 36992
6668 17118
53224 58505
29044 79858
13225 64966
37368 18767
26058 16128
67177 75890
5631 5705
45115 49819
20699 10098
99015 82928
38682 43763
48936 40826
40283 88007
97502 41382
8414 2893
69838 8677
86058 54120
83071 69196
63274 57632
46526 27989
13930 75935
41243 66748
55647 60085
93450 3012
32445 18869
62819 74608
74398 77302
63747 7401
9570 19026
72585 67390
74761 778
38329 29760
75931 99488
74812 34178
62048 87131
18814 81759
6121 88935
71407 75091
16293 48786
16451 75361
89036 13744
89170 47532
23832 46072
5688 45278
71431 17894
77846 72196
26171 40919
49199 92271
44537 89167
64780 88212
78958 23158
80889 40397
65061 58870
52422 58263
15154 76543
72294 7986
1610 81636
90835 90948
50856 5020
6664 61334
55434 62689
47878 89973
92178 65236
22832 90162
18503 72215
53550 30179
46481 95985
19854 35968
83840 75630
21182 89670
53253 75261
35252 34967
30230 45936
73158 12569
54351 40287
61298 56467
4972 37125
72375 22803
32977 17314
96570 42954
3458 73207
92163 17357
4298 44909
67421 56086
87000 36846
62105 58690
90430 42954
54187 9969
70769 40052
8332 81897
1900 74147
81526 83347
76844 58898
22603 47132
68245 36479
12271 50838
27371 63631
169 47252
95130 43465
32166 99121
54832 90295
37494 45258
66013 19816
39117 34431
98522 67729
10211 86486
51423 8295
11765 76696
38090 29766
44674 91731
85407 1677
47406 694
79555 4576
37186 10744
8384 83909
19306 34289
90597 11527
96214 11966
35715 62614
47994 69762
44593 709
81101 44384
8200 69675
81134 19074
34823 55459
30682 67093
26224 1964
8759 3146
45961 62249
83981 42071
77021 67361
50568 92308
26777 96
73175 49823
36047 37077
62000 12664
31478 47474
31082 59525
50759 76944
76001 29071
46434 83784
2069 46148
81735 70298
74571 1491
70014 4650
33963 12179
5999 55102
30400 88700
3179 91457
31739 95948
71809 1668
37265 51299
57097 26007
6904 44647
61341 59732
19150 29313
35835 17045
71058 82782
33924 25209
75305 61392
92160 61219
9338 93515
89464 21211
62130 55976
29595 82987
50817 43717
57881 37314
43196 5538
17451 94869
83673 59045
97257 23705
27669 59863
67250 97515
4785 66950
2760 95592
79921 18113
83601 63637
74268 25471
12247 68408
28831 20120
52489 7036
60746 2314
17048 48850
29809 88885
29659 26987
7596 93184
43179 24350
87479 98866
89640 39784
87219 59737
2514 80263
34563 61958
23344 40382
60720 35855
35373 23317
65350 38924
52886 94454
74357 58395
12797 70065
3952 59997
39801 69720
46929 37174
93380 43844
30035 16144
38331 96302
35767 25849
15362 65431
76576 57600
55262 8833
97623 9788
85976 96435
19399 22053
31873 46072
20481 94905
17352 22913
54010 99417
98598 13855
36937 6697
13555 85738
55177 82963
52173 64508
81789 75621
62904 18999
7463 50798
91545 96379
13935 15429
90330 17041
53762 25250
49642 97795
20657 89315
75610 54401
4846 35881
14880 27101
69842 23288
6904 83504
72922 92058
58462 79635
90917 45021
59829 28135
26840 79696
19011 66093
23290 57674
58162 77711
90840 94275
57169 40789
69826 10041
38257 67345
56620 75693
31977 42484
53102 85731
80211 98678
96357 50694
42732 20658
73904 71777
33752 68519
3827 39303
18875 14680
57399 3404
83297 40237
90344 4425
57463 66800
21238 25180
16175 7857
79124 18149
86144 3811
40892 84075
27972 95132
14730 84693
41881 67641
8508 93266
67041 68695
51897 2865
7009 33211
77798 18633
89125 20876
61458 57107
12987 3379
27756 56843
53747 87266
15143 43634
14086 59658
62589 61487
30156 65667
73961 26697
81572 60328
7019 62607
94448 30232
94504 78160
54198 82295
46056 93283
4736 97290
68982 99585
42525 23199
9252 10054
74430 739
7812 94515
98618 90409
5552 56719
44522 54346
20898 73217
89293 6623
8349 3352
61477 47945
56098 53539
25529 61802
60188 1497
69489 81833
48405 1459
12445 97874
96286 44749
45871 78196
69451 51817
60187 52417
29749 80619
20382 12177
67670 53118
3317 76255
74544 29837
16257 106
73223 57675
2058 70038
67650 12716
85977 1129
36718 65577
99996 35566
51483 16096
10821 38005
36829 44018
53132 41073
27756 23140
55849 95481
35076 64190
2458 72295
55782 65871
94083 2012
45173 98758
97833 7034
7354 48667
42646 62664
95905 16740
95449 68530
19898 16544
61795 44039
96568 23408
6442 35993
31893 75704
70857 71776
83212 93315
96446 75575
42366 31901
70828 42046
8302 82166
57047 56342
13669 19109
69514 5928
26286 42947
45844 41471
52219 80140
17830 10505
90462 44930
72279 27514
72817 85738
32736 36584
88431 75820
15329 41264
312 28631
46618 41392
86993 45947
92723 10859
12418 19021
42356 32040
17494 99302
49261 73875
8318 84772
18704 78011
99183 27336
74770 21138
25887 86519
93614 71952
85548 11385
68321 30513
84501 33181
57007 4370
15870 33811
5309 89528
47665 74416
84437 4137
57560 6094
35365 87760
3620 46569
43776 70077
10793 39683
87355 7619
75519 23264
75633 56569
93507 84939
87040 42106
72852 49136
24810 1861
31126 9344
6165 8637
40338 19056
38859 74249
60180 9657
12859 35893
80428 28282
6262 90480
13294 86578
14386 22476
10802 97798
38859 29634
34260 13857
64413 98635
56693 17743
85707 25895
81304 65953
82556 20506
79814 55468
49976 87946
14538 37673
41999 20003
40022 74423
32306 65107
17661 41269
7704 81806
83702 73192
71547 21707
39199 82171
59768 44420
34200 41018
70259 13274
69764 30198
22160 92112
27212 47812
12955 60843
13595 16062
41153 21912
62850 33920
87317 84774
75606 45932
49260 49447
5709 29319
42977 61204
25253 90681
15762 72038
14077 17617
72129 71870
7706 58431
19219 17373
37700 73368
5941 54028
45990 83926
77906 36406
433 80981
1214 79305
60377 59415
43982 52057
8791 58113
29758 50877
21253 43100
5546 68144
35013 96661
63445 39697
50491 27357
90597 84515
67118 30057
93604 206
47115 47411
4065 11356
97762 247
34957 31901
48903 11671
43679 65508
35346 94456
16400 23015
72479 92067
75072 45602
30895 43557
75631 1685
54918 29807
56708 87170
29899 78550
17610 45552
17162 94324
76558 54571
10421 38149
80578 5473
80927 92235
43069 3014
52352 82443
54009 83281
64660 9134
32340 71261
93052 90913
2543 75465
73307 47093
42546 1816
34521 40255
73222 530
82532 4665
48857 36417
17451 13119
15102 42581
39169 17428
39850 22017
7744 41882
69305 46939
41283 3677
35558 83584
97578 29961
62870 66829
32602 18383
82158 32071
81787 86789
32792 81108
93944 41123
49251 12832
99618 22822
11840 96185
8941 85104
28358 85204
93106 97606
4302 64646
29964 75537
62071 10731
42747 18846
19267 13442
68804 37726
67193 23086
52750 54662
84609 86295
99814 99952
14891 63943
1692 24025
29384 21550
82980 13569
80367 23263
92726 19406
62458 54960
11055 47497
27014 29086
34798 61279
90551 98055
61943 75905
50353 7245
18035 43588
86176 62522
29166 10466
12305 91479
12920 42744
77431 95955
58949 82054
65863 71394
5933 75474
14076 44251
32428 81509
55379 729
39075 89612
42000 73788
17877 39160
68888 87685
16779 96255
96373 52733
50193 39480
11637 94894
35447 1475
18539 33928
65168 4159
64173 13470
20662 10386
23060 57126
32772 86501
31423 48509
89371 9925
15440 87265
18462 70723
83501 9749
85173 90869
40704 79200
28654 33843
44120 62478
52183 40219
65798 78510
5478 62733
64801 40370
66289 78447
53346 60594
27382 96714
42985 8329
73332 84619
50422 16662
33296 24579
21776 93213
38482 38440
33922 37700
12997 14002
86393 15414
54330 7294
8135 29251
62181 15535
41603 70974
93343 94344
77063 16030
13954 11731
21745 84125
20945 24317
50882 40476
38861 26263
45154 31645
19360 24727
20058 76616
34838 29461
73848 96903
13503 33806
39823 3145
24367 31941
29908 86786
23423 27069
64962 11530
69257 74336
58167 4570
58639 2843
72437 91954
56564 76575
50498 14838
2657 80802
54472 55340
91714 41308
23254 59807
87975 31147
93436 26207
7012 72591
89811 5951
76272 78094
47059 29078
78090 95345
91548 51487
67823 37701
52782 97688
75589 29308
84592 88231
19604 53609
63660 98480
99816 28423
37105 59648
33648 18099
97648 51622
23266 4269
72416 71860
27893 86716
64219 65474
60453 53287
86110 5132
73682 38620
35405 24399
67617 4108
11436 84880
14170 32397
7911 74581
91784 70487
2699 68233
83356 25448
76619 74652
97963 85312
636 71457
28075 66373
79705 58767
23514 9857
75039 1057
58231 32159
17874 27062
46791 66961
2231 29393
65425 2573
8888 55385
71810 24779
31939 20251
96523 77993
22987 56931
81598 19719
57253 62535
48436 19147
653 67484
76169 79103
51775 86814
69438 16014
8478 77101
48823 27850
24496 18762
61947 96009
59647 4799
26359 60899
30458 81428
93147 15318
92466 33722
33883 17507
73213 11428
4911 3758
54167 30249
95123 56193
79932 10500
83144 33257
79567 30996
96145 19416
63191 16764
19383 43874
85948 21828
16614 53152
89678 37206
54062 71440
36095 92354
35522 59698
25764 70266
90972 3244
59543 2775
30455 9384
83576 43890
24404 22001
99527 26252
34006 5497
73420 87430
99366 3222
89840 79753
18991 36161
3297 27328
16066 37269
37458 75065
94388 13206
86008 23496
64508 62471
3886 4708
98261 46290
14098 6440
77858 45509
92422 26675
82693 143
26224 40201
44742 78535
32794 15247
30514 77317
39954 49714
45786 65863
80555 96449
44528 45070
25883 74671
1133 61566
59803 33458
6158 72130
45706 47687
44146 4901
73674 43563
14366 18618
51745 85059
89337 95284
12474 42709
8848 49487
49634 72685
90515 94150
97355 47161
51862 72410
36460 32366
11249 66738
35806 8129
75713 98069
62081 61870
97093 72177
64629 67668
32001 88536
3618 65078
49214 38014
41616 74684
14472 96764
81007 26064
34191 22960
88849 29410
5158 1883
35403 7300
11399 77153
19384 70575
10574 54157
51541 18077
95193 96618
88998 38284
10991 93227
2448 42689
98325 59524
41885 66690
36218 61710
88315 37115
78029 79655
23741 81947
39777 87504
33976 70356
92080 7053
93511 59678
71701 6664
63368 87252
82384 50735
86941 12181
26950 11314
33932 23236
97503 31173
7008 47401
87430 98628
5925 96590
82381 27946
25231 30755
64102 49945
32276 88539
14155 56181
66957 23277
79862 78888
13690 5907
46890 84032
75899 12206
84552 46765
88087 90656
98331 79556
3321 45040
30861 92990
17454 51882
60143 16249
74280 28317
27413 73046
80094 69691
86200 94969
93322 81564
82418 877
67561 16987
54213 50909
23935 99671
94581 42460
22288 96756
88137 21758
47720 16696
32910 71965
92820 19086
53524 60565
71559 42982
6927 5607
75862 92851
1655 21114
21116 74091
53064 53013
10743 90411
52963 18951
51849 94513
60139 60448
984 67104
8905 44117
60142 84095
52361 71359
30265 35962
42811 95196
48204 35904
37362 77453
44605 72355
49352 20471
70565 96603
24344 44034
41155 45891
74659 21501
56729 42331
37548 36248
61485 1732
13852 63080
46314 65831
61822 88614
60380 36494
24964 38128
89080 73034
73312 27623
37361 47851
99916 29552
20804 17707
50979 18195
88557 35172
47045 44511
28720 15701
1271 1892
13105 25953
24097 54167
95868 27791
73198 77810
74814 80523
72175 74769
84265 51300
1721 9558
46100 40908
70818 14309
84313 70235
58536 21481
54870 17324
72234 31917
44780 66559
72589 51908
43523 32341
86808 29538
81476 72759
22008 65697
98461 26096
42141 78013
14817 18798
34587 94232
23622 55909
6634 90391
56453 55148
91943 61794
24317 77565
70737 31592
49839 72441
74988 46009
68675 75138
20833 62538
11107 66176
16028 6357
77979 6461
85485 52982
60671 35881
77864 3791
57029 53206
72549 51333
19046 2012
5056 32544
8002 93559
7930 49967
84281 24868
55350 35842
78130 90952
6141 69678
55608 57417
12122 6765
47287 59634
12447 4603
66468 8276
78143 50138
46099 24960
38865 20495
28222 63917
92467 65186
55077 60376
17349 61186
12456 21215
72906 21663
77167 38629
48043 48334
95203 49842
31315 83817
72498 75760
56179 40108
79406 49583
66496 27833
30735 8481
26992 64597
75757 80863
55905 79913
79270 63906
37874 24609
32126 17482
88200 92784
63610 27
41419 39755
77028 67387
89446 45769
81002 44950
5866 70186
98911 50810
51179 60333
53177 25659
5538 72600
28209 76496
29897 4083
3622 93428
53346 82157
5338 79814
82385 80950
92115 84809
87581 85891
29788 87653
56915 52174
83489 82436
44803 57107
25751 38614
6785 45908
48113 45165
33381 21494
74956 93602
99307 53090
15076 12270
12084 75877
94972 36402
40580 22608
4987 95760
14370 94616
34058 16687
10234 58359
41079 36218
43326 23913
28020 65314
42433 6257
2360 15576
67035 6321
59677 57108
67240 13877
67520 26801
10089 5897
75685 67854
35553 68158
881 12142
42424 64330
142 61721
91132 34468
43210 84153
71676 42732
85848 20574
3307 7361
23853 87386
4739 32361
30756 25734
98591 71277
51035 123
76991 84953
51860 94170
66408 95521
97141 34693
90466 86679
92744 61027
35096 73142
75260 40192
18139 77690
34210 93514
70912 84773
32464 48501
8093 24028
53538 59800
60432 78216
90132 15854
94712 97750
80521 40439
32090 83767
20487 61876
85693 6241
19705 91726
65390 64428
87435 53839
99005 27765
68786 90535
89822 89694
97698 19689
14857 72940
88469 19691
93627 61160
24427 99466
79315 59359
32868 17667
87957 42690
66984 14939
85227 17479
53919 28089
86526 61222
5978 94150
48257 94204
73960 96020
10183 70123
18241 27028
83208 45784
92479 1982
90176 75276
99392 6733
3216 1524
71174 16928
90299 34497
70359 12763
87370 52489
46173 3716
41481 46692
60358 30214
37608 79951
16069 38065
40858 34988
24047 70808
12729 3937
89631 75249
53792 43444
16532 15129
70096 33430
60110 37550
47308 35061
63380 31027
83388 30983
73232 70479
65614 24230
42801 10894
23408 31855
31048 18686
20376 88322
18924 19412
84412 28037
55414 59941
55578 19457
25157 49229
63666 74019
61692 80395
57446 68380
36799 86595
11009 36610
52890 36027
76269 76045
99066 44830
36347 28667
38417 87356
4351 55500
11062 87592
25074 75910
92579 49368
54254 24274
4405 37193
41814 23645
43152 71641
33867 61688
11609 61067
65463 96889
90233 26822
53638 75736
38561 1462
43560 24275
21984 31242
81361 67210
96367 31220
60826 36131
46726 27084
76509 18599
45316 27438
49116 12931
97642 88439
88250 98344
59520 13612
57632 86476
44944 47250
56378 68711
81158 26647
984 14423
73622 57352
78798 34940
32566 26745
85748 79644
62207 19169
50534 31648
37808 28154
57796 82070
27435 29509
18260 55053
32598 15940
41243 66908
69756 59039
87016 6587
47754 18080
43753 63239
29842 6486
77876 45443
96139 11254
19456 75986
88718 50837
52649 73918
54587 60559
90159 86100
4274 86820
66327 48070
41659 21013
73385 3975
4478 84491
68016 12402
14348 30417
43357 55300
22260 34741
42661 30845
27822 83755
31806 16996
10260 61930
102 11968
42756 41837
65308 72639
39968 11923
59589 24786
50669 4159
8 80911
23831 184
54706 76718
76428 46058
29332 7501
59261 83108
13792 69037
91904 9784
87695 35250
44080 94655
60733 13030
48619 60754
63659 43734
65171 15538
28477 40980
5902 6720
8410 68563
36262 77541
12751 73423
36234 89644
97548 29154
55019 65123
24197 40304
61280 21662
51826 51100
89026 63604
26383 22000
76529 62976
26845 52026
53965 80449
62815 55561
36637 79546
1310 37396
40780 34451
15878 22259
68167 82838
76039 50020
6912 23539
14644 82791
13006 55324
39655 11043
86187 82889
57083 86655
6580 34326
29329 20777
49997 51008
74380 2611
43419 71148
46965 66673
26631 46848
60311 76188
60418 5640
78756 13970
92859 75890
8718 16915
33291 75250
16015 92517
90410 88255
2369 12978
25014 5876
7143 97541
54259 17584
79555 91889
52742 31798
64669 28009
76313 15534
44994 50185
1819 42178
58627 94252
43933 18530
5586 22099
4213 43521
65992 11941
48991 23477
34594 85961
14967 55259
14847 205
12224 93456
9796 77955
34848 66777
80472 71231
11905 61212
2184 51386
21106 89541
39492 79122
13796 72674
48288 81671
48366 4007
44148 51328
27178 96587
18557 36356
63541 38857
54746 59234
31955 70656
94767 15753
94824 91060
70597 86256
15328 31499
24488 66607
38152 88208
63400 78116
81106 44851
96729 87344
54965 98790
86290 77207
3947 30658
32434 94660
77778 28032
7830 3106
77004 56129
85573 28164
28702 11015
82084 40094
47188 26841
4034 52137
31676 32451
92366 27075
30375 29363
20059 7597
13067 1597
95651 78667
87587 59032
17633 67784
90701 96000
75221 54543
21867 28594
9988 52211
57891 89010
76534 35816
57887 90440
42966 52135
26094 23934
14774 41774
10241 11780
17992 74494
4111 24845
5254 923
51665 24815
31402 16368
38438 78567
4855 33992
57808 22451
54798 89110
726 16694
7322 42062
88576 64503
39429 77961
34014 60290
8832 65733
56578 84709
98527 71459
17089 52053
32411 63432
48789 75623
36878 99068
3774 52023
69082 92814
47292 93796
77059 14317
78999 89521
51920 7888
58552 79686
51246 31376
57901 39470
85933 81065
34601 21495
673 27741
43457 21716
17922 54608
69360 10590
54028 52781
31572 58415
61824 85471
97966 11814
63265 47673
81478 34406
29304 69103
89925 79126
55345 12699
2074 72034
2812 52025
86646 80568
96844 48810
31151 58701
46843 42453
47680 85846
34340 70658
57672 34031
17448 99421
52327 7287
27690 33881
33476 34610
66547 63978
31433 79430
70158 73418
15269 67454
20269 19861
22185 22730
85250 35500
11724 43453
22759 80534
95495 93902
14135 8731
27226 78807
20690 51015
38917 36889
79197 97069
23408 56918
89120 64257
24387 98966
95654 54685
17294 96611
15648 86557
98627 92716
21123 38115
60119 27398
36453 91123
92261 17830
73796 37528
43370 4744
79135 24766
95018 66924
25723 10550
29578 41459
67551 87157
34132 61638
86872 63636
45302 98576
80406 91633
66019 90623
14861 72653
63888 66375
77141 45165
48312 13566
60043 42394
10233 87265
28462 99200
77269 82126
28322 7474
82898 41096
98352 83588
79834 59543
99716 71152
82012 91813
97678 86514
81417 60961
72802 8108
10072 7744
34328 10339
49666 35639
86060 24511
98310 71010
9983 56335
32646 37025
81940 61635
51049 29846
63828 8080
31415 66824
99562 78640
76768 94274
95176 8415
76757 70772
25537 31135
94605 33361
3276 3541
87618 99536
73703 89802
96849 55308
2450 20138
57406 36452
34384 43752
84493 89627
8362 75705
62666 57401
22091 61268
2210 48872
15652 69912
20744 73080
92010 40294
63729 40379
5459 7107
35224 23593
35037 5816
74971 36382
78856 15410
15420 97783
5942 20546
34753 12537
97746 52349
91604 11050
94822 42941
29315 60118
63651 57502
63393 72075
27773 60130
3619 56317
52749 57454
4005 30595
62445 57611
95203 46008
71423 3493
28000 83131
34919 61775
87266 69551
74988 14942
36499 14172
57211 35113
35362 48428
15780 82160
85152 46543
88059 44946
92516 26967
92920 80149
71015 38685
52408 72257
44265 46362
23993 9157
42442 54894
94882 54129
51217 84349
23097 79227
53481 28909
14250 15642
2143 92138
45223 75694
9222 41442
19619 85078
64339 84650
53110 76728
24288 16790
82300 41148
54637 27780
9654 19505
16091 37747
94183 7239
89871 92644
10808 27220
57333 35616
76116 93200
79802 60369
8301 45560
13713 711
46165 59694
31984 57236
85254 22263
58064 25329
80027 69564
67183 87063
96052 75402
22001 29799
61526 90738
80219 7811
36937 5193
51608 10002
28856 41993
63764 23744
31476 23695
89987 22043
90002 43931
48027 40823
19464 87251
81269 82667
58900 98111
53584 2610
34965 46894
31982 38443
10416 86289
6358 98810
95628 38363
4912 92164
49782 61543
29740 97751
71902 53169
70811 67872
16728 30395
55508 30578
75900 7818
36081 8038
30695 60327
15919 31957
3896 3519
33522 66848
12755 73507
10942 23977
37122 41481
83775 28663
36462 64265
1506 20278
27210 38048
98234 57493
30313 8432
47228 2246
80643 72798
24291 6593
45173 42419
49453 93217
3293 33308
15355 54053
59585 55435
5269 12817
44969 64019
42244 19722
47329 22255
62743 99230
79897 68732
44254 75290
61924 63226
79570 8625
78972 98895
43915 9404
59324 45284
62536 27541
75365 81254
92427 5594
84090 62342
77146 49040
87811 63418
31039 29630
12078 11130
37193 95662
37449 36355
13609 69007
88170 11095
27542 43829
48487 87259
53065 13048
68702 35096
55554 35889
12175 47035
66241 12320
13596 7702
32109 12008
93136 40956
50193 67505
85589 53896
29338 38374
94236 17943
67354 65461
82425 4201
37448 94290
11365 58468
22558 61843
22523 45681
19002 16981
35611 58557
45181 20662
90761 39354
50703 88377
29550 45115
50713 24261
77718 86235
5577 71430
49009 29495
43698 56203
43699 9967
79017 24998
75925 56457
9321 53167
81713 4046
63568 53313
60009 22315
32352 22204
512 52690
53407 39937
97087 39126
65239 14521
79314 15570
50903 9487
95081 39203
72048 43409
49240 78825
65048 49747
3415 2891
94346 51115
45826 36848
41541 27286
24761 40902
70409 49970
79810 65694
42717 33314
75746 40334
43435 58094
6280 88558
75298 35520
95202 11548
3379 58727
93318 52088
50357 68504
13963 54280
48450 57160
60749 83317
55 30387
16044 24684
86936 217
29933 24479
70825 65563
90744 17154
56246 72258
7384 6190
40076 76633
66142 95296
47454 51950
27615 4475