5
90
779 990 703 89 138 388 402 363 782 723 39 741 318 684 941 80 944 932 870 374 907 832 694 8 472 779 13 927 881 396 468 12 738 522 452 875 261 854 589 42 576 980 782 246 663 74 325 607 6 547 332 264 730 25 271 553 803 283 480 36 31 299 47 768 173 850 994 433 55 583 475 983 562 608 228 576 34 904 182 39 802 514 302 532 890 924 84 693 207 915
28
589 566 126 356 738 327 349 170 382 283 996 364 844 956 943 772 989 198 953 379 352 818 32 883 708 955 318 752
13
585 831 101 150 956 456 887 282 157 408 15 439 756
30
635 63 672 406 51 222 710 781 573 880 164 807 939 118 476 690 983 60 520 83 561 827 891 799 460 47 559 475 837 314
56
823 376 228 228 778 801 290 558 373 169 721 531 107 190 6 148 172 418 19 607 978 197 497 129 8 543 687 834 731 1000 390 554 727 617 133 504 769 422 413 493 942 485 23 400 26 380 899 198 797 917 804 127 465 652 255 473