86
683 258 619 197
385 139 99 94
728 681 232 183
819 586 411 129
672 475 662 239
629 247 449 181
922 113 223 160
983 233 283 131
625 179 144 3
386 326 217 38
815 551 187 121
350 27 343 181
479 426 374 246
866 21 125 119
649 247 204 117
127 42 60 50
986 190 978 796
725 237 355 304
290 222 99 56
102 78 75 2
116 84 11 0
94 50 16 14
177 27 159 18
193 49 191 100
381 78 375 223
668 517 135 21
729 640 129 107
555 150 149 141
703 667 81 50
42 19 23 9
665 250 319 283
972 36 784 100
971 86 183 55
335 121 316 65
412 404 197 192
885 782 268 179
673 96 204 65
293 2 114 14
122 7 119 1
24 8 14 5
459 444 125 31
845 641 324 101
772 169 751 286
965 46 540 495
769 293 766 445
431 94 256 68
563 76 382 52
765 43 309 43
629 488 437 411
942 661 556 447
712 102 472 77
290 83 147 131
279 144 5 0
433 181 397 332
84 48 79 15
308 285 166 125
273 6 151 136
834 272 767 318
984 465 167 127
588 218 60 36
804 107 748 470
202 7 103 76
325 20 239 217
460 33 195 84
800 624 324 314
890 586 43 27
653 258 290 241
748 335 434 259
23 2 12 0
338 191 237 182
7 4 1 0
726 471 395 1
393 283 381 114
173 20 11 8
789 319 610 227
585 170 184 143
624 211 556 196
602 32 38 13
857 750 196 139
232 78 106 20
781 751 375 285
675 577 78 77
83 39 12 7
612 98 346 23
376 241 69 42
449 155 165 125
