74
745 200 374 297
335 39 334 143
571 198 565 436
818 135 804 661
865 768 428 278
398 112 204 104
597 524 463 10
324 182 185 1
913 102 376 180
562 210 365 292
246 31 151 85
490 141 304 9
46 32 14 0
369 58 118 74
386 72 287 268
305 178 289 62
117 39 116 22
912 208 467 27
128 5 92 22
390 97 335 144
692 336 269 230
155 71 84 28
459 265 266 225
406 135 396 221
919 232 827 75
111 31 23 4
193 14 68 33
839 283 70 33
315 71 59 46
90 40 45 22
750 677 570 188
404 70 249 139
942 841 574 89
873 409 177 3
641 83 219 129
603 325 210 4
187 38 115 66
728 358 342 165
333 206 292 113
593 461 269 74
409 14 339 174
356 169 236 119
576 364 138 39
203 18 110 81
716 346 660 376
603 341 382 26
575 179 218 104
415 199 248 42
378 215 16 1
938 681 930 853
934 327 322 31
72 12 23 13
375 362 62 12
165 20 22 21
675 253 531 382
828 449 162 142
504 104 415 244
442 16 261 177
947 83 394 269
392 285 181 115
698 687 346 185
381 251 227 12
971 800 967 48
242 153 229 173
739 356 628 246
908 703 148 98
984 947 813 517
797 574 757 494
358 132 187 11
131 57 129 40
558 84 111 100
743 141 644 296
403 48 359 121
359 277 133 10
