100
340 18 245 14
421 231 379 54
70 41 57 47
407 378 134 62
106 36 11 4
481 388 403 44
537 18 123 4
783 102 227 61
681 197 505 206
288 170 90 9
804 411 37 19
689 164 530 374
321 77 289 49
683 622 171 37
10 1 4 3
433 130 66 52
333 183 23 10
427 85 343 21
76 22 21 0
365 87 331 212
164 50 5 0
601 590 351 23
961 898 394 105
825 529 649 587
505 53 440 389
398 188 140 98
764 760 213 105
460 73 313 143
611 389 128 41
987 722 984 483
118 70 9 6
559 39 459 98
868 559 594 254
377 12 290 278
446 380 178 152
149 109 36 10
260 240 151 97
674 237 221 185
368 361 252 167
316 62 50 28
22 5 3 0
781 5 91 13
322 313 232 216
848 838 270 166
177 116 44 2
965 384 250 22
295 77 82 3
784 596 216 167
728 1 471 377
641 264 101 2
55 55 31 28
285 58 38 24
354 85 114 51
780 643 197 33
875 144 536 139
961 189 379 291
440 107 372 4
998 104 751 162
237 113 222 61
501 348 218 31
709 645 328 118
351 109 231 227
317 232 115 75
697 351 228 207
545 448 90 5
738 677 314 251
388 28 188 183
615 281 91 53
92 31 8 5
687 4 359 177
451 23 188 113
615 364 538 331
352 84 92 1
759 730 376 241
724 455 699 503
755 206 160 3
510 476 57 1
107 19 75 45
576 103 431 295
884 866 737 523
335 7 197 168
805 333 554 550
854 623 611 394
898 724 589 536
436 408 355 317
476 361 294 50
681 497 254 108
983 623 435 208
429 375 57 7
626 108 369 306
850 830 240 167
795 193 26 8
501 406 438 401
737 670 646 150
384 343 262 145
936 159 151 99
499 76 344 50
592 27 268 128
942 105 712 541
510 50 201 109
