100
362 338 78 6
319 293 290 50
579 413 42 34
539 200 450 29
992 914 518 238
854 487 332 86
453 306 194 191
197 89 84 32
894 851 266 237
678 557 389 282
999 704 710 620
528 351 194 178
202 119 11 3
526 197 95 33
541 516 469 466
376 171 261 223
857 22 524 245
786 160 178 131
989 41 74 8
875 429 224 24
89 1 86 9
143 43 83 75
779 359 427 419
534 270 57 28
661 497 413 230
131 61 22 7
588 257 64 51
413 117 250 61
283 192 50 45
74 35 9 7
583 507 193 10
71 33 10 9
625 55 553 238
801 799 506 207
822 347 380 156
575 378 229 123
330 70 291 220
821 58 33 15
817 374 328 90
683 466 310 211
356 276 167 22
412 44 349 289
394 234 220 169
623 30 419 24
61 17 53 13
954 8 643 416
793 383 628 431
970 792 835 626
376 367 229 42
716 591 31 6
992 349 409 384
423 280 274 49
755 152 520 405
103 32 3 1
807 667 378 89
524 252 209 153
420 226 320 228
297 241 69 35
752 407 306 51
902 552 317 260
838 480 137 99
38 6 13 6
835 169 71 63
377 240 206 158
440 429 76 39
803 275 271 266
258 121 79 65
587 47 446 289
21 21 7 4
821 281 197 74
605 257 130 32
321 205 294 133
835 197 630 505
482 332 482 16
847 759 296 222
72 66 29 8
464 96 73 18
350 274 213 24
525 333 440 20
749 636 119 64
759 4 332 149
647 325 405 149
765 740 401 98
84 49 72 63
471 434 163 102
656 81 442 295
451 354 429 80
419 49 397 136
43 39 42 1
744 358 553 159
245 191 98 84
879 442 670 21
170 131 136 16
299 67 128 7
992 212 864 188
388 255 86 82
968 399 440 116
750 630 246 56
504 262 264 231
849 680 219 218
