100
379 223 161 120
124 74 112 0
601 36 64 46
930 412 352 8
242 82 153 47
395 340 154 47
932 30 472 454
626 278 34 26
13 2 2 1
189 154 58 21
852 552 375 333
446 250 118 78
270 122 220 123
138 97 73 33
514 195 453 199
149 63 148 55
110 85 79 74
581 372 224 101
488 382 302 210
635 459 528 480
869 297 358 281
421 267 318 258
781 585 387 385
798 393 740 667
828 687 537 344
764 437 8 3
243 169 242 78
865 248 262 37
6 1 6 3
707 585 568 551
124 84 52 48
788 346 49 42
714 376 585 11
203 7 162 90
167 112 132 121
736 211 227 165
961 755 958 864
156 23 156 96
479 331 59 45
31 7 24 8
781 40 542 114
752 440 250 5
852 431 262 53
473 28 20 7
559 203 434 351
89 71 13 12
863 373 303 94
136 43 93 8
663 646 512 176
966 797 416 365
200 182 185 8
764 406 102 62
703 559 420 247
520 391 226 36
66 40 23 16
870 860 271 260
999 277 367 22
554 380 383 169
197 178 113 19
991 786 952 514
73 56 34 15
628 214 55 36
962 896 673 63
929 860 413 330
278 258 250 216
926 409 708 233
67 59 6 0
700 534 108 80
662 360 366 202
50 17 38 18
967 874 921 867
706 110 211 177
762 462 112 11
417 27 177 94
648 380 446 299
594 224 500 314
773 407 153 49
820 527 351 43
808 4 131 48
519 128 252 70
29 12 3 0
291 23 130 95
558 299 114 15
74 66 33 10
254 215 145 132
433 79 288 208
221 36 73 55
83 10 47 38
735 519 537 161
509 179 14 9
956 565 113 99
235 27 67 9
265 245 212 97
777 66 36 31
326 38 103 73
107 62 12 11
774 55 52 43
654 377 641 60
619 295 134 76
333 318 29 1
