100
1000 421 904 328
1000 209 142 21
1000 410 738 281
1000 820 959 701
1000 823 739 431
1000 36 196 119
1000 455 383 275
1000 144 389 140
1000 163 722 110
1000 719 463 276
1000 676 658 191
1000 393 668 612
1000 914 625 145
1000 489 71 33
1000 956 679 428
1000 980 678 31
1000 893 890 552
1000 605 977 479
1000 776 531 412
1000 537 129 43
1000 835 36 19
1000 264 522 293
1000 809 392 144
1000 633 81 71
1000 339 36 2
1000 971 163 14
1000 552 778 744
1000 908 427 281
1000 758 154 36
1000 153 508 478
1000 921 41 1
1000 96 442 357
1000 647 71 40
1000 466 564 105
1000 525 439 429
1000 454 694 429
1000 21 365 116
1000 184 760 318
1000 560 691 495
1000 606 962 160
1000 824 815 20
1000 945 378 363
1000 939 390 309
1000 405 708 366
1000 923 281 108
1000 902 404 341
1000 226 581 272
1000 108 211 11
1000 649 402 178
1000 746 813 159
1000 993 896 775
1000 197 260 233
1000 755 696 128
1000 662 611 208
1000 851 674 336
1000 721 245 40
1000 73 172 159
1000 772 562 274
1000 11 482 30
1000 885 846 317
1000 640 712 603
1000 874 645 620
1000 399 384 165
1000 854 277 184
1000 627 573 434
1000 512 586 450
1000 401 210 132
1000 793 786 138
1000 525 809 790
1000 949 395 198
1000 648 872 657
1000 487 515 213
1000 710 96 10
1000 534 619 386
1000 16 751 588
1000 352 712 172
1000 748 866 102
1000 272 926 503
1000 133 579 251
1000 935 258 183
1000 116 676 80
1000 856 68 31
1000 534 80 75
1000 869 648 9
1000 457 955 399
1000 272 271 109
1000 576 937 465
1000 938 626 401
1000 893 893 75
1000 788 947 230
1000 712 201 176
1000 97 81 73
1000 366 553 31
1000 116 262 176
1000 878 562 270
1000 618 919 55
1000 219 418 130
1000 412 969 212
1000 566 348 219
1000 261 844 68
