100
1000 434 361 246
1000 158 864 272
1000 859 29 3
1000 995 368 107
1000 75 388 114
1000 852 164 20
1000 9 177 97
1000 532 912 371
1000 807 189 59
1000 85 666 175
1000 680 669 380
1000 965 52 38
1000 369 581 15
1000 830 754 438
1000 356 698 61
1000 836 396 25
1000 287 866 675
1000 565 975 697
1000 140 372 159
1000 32 617 41
1000 408 399 221
1000 223 370 31
1000 158 273 229
1000 137 708 22
1000 399 907 188
1000 371 431 322
1000 641 491 111
1000 25 951 618
1000 519 4 3
1000 216 603 588
1000 331 456 250
1000 90 963 532
1000 88 908 754
1000 541 763 598
1000 389 761 476
1000 802 34 20
1000 489 812 23
1000 378 891 458
1000 396 553 492
1000 420 782 238
1000 903 895 55
1000 130 198 27
1000 441 688 672
1000 104 905 826
1000 198 74 63
1000 587 233 62
1000 412 185 152
1000 172 759 488
1000 293 986 532
1000 761 973 253
1000 461 600 252
1000 52 873 786
1000 327 781 580
1000 55 197 15
1000 331 711 547
1000 296 804 218
1000 839 997 488
1000 495 181 34
1000 649 385 128
1000 660 194 45
1000 348 442 258
1000 275 501 23
1000 270 616 173
1000 13 407 149
1000 118 391 70
1000 115 772 187
1000 764 883 23
1000 754 23 10
1000 351 407 95
1000 937 999 135
1000 211 284 89
1000 592 710 139
1000 286 144 15
1000 651 588 581
1000 174 441 291
1000 138 288 174
1000 600 303 209
1000 233 835 494
1000 703 560 498
1000 680 818 507
1000 904 421 290
1000 927 493 202
1000 536 791 683
1000 318 672 347
1000 945 786 668
1000 868 848 218
1000 826 803 145
1000 496 209 187
1000 786 569 136
1000 667 130 39
1000 409 41 6
1000 716 145 28
1000 641 540 242
1000 721 612 483
1000 7 108 99
1000 663 862 117
1000 99 745 95
1000 775 9 4
1000 448 206 184
1000 420 62 29
