100
1000 444 607 155
1000 812 40 36
1000 197 15 2
1000 551 924 715
1000 955 259 227
1000 330 313 245
1000 502 215 128
1000 207 421 220
1000 80 597 426
1000 976 877 476
1000 915 543 178
1000 818 474 219
1000 536 857 737
1000 143 266 206
1000 655 271 82
1000 843 185 127
1000 542 40 16
1000 54 588 112
1000 87 2 1
1000 729 907 869
1000 779 863 306
1000 443 815 26
1000 35 67 43
1000 764 219 75
1000 252 752 85
1000 595 441 404
1000 975 891 651
1000 670 978 374
1000 300 967 299
1000 71 558 169
1000 563 826 524
1000 336 394 168
1000 803 960 477
1000 674 297 82
1000 862 828 226
1000 947 865 305
1000 207 647 99
1000 657 432 17
1000 849 566 467
1000 280 840 287
1000 289 264 137
1000 443 889 286
1000 587 546 29
1000 186 419 66
1000 346 552 212
1000 834 780 236
1000 591 463 204
1000 738 595 435
1000 718 692 525
1000 80 728 139
1000 486 685 101
1000 828 602 528
1000 889 537 59
1000 926 713 364
1000 442 680 122
1000 361 590 168
1000 914 924 305
1000 537 338 156
1000 128 755 86
1000 492 321 254
1000 629 931 432
1000 517 143 98
1000 289 848 471
1000 401 486 286
1000 275 4 2
1000 375 661 414
1000 209 812 492
1000 283 200 86
1000 663 605 163
1000 102 29 9
1000 17 784 780
1000 229 88 8
1000 641 987 745
1000 315 181 52
1000 410 150 84
1000 420 701 381
1000 47 55 0
1000 145 441 70
1000 746 545 133
1000 547 64 2
1000 245 614 278
1000 190 754 141
1000 555 633 308
1000 271 383 247
1000 137 736 229
1000 315 166 109
1000 89 261 79
1000 165 89 22
1000 763 76 35
1000 384 151 127
1000 355 345 87
1000 872 59 1
1000 732 107 76
1000 348 183 159
1000 814 307 297
1000 640 762 644
1000 702 490 198
1000 124 924 884
1000 302 889 305
1000 615 802 457
