100
1000 457 64 50
1000 761 530 3
1000 878 306 122
1000 727 332 187
1000 975 908 263
1000 147 281 232
1000 824 10 2
1000 594 712 17
1000 956 296 76
1000 343 81 10
1000 919 786 97
1000 391 858 708
1000 759 46 45
1000 483 948 711
1000 286 523 52
1000 699 135 101
1000 935 17 3
1000 14 818 387
1000 451 842 188
1000 991 394 392
1000 119 226 69
1000 402 895 435
1000 384 947 266
1000 36 846 519
1000 312 623 195
1000 227 941 247
1000 64 603 568
1000 787 270 107
1000 829 817 511
1000 134 420 330
1000 204 241 208
1000 331 915 746
1000 244 797 718
1000 750 496 417
1000 726 149 59
1000 294 973 922
1000 675 94 2
1000 851 564 483
1000 685 661 44
1000 862 428 386
1000 368 345 154
1000 628 709 695
1000 89 844 317
1000 885 617 295
1000 621 345 153
1000 520 609 446
1000 9 835 530
1000 802 375 253
1000 131 276 146
1000 95 889 503
1000 955 388 9
1000 451 215 133
1000 461 622 279
1000 318 300 262
1000 691 717 348
1000 935 149 73
1000 680 981 143
1000 260 957 714
1000 534 659 296
1000 267 668 561
1000 337 429 96
1000 918 999 404
1000 928 312 183
1000 561 848 47
1000 998 821 638
1000 978 614 183
1000 572 486 157
1000 476 669 35
1000 489 202 61
1000 323 401 111
1000 580 196 73
1000 566 515 39
1000 449 34 19
1000 432 151 43
1000 568 840 787
1000 206 276 234
1000 899 492 94
1000 106 351 156
1000 316 526 29
1000 293 624 204
1000 33 359 70
1000 29 180 91
1000 556 344 205
1000 720 176 24
1000 625 336 133
1000 910 743 492
1000 107 359 350
1000 723 673 631
1000 656 752 538
1000 31 102 34
1000 52 186 104
1000 491 123 122
1000 775 862 835
1000 952 766 503
1000 711 84 17
1000 685 474 311
1000 351 585 48
1000 487 732 285
1000 952 979 210
1000 774 788 53
