100
1000 467 541 84
1000 647 706 575
1000 216 524 133
1000 283 889 799
1000 856 11 9
1000 393 431 402
1000 317 48 21
1000 269 220 125
1000 997 705 570
1000 234 292 150
1000 921 661 313
1000 12 513 79
1000 926 322 305
1000 796 228 13
1000 586 95 52
1000 474 924 549
1000 422 191 128
1000 734 432 417
1000 398 472 370
1000 688 452 327
1000 722 690 81
1000 621 339 195
1000 262 742 350
1000 664 357 318
1000 165 468 45
1000 450 950 227
1000 398 3 2
1000 432 297 148
1000 842 12 4
1000 989 375 331
1000 204 611 133
1000 577 113 17
1000 959 849 103
1000 882 30 4
1000 432 217 162
1000 671 804 613
1000 392 929 559
1000 362 105 58
1000 371 674 343
1000 723 486 85
1000 986 713 545
1000 709 632 157
1000 466 933 857
1000 967 898 420
1000 769 823 577
1000 534 155 106
1000 957 114 100
1000 600 211 117
1000 556 982 773
1000 183 875 641
1000 980 474 379
1000 226 176 91
1000 256 146 58
1000 189 47 13
1000 801 687 590
1000 1000 934 574
1000 754 908 839
1000 302 113 51
1000 12 29 6
1000 99 563 31
1000 618 918 530
1000 161 641 384
1000 947 544 105
1000 948 696 402
1000 924 434 118
1000 238 503 159
1000 17 415 21
1000 4 846 171
1000 800 400 189
1000 488 662 166
1000 386 696 48
1000 203 661 222
1000 805 878 287
1000 95 744 421
1000 804 549 1
1000 719 457 385
1000 346 12 6
1000 250 957 227
1000 359 279 267
1000 160 870 735
1000 374 784 748
1000 524 441 314
1000 576 954 541
1000 672 887 695
1000 49 286 60
1000 357 293 17
1000 370 816 81
1000 392 553 375
1000 634 27 19
1000 748 124 89
1000 999 490 16
1000 880 805 362
1000 866 660 643
1000 579 336 40
1000 750 51 35
1000 661 374 338
1000 953 330 116
1000 67 647 123
1000 805 430 408
1000 202 760 97
