100
1000 473 38 15
1000 6 335 78
1000 441 438 90
1000 754 593 284
1000 597 336 24
1000 301 299 143
1000 978 561 446
1000 463 482 262
1000 434 822 215
1000 418 510 508
1000 155 166 74
1000 914 205 16
1000 38 916 437
1000 850 570 313
1000 785 221 101
1000 402 783 618
1000 3 563 419
1000 214 430 164
1000 696 892 235
1000 52 312 23
1000 893 256 254
1000 100 147 110
1000 436 682 403
1000 416 54 27
1000 811 287 136
1000 266 700 578
1000 443 860 849
1000 374 59 18
1000 107 321 234
1000 637 422 300
1000 25 934 900
1000 74 990 613
1000 180 651 641
1000 304 130 74
1000 747 493 0
1000 845 358 222
1000 126 152 20
1000 959 287 34
1000 673 605 529
1000 630 12 8
1000 909 370 308
1000 918 426 400
1000 718 582 572
1000 432 497 177
1000 791 988 539
1000 109 954 434
1000 666 300 137
1000 132 869 577
1000 994 274 216
1000 806 224 71
1000 330 942 220
1000 154 483 144
1000 42 804 363
1000 2 957 736
1000 542 821 173
1000 787 713 563
1000 137 936 454
1000 663 807 614
1000 332 97 46
1000 218 236 94
1000 472 167 52
1000 246 69 52
1000 883 544 229
1000 28 493 79
1000 285 843 677
1000 156 96 19
1000 315 135 115
1000 101 965 76
1000 597 198 19
1000 366 349 293
1000 667 518 306
1000 140 990 351
1000 477 518 284
1000 538 729 441
1000 883 510 55
1000 497 477 454
1000 388 847 618
1000 114 796 143
1000 644 269 233
1000 148 266 98
1000 268 656 300
1000 444 770 645
1000 76 926 285
1000 897 283 155
1000 177 586 144
1000 423 581 162
1000 879 634 599
1000 171 729 72
1000 696 365 111
1000 72 215 65
1000 731 794 471
1000 573 569 492
1000 4 38 8
1000 765 128 90
1000 699 440 389
1000 800 230 207
1000 277 493 357
1000 633 667 33
1000 630 475 28
1000 665 253 60
