100
1000 487 496 124
1000 955 57 16
1000 123 729 34
1000 930 1 0
1000 617 985 798
1000 350 499 403
1000 533 124 30
1000 851 773 745
1000 310 521 358
1000 784 714 498
1000 159 409 397
1000 487 589 341
1000 493 105 72
1000 190 252 125
1000 417 241 191
1000 257 733 109
1000 397 539 249
1000 175 427 195
1000 60 732 258
1000 314 799 547
1000 465 619 158
1000 59 227 2
1000 785 562 513
1000 920 914 787
1000 871 158 53
1000 898 969 142
1000 299 572 97
1000 491 584 104
1000 869 170 23
1000 699 285 9
1000 667 350 347
1000 69 510 433
1000 621 720 409
1000 380 97 52
1000 611 815 208
1000 193 466 405
1000 595 599 399
1000 153 418 145
1000 509 467 450
1000 212 600 283
1000 989 450 74
1000 103 247 140
1000 989 880 29
1000 363 694 402
1000 66 780 588
1000 795 16 6
1000 84 903 297
1000 196 650 76
1000 406 626 169
1000 821 385 266
1000 798 645 343
1000 9 96 66
1000 613 657 516
1000 162 543 235
1000 23 858 615
1000 362 273 159
1000 135 761 727
1000 386 426 61
1000 970 768 141
1000 994 584 78
1000 180 897 841
1000 647 925 185
1000 522 776 438
1000 956 622 289
1000 7 660 398
1000 759 282 105
1000 677 809 338
1000 294 433 242
1000 424 796 192
1000 586 721 158
1000 998 929 237
1000 477 185 125
1000 285 565 412
1000 654 698 262
1000 42 200 158
1000 515 52 2
1000 240 284 81
1000 75 938 857
1000 445 250 147
1000 894 595 362
1000 288 401 365
1000 514 195 126
1000 78 637 534
1000 346 76 6
1000 665 186 117
1000 19 159 90
1000 897 732 575
1000 729 313 81
1000 589 42 36
1000 951 166 85
1000 660 634 409
1000 425 633 111
1000 48 793 116
1000 601 710 271
1000 596 218 37
1000 614 174 88
1000 158 588 436
1000 996 476 391
1000 513 333 68
1000 824 239 192
