100
1000 493 993 77
1000 314 686 107
1000 347 874 446
1000 634 705 602
1000 359 310 254
1000 258 367 46
1000 194 637 515
1000 45 35 26
1000 516 639 9
1000 968 700 534
1000 161 915 268
1000 389 281 107
1000 604 699 689
1000 476 594 35
1000 616 366 245
1000 185 592 324
1000 978 911 585
1000 655 658 2
1000 358 152 95
1000 446 427 282
1000 635 184 66
1000 539 267 12
1000 960 271 265
1000 671 843 194
1000 517 978 255
1000 714 719 550
1000 344 428 197
1000 665 114 19
1000 133 711 111
1000 347 332 15
1000 256 674 128
1000 566 387 158
1000 842 523 176
1000 801 197 97
1000 927 860 39
1000 367 20 19
1000 329 822 242
1000 750 368 112
1000 811 399 376
1000 119 895 662
1000 912 107 93
1000 312 273 99
1000 240 529 149
1000 596 293 19
1000 87 176 97
1000 138 815 546
1000 793 89 34
1000 728 540 158
1000 612 918 816
1000 445 965 899
1000 148 880 131
1000 705 403 382
1000 399 315 269
1000 975 220 39
1000 763 760 344
1000 149 52 28
1000 518 789 229
1000 516 120 46
1000 289 836 50
1000 881 258 59
1000 34 146 141
1000 731 353 246
1000 458 8 2
1000 36 419 216
1000 369 69 16
1000 444 642 476
1000 974 761 406
1000 390 552 400
1000 453 594 158
1000 696 407 42
1000 279 519 507
1000 414 514 60
1000 189 205 147
1000 97 683 69
1000 121 929 294
1000 292 840 791
1000 50 119 8
1000 939 8 2
1000 730 240 210
1000 883 991 330
1000 182 273 87
1000 434 524 316
1000 347 377 86
1000 570 704 440
1000 25 486 178
1000 317 448 124
1000 406 549 508
1000 508 721 204
1000 652 380 104
1000 274 258 195
1000 624 170 113
1000 118 165 5
1000 185 170 38
1000 787 269 240
1000 545 606 124
1000 753 30 7
1000 482 751 295
1000 561 496 3
1000 338 378 76
1000 288 732 165
