100
1000 503 470 117
1000 200 862 821
1000 685 92 9
1000 958 262 200
1000 239 181 137
1000 504 517 100
1000 687 675 549
1000 951 544 301
1000 789 47 33
1000 627 911 746
1000 164 789 11
1000 10 935 272
1000 771 975 549
1000 789 106 43
1000 916 939 232
1000 193 380 40
1000 465 317 213
1000 143 272 184
1000 73 14 1
1000 143 717 458
1000 6 648 580
1000 758 712 116
1000 606 297 4
1000 299 122 113
1000 370 823 281
1000 938 728 25
1000 910 828 257
1000 310 141 13
1000 914 674 183
1000 202 287 168
1000 487 43 17
1000 812 585 480
1000 789 574 5
1000 934 730 284
1000 632 927 429
1000 744 851 11
1000 814 658 284
1000 29 909 112
1000 496 411 30
1000 747 952 745
1000 530 475 163
1000 393 196 4
1000 617 386 236
1000 678 575 148
1000 236 655 288
1000 384 361 62
1000 972 368 156
1000 294 144 136
1000 38 624 35
1000 532 952 170
1000 174 966 845
1000 480 363 185
1000 194 71 34
1000 846 968 372
1000 874 962 787
1000 446 837 166
1000 592 716 98
1000 558 276 11
1000 767 206 143
1000 713 384 155
1000 83 635 609
1000 206 995 537
1000 477 240 132
1000 423 267 39
1000 295 682 6
1000 704 532 44
1000 420 458 229
1000 919 729 425
1000 764 792 326
1000 861 669 311
1000 317 251 83
1000 51 661 279
1000 545 48 24
1000 993 276 92
1000 356 638 312
1000 805 253 169
1000 498 639 120
1000 83 383 290
1000 773 226 88
1000 750 237 121
1000 523 698 521
1000 697 785 430
1000 598 218 50
1000 523 415 83
1000 217 668 56
1000 764 997 869
1000 669 6 3
1000 177 601 552
1000 629 887 181
1000 991 279 86
1000 339 242 6
1000 507 847 590
1000 276 968 584
1000 415 72 57
1000 583 574 345
1000 729 930 780
1000 85 496 104
1000 142 410 129
1000 191 62 3
1000 715 704 601
