100
1000 516 928 709
1000 149 352 296
1000 135 151 61
1000 366 670 480
1000 259 830 490
1000 320 485 138
1000 9 470 215
1000 107 67 0
1000 665 746 618
1000 993 346 148
1000 400 800 291
1000 583 320 164
1000 994 164 124
1000 129 788 584
1000 315 190 156
1000 48 99 96
1000 626 61 3
1000 103 269 114
1000 669 854 456
1000 637 204 152
1000 578 11 9
1000 717 560 316
1000 187 945 230
1000 571 981 30
1000 662 693 405
1000 570 229 29
1000 767 541 211
1000 427 665 583
1000 676 524 105
1000 265 150 47
1000 129 459 410
1000 806 338 256
1000 998 411 273
1000 10 930 126
1000 264 249 224
1000 92 191 7
1000 282 104 71
1000 223 40 19
1000 101 506 373
1000 561 773 347
1000 609 556 33
1000 578 16 3
1000 888 684 518
1000 609 772 13
1000 511 215 38
1000 70 191 11
1000 390 739 33
1000 358 924 640
1000 682 208 85
1000 547 112 86
1000 642 669 340
1000 336 977 859
1000 765 924 689
1000 238 555 22
1000 355 999 538
1000 788 397 92
1000 358 773 682
1000 281 895 493
1000 174 110 71
1000 488 500 40
1000 791 365 278
1000 375 850 298
1000 348 472 156
1000 583 628 35
1000 17 499 176
1000 539 717 463
1000 782 363 137
1000 112 966 798
1000 590 390 262
1000 850 41 33
1000 648 662 451
1000 156 87 3
1000 120 96 29
1000 109 246 17
1000 515 328 305
1000 592 828 807
1000 350 308 193
1000 812 524 403
1000 343 975 740
1000 495 797 598
1000 311 443 142
1000 768 210 130
1000 368 698 390
1000 972 208 36
1000 705 268 229
1000 360 575 453
1000 687 104 25
1000 735 953 247
1000 522 563 481
1000 870 462 188
1000 35 314 94
1000 126 911 285
1000 320 723 401
1000 19 423 394
1000 481 351 165
1000 774 873 480
1000 966 591 306
1000 273 219 24
1000 73 920 724
1000 642 690 683
