100
1000 529 153 5
1000 98 75 57
1000 816 442 413
1000 541 78 72
1000 510 479 402
1000 137 453 334
1000 332 265 139
1000 495 358 306
1000 309 214 96
1000 360 550 194
1000 403 43 29
1000 155 704 114
1000 449 121 92
1000 469 471 441
1000 946 210 197
1000 904 49 14
1000 20 38 11
1000 64 266 158
1000 33 694 17
1000 900 692 175
1000 151 142 106
1000 908 408 268
1000 536 826 70
1000 75 609 99
1000 722 564 70
1000 202 497 157
1000 856 485 433
1000 543 957 670
1000 205 374 229
1000 560 12 4
1000 539 106 37
1000 801 859 388
1000 439 480 340
1000 853 129 44
1000 128 570 213
1000 440 299 108
1000 751 551 516
1000 649 172 128
1000 937 368 60
1000 143 593 21
1000 456 637 387
1000 763 604 514
1000 391 982 485
1000 308 969 503
1000 786 8 5
1000 988 20 8
1000 808 111 83
1000 422 705 154
1000 326 560 454
1000 562 41 3
1000 342 605 283
1000 959 591 240
1000 337 9 2
1000 399 141 98
1000 836 35 5
1000 363 188 138
1000 124 830 736
1000 4 515 1
1000 812 13 5
1000 496 848 108
1000 499 863 796
1000 776 706 475
1000 987 704 372
1000 510 990 114
1000 740 316 311
1000 142 670 434
1000 377 37 5
1000 73 434 375
1000 185 755 634
1000 70 645 143
1000 210 74 70
1000 493 514 413
1000 928 143 28
1000 994 215 19
1000 906 18 15
1000 378 403 367
1000 202 746 480
1000 772 434 146
1000 912 955 589
1000 241 125 55
1000 99 188 174
1000 607 635 596
1000 369 409 57
1000 421 1 0
1000 193 868 342
1000 955 152 134
1000 704 970 573
1000 293 537 400
1000 415 7 6
1000 517 413 152
1000 964 155 35
1000 745 975 570
1000 363 711 351
1000 623 5 0
1000 378 129 1
1000 588 585 141
1000 614 918 827
1000 636 27 11
1000 723 10 5
1000 801 677 22
