100
1000 542 379 121
1000 47 565 209
1000 266 733 194
1000 717 487 112
1000 762 129 119
1000 185 421 142
1000 887 59 17
1000 883 882 640
1000 185 681 83
1000 727 754 436
1000 639 54 2
1000 727 320 257
1000 672 309 103
1000 810 154 153
1000 346 462 211
1000 759 767 579
1000 181 14 8
1000 24 496 323
1000 629 534 417
1000 163 179 137
1000 723 505 142
1000 867 488 477
1000 884 706 698
1000 579 468 112
1000 782 435 397
1000 834 997 65
1000 712 197 41
1000 660 481 438
1000 735 223 21
1000 623 107 4
1000 181 521 43
1000 564 612 516
1000 880 317 100
1000 929 96 21
1000 991 892 643
1000 787 407 101
1000 219 766 519
1000 843 304 78
1000 773 231 103
1000 957 182 75
1000 536 717 448
1000 949 424 305
1000 894 280 28
1000 239 166 0
1000 61 569 396
1000 673 82 44
1000 226 714 340
1000 486 254 112
1000 738 912 183
1000 809 202 137
1000 811 308 251
1000 814 205 35
1000 909 862 559
1000 792 727 326
1000 316 72 31
1000 937 747 727
1000 122 655 613
1000 727 902 10
1000 450 917 503
1000 271 195 15
1000 207 593 419
1000 177 562 307
1000 858 168 76
1000 438 352 80
1000 462 134 13
1000 745 856 352
1000 739 710 634
1000 266 671 545
1000 11 352 284
1000 58 18 2
1000 541 485 177
1000 599 709 438
1000 736 190 10
1000 111 185 16
1000 65 708 361
1000 164 210 129
1000 286 183 163
1000 733 575 6
1000 714 936 519
1000 986 686 51
1000 887 933 412
1000 446 61 10
1000 139 121 4
1000 870 26 18
1000 681 468 347
1000 319 730 36
1000 722 68 41
1000 851 120 6
1000 308 683 266
1000 396 596 419
1000 661 995 469
1000 364 271 240
1000 639 466 218
1000 459 356 112
1000 507 906 559
1000 633 529 444
1000 495 244 200
1000 999 68 65
1000 606 100 27
1000 960 895 751
