100
15 49
93 86
54 50
64 59
7 88
47 70
38 21
26 35
29 44
1 7
40 84
36 65
6 27
19 42
26 66
29 15
5 71
27 11
80 40
51 13
12 52
44 19
94 100
52 10
100 58
34 18
60 68
33 77
97 48
68 36
79 74
8 90
7 12
43 76
65 17
76 56
85 69
33 60
7 4
31 51
53 67
11 78
92 62
73 72
61 47
72 2
40 54
98 82
59 24
38 81
20 39
71 73
37 34
44 79
81 41
15 95
58 80
99 75
61 29
9 8
50 25
91 31
1 53
77 89
31 30
39 22
41 83
18 9
23 61
78 5
62 87
33 20
26 23
86 43
25 99
26 32
98 93
88 38
21 46
87 91
82 97
84 37
88 55
98 94
96 85
95 57
95 14
3 16
17 28
75 45
74 96
1 92
14 33
51 98
28 63
46 64
88 26
69 6
95 3
100
1 73 69
1 38 7
0 17 60
1 30 20
0 25 34
0 10 27
1 58 52
1 16 29
0 86 58
0 88 3
0 33 3
0 86 43
0 86 94
0 33 17
1 83 96
1 56 93
1 53 34
0 100 52
0 17 77
1 28 60
1 89 63
0 55 84
0 70 44
1 19 79
1 85 60
1 58 87
0 53 85
1 6 39
1 10 83
1 90 9
1 11 74
0 9 97
1 55 42
0 88 81
1 56 80
0 9 37
0 5 11
0 80 55
1 50 97
1 10 92
1 8 7
1 19 98
1 20 68
1 78 83
0 7 1
0 37 13
0 30 15
0 14 47
1 2 96
1 59 19
0 35 71
1 34 89
1 47 11
0 8 41
1 5 63
1 30 53
1 59 42
1 98 25
0 84 31
0 68 17
0 23 2
0 5 22
1 25 80
1 53 76
0 93 54
1 86 25
1 87 64
0 53 30
1 59 38
1 52 2
0 94 19
0 12 59
0 14 1
1 52 94
1 48 59
1 47 49
1 22 89
0 86 43
0 13 31
0 60 23
0 12 21
1 51 88
0 73 78
1 11 65
0 53 67
0 36 48
0 3 32
1 28 60
0 64 46
1 61 7
1 13 69
0 24 83
1 64 38
0 62 14
1 63 61
1 54 29
1 53 67
0 2 69
0 3 61
0 81 2
