1000
961 882
914 48
668 14
971 466
19 595
64 537
227 146
494 255
409 218
636 517
334 976
413 665
765 633
195 308
380 799
360 754
954 162
130 80
648 453
755 908
349 398
462 719
665 605
176 465
313 623
411 5
707 339
527 151
5 897
945 174
37 182
706 745
916 742
56 61
695 485
814 704
525 24
461 483
879 77
85 663
801 122
660 90
415 185
555 7
1 780
227 980
263 624
363 241
938 425
65 611
16 348
727 827
425 427
247 705
730 423
670 117
803 142
944 541
229 866
804 538
7 569
532 443
628 41
969 781
170 761
684 723
450 228
901 51
490 775
451 802
468 20
598 979
947 583
788 242
964 299
645 528
523 669
526 273
884 499
234 13
896 402
623 803
979 163
72 844
923 927
460 17
679 411
221 570
659 104
556 771
475 751
591 137
297 874
643 82
686 38
355 766
456 111
119 259
12 915
586 478
785 746
120 181
943 286
293 119
2 688
600 138
907 594
395 67
632 87
358 668
123 941
516 672
978 124
835 379
54 208
515 857
965 73
335 105
249 850
15 546
973 481
466 764
644 474
190 75
439 215
73 397
759 584
898 842
575 604
359 921
159 593
57 153
521 211
678 91
46 578
865 406
90 361
877 933
982 890
756 988
420 471
847 206
377 628
738 457
683 410
906 249
88 319
855 209
352 614
988 565
480 943
4 456
582 439
918 201
55 596
596 315
13 513
624 760
368 192
736 155
286 916
717 45
956 516
620 901
145 79
103 709
699 113
418 796
655 238
486 224
674 945
447 324
530 420
858 389
888 532
10 350
578 53
820 518
386 253
180 820
29 496
609 279
630 773
545 809
496 94
912 123
6 815
826 800
324 385
753 969
50 910
488 275
400 732
518 463
301 922
593 4
544 522
537 42
66 309
317 408
284 409
257 32
963 698
182 183
705 270
265 16
889 554
519 731
222 108
162 302
393 530
153 239
109 422
87 630
650 757
534 216
303 832
472 658
236 884
742 816
829 475
322 310
976 923
871 501
796 374
500 269
781 60
831 467
53 136
423 448
557 376
232 533
977 338
51 504
666 608
608 399
129 739
76 580
881 505
928 772
703 878
828 822
375 290
3 804
455 452
272 109
861 807
621 765
115 552
108 449
815 797
758 997
476 421
794 371
554 412
681 686
121 839
629 313
574 870
244 588
341 670
827 316
675 769
384 631
723 336
592 202
897 494
314 855
712 918
49 125
639 37
905 872
520 198
806 942
613 678
836 655
770 900
504 892
955 250
908 447
80 503
398 557
379 905
239 23
483 987
546 351
709 26
967 98
457 35
812 171
331 260
282 770
148 727
775 931
694 849
922 472
903 156
351 354
993 971
634 419
445 974
463 391
254 691
580 808
312 31
832 862
118 231
137 990
652 680
805 675
673 747
740 164
332 779
75 271
144 115
315 277
374 18
924 947
499 6
654 937
142 265
627 78
892 829
259 695
926 821
700 526
910 345
913 798
853 368
733 212
168 920
547 152
446 560
502 329
764 311
823 482
430 235
136 607
214 175
266 220
223 869
677 833
342 367
193 728
131 492
40 576
606 767
539 509
692 360
565 701
414 555
283 662
396 320
111 62
864 707
669 268
125 725
810 647
428 858
59 756
685 893
338 622
240 274
780 166
169 33
388 233
919 992
933 335
653 632
960 961
95 889
43 968
264 635
809 15
48 598
672 116
104 353
218 186
564 863
567 114
581 817
325 292
39 167
20 660
378 317
24 47
663 381
779 540
531 619
84 344
34 573
883 511
931 161
361 508
105 542
633 30
412 590
548 599
350 912
214 653
941 71
904 572
469 237
989 825
748 617
560 676
383 735
838 251
558 881
510 865
555 823
178 70
549 587
538 970
329 523
631 246
792 514
242 637
992 64
369 267
900 126
62 603
128 72
599 29
471 346
251 879
725 831
920 101
96 535
458 568
825 129
427 618
893 907
975 577
385 294
776 706
192 401
972 373
777 600
741 899
506 264
760 347
876 903
183 620
132 40
752 950
448 451
751 512
800 871
995 43
191 341
404 102
41 638
61 520
691 461
101 738
433 574
8 68
216 46
45 993
875 187
102 172
808 2
866 671
217 755
698 718
493 972
541 877
602 939
782 640
143 200
843 685
200 904
362 143
60 895
204 150
584 337
247 349
577 285
872 278
656 948
671 386
124 752
197 176
44 416
276 985
846 134
306 697
572 502
746 154
774 536
42 86
497 736
133 476
290 312
983 597
854 388
981 415
597 699
302 828
513 21
529 551
576 297
14 683
67 118
807 667
857 289
35 282
540 50
890 814
821 100
416 935
419 953
950 819
277 851
86 470
343 854
226 664
327 39
536 140
860 529
230 413
470 710
376 159
595 867
27 606
720 795
321 328
934 642
154 609
909 986
994 256
201 788
205 810
615 919
487 490
716 369
318 548
773 306
768 300
517 545
23 715
569 703
743 330
11 455
238 838
394 684
767 188
107 888
819 121
158 395
30 914
280 790
63 649
664 418
464 932
662 740
173 199
501 836
248 966
528 991
959 999
603 352
184 495
267 784
390 627
784 383
744 977
354 724
721 837
261 794
465 929
802 436
422 19
287 128
508 464
833 248
224 581
841 774
149 266
220 254
590 127
561 571
213 534
799 258
714 141
874 10
583 437
592 729
417 835
789 944
245 295
795 644
522 689
980 984
100 179
212 343
52 880
434 288
550 791
797 500
288 913
641 365
625 66
722 293
139 674
970 244
188 785
868 486
410 681
106 643
813 205
122 636
942 750
58 74
482 753
786 951
917 226
237 377
734 3
163 63
336 563
99 257
542 96
399 556
207 717
585 281
459 392
932 307
726 488
474 9
612 694
940 847
849 210
927 726
856 711
269 963
74 864
89 967
772 964
987 801
837 515
371 54
491 616
206 157
957 405
766 225
594 625
915 363
166 304
481 955
958 382
366 323
880 27
509 924
337 856
171 194
320 885
81 553
579 450
618 846
937 652
437 362
739 995
26 741
151 438
559 721
894 928
658 582
535 479
233 92
289 229
218 579
429 840
688 868
724 666
198 393
822 575
588 22
281 462
421 95
999 232
308 493
291 28
512 826
840 204
298 396
568 654
583 120
1000 793
842 196
646 946
887 301
172 585
895 247
390 234
697 243
243 460
830 169
749 287
696 506
110 283
732 661
126 372
258 561
845 342
614 758
112 998
750 468
769 284
21 55
152 56
114 407
974 261
424 197
811 36
787 650
715 404
316 983
82 291
610 149
882 722
622 818
345 543
97 734
83 144
851 956
968 615
211 612
357 207
619 601
757 440
498 564
436 853
305 498
867 193
147 370
899 322
754 332
983 445
984 673
294 252
328 621
850 318
189 591
391 364
70 861
651 531
997 25
134 1000
241 321
304 559
495 886
31 639
735 333
551 730
713 177
869 52
408 303
215 792
563 519
333 925
873 103
165 81
956 178
262 195
957 89
25 716
235 487
431 110
382 429
543 132
113 227
93 981
199 165
127 173
9 830
326 651
570 145
649 952
862 305
870 845
911 191
640 446
435 8
373 84
370 562
473 69
68 954
150 737
444 960
848 400
719 841
761 158
467 539
533 965
731 276
886 848
566 93
260 789
953 334
392 489
438 813
348 690
902 170
116 133
160 629
728 180
996 702
708 824
186 131
737 480
449 926
203 222
228 883
553 219
966 85
642 387
401 435
793 525
79 930
452 433
253 189
47 940
274 432
340 130
182 549
718 65
364 812
219 524
617 909
637 359
18 713
798 190
161 978
503 602
273 834
209 911
816 240
939 759
167 748
138 325
309 958
300 507
704 873
194 811
155 902
255 714
275 645
407 331
962 414
231 375
946 959
344 613
365 272
403 380
477 221
647 139
479 358
998 550
573 97
891 394
626 262
796 938
441 327
389 898
562 34
285 989
177 896
252 99
78 626
839 783
397 527
299 49
710 712
71 454
36 58
844 544
745 891
442 641
605 906
372 431
930 805
92 510
859 708
381 355
791 135
77 83
67 679
146 340
991 441
689 973
657 214
256 634
271 982
225 682
250 696
484 693
701 586
589 656
604 213
454 403
453 263
432 491
680 936
140 743
729 217
278 357
949 148
763 720
635 521
187 894
296 592
524 996
936 566
181 876
443 366
270 657
929 484
925 57
426 473
952 378
307 426
834 806
762 11
985 762
69 934
511 589
17 430
587 230
210 147
185 76
22 223
353 458
818 59
990 497
330 469
208 875
638 314
117 646
878 477
478 687
682 160
94 786
141 326
367 962
852 547
440 994
885 733
690 610
711 917
347 280
339 975
406 12
514 692
311 298
951 390
387 428
156 434
402 677
405 852
28 384
948 107
571 112
319 442
202 957
824 777
38 887
175 236
702 749
661 778
817 356
505 659
921 444
157 648
783 860
552 700
164 558
611 859
196 88
863 768
91 949
98 424
135 417
607 168
268 296
174 44
346 459
616 744
289 763
279 245
771 203
601 567
747 106
295 787
778 782
489 843
32 776
292 184
1000
0 584 340
0 644 212
0 456 778
0 324 701
0 262 775
0 945 139
0 519 891
0 402 457
0 45 278
0 162 852
0 497 386
1 410 260
1 762 324
1 787 245
1 284 894
1 630 490
0 939 246
1 696 955
0 497 666
0 562 481
1 626 888
1 932 282
1 792 410
0 408 12
1 357 71
1 690 85
0 925 878
1 332 439
1 328 311
0 409 342
0 20 942
0 709 271
0 115 379
0 28 291
1 722 863
0 909 91
0 526 826
1 588 97
0 308 645
1 263 938
1 41 982
1 33 994
0 632 235
0 248 602
1 117 341
0 410 715
1 128 889
1 368 225
1 859 611
1 421 277
1 584 511
0 863 832
1 157 427
0 156 181
1 773 443
1 127 315
0 314 330
1 796 28
1 890 174
1 285 74
0 986 334
0 813 341
1 368 124
0 468 519
0 487 653
0 405 716
0 39 440
1 108 608
0 836 440
1 119 882
0 54 373
1 123 105
0 251 475
0 891 662
0 910 686
0 172 975
0 924 353
1 345 839
1 945 14
1 564 649
1 512 624
1 999 592
1 904 669
1 196 898
0 555 336
1 189 51
0 193 422
0 287 244
0 639 497
1 399 517
0 966 248
1 281 57
0 345 301
1 175 318
1 317 408
1 367 684
0 903 44
1 321 764
0 920 46
1 477 574
1 464 774
0 343 304
1 58 280
0 165 951
0 982 271
0 765 233
1 274 814
1 233 601
0 676 136
1 924 467
0 375 231
1 943 985
1 717 561
1 318 182
1 609 746
0 870 276
1 32 787
1 911 209
0 956 851
1 976 154
1 696 250
1 926 122
0 396 379
1 231 366
0 787 295
0 69 359
0 8 819
1 737 907
0 268 329
1 714 494
0 434 181
1 54 445
1 905 714
1 430 17
1 693 296
1 758 778
0 90 273
1 762 330
0 164 53
0 853 839
1 737 429
1 198 592
0 423 974
0 820 79
1 500 580
0 896 602
0 935 674
1 470 968
0 285 41
1 410 14
0 706 908
0 691 744
0 744 500
1 412 896
0 499 868
0 145 826
1 857 583
1 179 546
0 854 952
1 250 661
1 30 406
0 252 988
1 73 209
0 451 752
1 504 220
0 522 554
1 685 405
0 460 270
1 679 21
1 800 980
1 598 241
1 6 486
1 114 601
0 794 678
1 564 30
0 20 655
0 934 660
0 499 306
1 565 284
0 776 32
1 456 629
0 928 613
1 954 368
1 596 249
0 160 18
1 569 452
0 55 665
0 781 969
1 429 938
1 492 675
1 201 42
1 313 663
0 204 392
1 966 226
0 247 748
0 807 55
0 882 896
1 391 88
0 535 601
1 476 334
0 163 406
0 731 257
0 718 963
0 849 544
0 877 260
0 382 420
1 389 607
1 292 195
1 668 358
0 487 773
0 92 630
0 754 922
0 592 143
0 675 587
1 323 589
0 948 492
0 482 443
1 348 402
0 599 375
1 755 744
1 472 144
1 190 156
1 699 497
0 279 154
0 148 619
0 31 847
0 276 731
1 815 87
1 856 503
0 962 342
1 851 315
0 117 341
1 809 149
0 300 507
0 668 601
0 981 936
0 648 47
1 125 208
1 348 507
1 279 621
1 104 283
0 718 975
1 236 936
0 309 346
1 656 468
1 571 403
1 110 46
1 499 580
0 922 79
1 842 389
0 987 149
1 401 529
0 623 402
1 672 136
1 68 551
1 812 196
0 888 589
1 952 363
0 933 944
0 481 388
1 749 562
0 651 722
0 990 420
0 850 256
1 154 575
1 846 904
0 45 561
1 605 158
0 653 948
0 822 368
0 290 866
0 88 959
0 801 461
1 456 782
1 98 598
1 451 874
0 241 12
1 884 580
1 625 594
0 560 166
1 9 829
0 724 690
0 183 263
0 904 200
0 114 619
0 496 375
1 564 863
0 911 774
0 105 274
1 348 325
0 466 859
1 367 985
0 728 867
0 373 39
0 687 816
1 252 38
1 505 738
1 657 938
0 228 131
1 812 191
1 758 923
1 995 87
0 754 472
0 721 172
0 160 85
0 990 795
1 598 343
1 336 864
0 248 418
0 306 289
0 818 742
1 506 522
0 242 712
0 87 7
1 575 433
1 284 79
0 614 603
1 127 516
0 951 473
1 507 772
0 333 502
0 659 881
1 73 499
0 442 962
1 916 840
0 675 962
0 230 995
0 729 565
1 197 583
1 806 879
0 492 221
1 122 987
1 483 629
0 46 403
0 479 174
0 83 355
0 288 926
1 891 257
0 167 17
0 694 522
1 38 422
1 360 215
0 423 679
0 277 596
1 508 90
1 833 939
0 188 869
1 807 77
0 561 403
1 282 920
0 961 86
1 701 286
0 571 67
0 318 230
1 994 746
1 234 318
0 358 260
0 252 190
0 825 975
1 599 249
0 907 520
0 764 971
0 561 524
1 675 845
1 51 901
1 199 898
1 609 538
0 673 322
0 432 392
1 251 836
0 458 35
1 350 456
1 123 132
1 532 930
0 859 6
0 709 271
0 210 481
1 732 698
1 634 757
0 640 325
1 321 854
0 303 952
0 141 494
1 94 496
0 952 48
1 273 501
0 739 74
1 879 504
0 42 339
0 89 202
0 47 846
1 174 964
0 754 358
1 82 747
1 917 3
1 615 36
0 511 221
1 879 475
0 594 420
1 430 60
1 620 1000
0 104 891
1 931 490
0 612 287
1 798 732
1 221 7
1 655 800
0 251 504
0 826 453
0 179 771
1 134 821
1 968 811
0 106 745
0 726 746
0 516 611
0 186 218
1 331 119
1 369 614
1 840 471
1 407 411
1 863 768
0 900 457
0 70 94
1 199 516
0 1 108
0 269 280
0 682 248
0 144 892
1 577 943
1 818 204
0 883 79
0 787 723
1 682 631
1 408 303
1 737 309
0 117 191
1 613 373
0 612 660
0 217 361
1 839 124
0 606 370
1 334 245
0 653 525
1 542 141
1 866 289
0 116 807
0 383 456
1 917 759
1 905 84
1 164 410
0 336 217
0 152 471
1 761 169
0 754 600
1 118 761
1 356 937
0 488 245
0 185 955
0 586 988
1 105 576
1 37 395
0 90 934
1 686 548
0 767 223
0 897 722
1 138 539
1 683 789
1 570 703
0 447 687
1 24 161
0 592 143
1 500 224
1 307 468
0 191 281
1 10 514
0 358 877
1 731 958
1 388 207
0 689 330
1 743 536
0 775 958
1 499 566
1 209 140
1 159 292
1 126 53
1 950 773
0 915 466
0 76 505
0 574 706
1 274 346
0 674 533
1 286 943
1 195 617
0 858 90
0 646 835
1 477 702
0 622 404
0 13 549
0 739 812
0 529 153
0 819 107
0 684 190
1 984 227
1 856 800
1 624 793
0 609 309
1 598 979
1 837 979
1 273 879
1 875 974
1 626 627
0 454 132
0 406 510
1 764 831
1 241 363
0 176 957
1 597 700
1 656 542
1 399 608
1 551 235
1 826 347
1 823 616
1 976 732
1 310 931
1 489 405
1 922 38
1 165 70
1 437 462
1 553 199
0 363 311
0 617 636
0 614 62
0 907 937
0 361 961
0 476 530
0 273 275
1 551 401
0 982 139
1 639 158
1 413 44
0 36 754
0 806 921
1 22 61
0 845 11
1 69 464
1 669 831
1 60 228
1 802 839
0 193 642
0 434 850
0 934 565
1 632 366
1 689 23
0 428 660
0 580 164
1 327 283
0 252 830
0 768 303
1 668 335
1 199 516
0 101 578
0 746 671
1 587 170
1 490 697
1 753 536
1 390 182
0 652 104
0 700 115
1 889 636
0 403 874
1 607 911
0 270 366
1 800 751
0 583 208
0 935 139
1 435 401
1 550 576
1 220 564
0 318 605
0 114 485
1 310 913
1 631 384
1 719 462
1 807 29
0 213 822
1 201 992
0 491 286
0 775 487
0 144 838
0 473 404
1 845 703
0 515 304
0 139 959
1 984 741
1 10 754
1 773 781
0 282 302
0 361 660
0 303 598
1 64 33
0 31 681
0 510 98
1 69 610
0 168 8
0 538 849
0 928 888
1 425 724
0 512 157
0 592 539
1 634 816
0 646 743
0 471 484
0 71 170
1 985 324
1 883 477
1 204 893
1 377 639
1 374 340
1 831 392
0 355 490
1 814 9
0 360 493
0 260 326
1 457 136
0 523 143
0 374 759
0 640 782
1 944 218
0 300 408
1 800 157
1 692 38
1 178 786
1 776 701
0 990 229
1 187 40
0 477 574
1 460 247
0 722 961
1 908 884
0 965 469
1 977 916
1 910 332
0 467 180
0 438 53
0 282 193
0 121 161
1 565 432
0 21 627
1 948 769
0 955 553
0 785 953
1 59 916
1 613 617
0 237 313
1 62 703
0 519 257
0 607 998
0 711 82
1 196 265
1 518 422
1 631 679
1 139 813
0 167 39
0 836 512
0 851 13
1 300 649
0 772 261
1 483 610
0 98 523
1 137 488
0 682 833
1 980 704
1 200 725
0 269 2
0 380 403
0 251 836
1 953 419
0 295 609
1 205 151
1 70 333
0 817 415
1 194 518
1 661 718
1 594 56
1 482 948
0 146 496
0 753 131
0 827 883
1 367 891
0 920 492
0 867 88
1 340 384
1 302 435
1 894 935
1 19 485
1 965 855
1 627 39
1 362 543
0 124 568
1 25 560
0 823 345
1 704 903
0 104 881
1 74 867
0 354 632
0 615 36
0 660 238
1 746 880
1 671 166
1 790 298
0 132 754
0 213 448
0 949 308
1 394 755
1 489 471
1 607 368
1 263 793
1 740 283
0 893 61
0 205 329
0 974 445
0 394 891
1 480 550
1 5 78
1 865 311
1 117 192
0 569 414
1 229 237
1 254 79
0 644 181
1 590 133
0 357 135
1 150 530
0 454 10
1 819 461
0 690 926
0 63 12
0 621 456
0 325 963
1 203 809
1 446 76
0 146 113
0 143 831
0 875 949
0 254 622
0 162 853
0 292 902
1 838 620
0 471 716
0 186 414
1 808 981
1 125 208
0 592 733
1 393 405
1 971 872
0 432 169
1 947 924
0 912 792
0 292 600
1 481 81
1 708 884
0 784 267
1 486 317
0 422 170
0 506 486
1 533 377
1 163 598
1 284 79
1 325 708
1 310 798
0 708 486
0 194 312
0 768 261
1 601 702
0 639 118
1 646 536
1 293 730
0 363 733
0 985 276
0 568 457
1 1 930
1 135 235
1 634 609
1 662 136
0 378 607
0 27 147
0 948 511
0 990 893
0 512 901
1 671 866
0 341 628
0 723 217
0 903 44
0 601 319
0 128 115
0 900 825
0 302 592
0 711 643
0 155 229
1 464 361
0 733 835
0 722 35
1 221 970
0 281 369
0 105 260
1 599 549
1 832 673
1 932 660
0 74 364
1 293 788
0 787 245
1 169 780
0 868 458
0 704 903
0 849 264
1 446 824
1 727 748
1 688 580
1 250 973
0 350 692
0 629 663
0 240 554
1 66 641
1 730 839
0 512 183
0 71 912
1 958 973
0 942 827
1 732 708
1 567 326
0 485 637
1 155 763
0 264 924
0 700 892
1 820 227
1 258 132
1 598 765
0 968 790
0 147 157
1 223 118
1 903 438
0 656 247
1 933 161
0 966 917
1 860 487
1 591 795
0 140 383
0 309 346
0 88 473
1 734 973
0 620 847
1 723 870
1 777 581
0 713 917
1 710 968
0 226 384
0 245 609
1 401 839
0 985 257
1 506 72
0 28 673
1 281 716
1 66 198
0 615 707
1 892 183
0 278 974
0 497 830
1 954 839
1 483 149
0 474 625
1 146 846
0 722 856
0 517 265
1 296 669
1 769 675
1 698 963
0 988 286
1 808 654
0 775 895
0 715 925
0 512 280
0 225 302
0 303 43
1 923 641
0 378 91
1 918 710
1 455 898
0 44 139
1 913 986
0 481 92
1 40 453
0 856 28
0 612 922
1 194 595
0 422 706
1 266 27
1 188 223
1 86 826
0 130 577
1 964 928
0 325 269
1 289 343
1 474 66
1 394 471
1 890 629
0 807 390
1 633 212
1 978 775
0 352 62
0 379 892
0 671 644
0 76 881
0 157 926
0 177 80
0 69 162
0 526 791
1 156 876
1 286 62
0 589 511
1 438 855
1 657 366
0 124 978
1 868 930
0 420 693
0 332 558
0 595 547
1 279 244
0 453 793
0 620 263
0 597 902
1 964 20
0 893 56
1 237 325
0 682 418
0 928 148
0 614 446
1 908 977
0 331 567
0 405 176
0 700 892
0 855 743
0 149 17
1 765 510
1 27 52
1 32 729
0 498 914
1 285 463
1 290 170
1 811 463
1 340 591
0 339 864
0 801 987
1 456 127
0 33 473
1 305 321
1 600 963
1 905 550
1 94 587
1 634 210
1 548 639
0 317 915
1 707 595
1 396 207
1 777 449
0 433 452
0 332 410
0 239 283
0 550 380
0 40 636
1 267 315
1 611 356
0 396 550
0 667 956
1 28 899
0 543 628
0 399 461
1 436 161
0 954 529
1 697 630
0 562 127
0 72 181
1 820 193
1 300 257
0 102 186
1 320 278
0 591 721
0 335 714
1 564 863
1 488 953
0 98 502
0 307 20
0 993 561
1 994 880
1 216 302
0 288 156
0 946 140
0 454 332
0 430 907
0 457 828
1 762 240
