8984
2 14095
3 21345
4 13883
5 25837
6 5894
7 14943
8 1758
9 4979
10 5737
11 22163
12 12645
13 11185
14 18040
15 6994
16 9891
17 15037
18 8505
19 30358
20 18559
21 22392
22 27747
23 14415
24 1013
25 25720
26 17275
27 1017
28 19549
29 11846
30 3389
31 115
32 23536
33 14794
34 24637
35 14863
36 23944
37 22275
38 6862
39 27366
40 25511
41 19452
42 12835
43 7534
44 20667
45 11259
46 31924
47 23886
48 5280
49 12027
50 31715
51 27248
52 25447
53 7516
54 26848
55 8792
56 18774
57 9178
58 2250
59 5045
60 16431
61 9148
62 3095
63 28726
64 10678
65 21325
66 32053
67 20639
68 21357
69 17040
70 625
71 32540
72 26530
73 6192
74 30489
75 15317
76 28587
77 6838
78 8157
79 12226
80 19313
81 23038
82 32379
83 449
84 16939
85 3308
86 2204
87 16870
88 4204
89 30555
90 17912
91 7954
92 5984
93 27734
94 6593
95 6855
96 4434
97 16523
98 15167
99 12090
100 28530
101 16636
102 8632
103 7082
104 17622
105 504
106 26514
107 19185
108 25278
109 6730
110 26811
111 2137
112 2588
113 7856
114 8265
115 30384
116 22100
117 29071
118 2398
119 32159
120 17728
121 15076
122 1871
123 8503
124 119
125 7294
126 6405
127 30669
128 19407
129 30315
130 23459
131 12808
132 15648
133 20400
134 8296
135 26936
136 8523
137 14141
138 6616
139 10217
140 12923
141 12575
142 25622
143 24761
144 939
145 1016
146 27797
147 18278
148 17769
149 31404
150 31983
151 16427
152 18393
153 28254
154 27925
155 22861
156 24060
157 11419
158 16553
159 753
160 1586
161 3540
162 13224
163 31024
164 31742
165 20498
166 31308
167 5229
168 5898
169 2533
170 14385
171 29670
172 7019
173 18845
174 29366
175 13962
176 24357
177 13501
178 678
179 13835
180 26866
181 15277
182 18712
183 30771
184 27711
185 13743
186 11155
187 19067
188 18040
189 30996
190 7030
191 15322
192 24965
193 17328
194 11415
195 26843
196 8085
197 1931
198 32555
199 19954
200 13338
201 28633
202 230
203 5136
204 3604
205 12845
206 18787
207 2933
208 14227
209 32745
210 5573
211 18630
212 20087
213 11257
214 10143
215 6239
216 31355
217 22721
218 2833
219 15338
220 1138
221 16979
222 2100
223 9776
224 29392
225 30950
226 17336
227 10544
228 20331
229 8068
230 21196
231 19054
232 31363
233 770
234 17982
235 12686
236 12032
237 7477
238 28900
239 25889
240 7164
241 22627
242 27962
243 18879
244 14209
245 9976
246 9804
247 5974
248 11924
249 17274
250 26583
251 14529
252 5746
253 11455
254 14763
255 18845
256 17177
257 12894
258 2643
259 9816
260 26378
261 9571
262 27896
263 17034
264 24654
265 327
266 28291
267 14729
268 22199
269 8479
270 17922
271 19768
272 3944
273 21779
274 25677
275 18207
276 6551
277 27666
278 9961
279 28609
280 14482
281 1476
282 12844
283 4137
284 12032
285 16576
286 13986
287 12743
288 20330
289 6400
290 9648
291 4218
292 30202
293 2705
294 6519
295 29422
296 20354
297 19599
298 29691
299 23848
300 4543
301 14417
302 31109
303 20831
304 2272
305 12513
306 27206
307 4878
308 7746
309 7855
310 24380
311 8263
312 15486
313 21382
314 28250
315 21834
316 13477
317 27326
318 23011
319 28246
320 2250
321 31156
322 20247
323 23487
324 16321
325 9335
326 30737
327 7233
328 9767
329 27332
330 25840
331 4500
332 8354
333 16693
334 4149
335 832
336 29546
337 19125
338 620
339 17331
340 8969
341 17975
342 22799
343 11153
344 21087
345 1192
346 13479
347 24395
348 16872
349 31521
350 21044
351 4851
352 21570
353 17762
354 21455
355 16463
356 15337
357 11388
358 31886
359 812
360 13894
361 1485
362 25512
363 4084
364 30696
365 32305
366 25305
367 30851
368 11793
369 9591
370 17416
371 13111
372 14708
373 19986
374 29224
375 6214
376 1597
377 5393
378 12636
379 18773
380 9554
381 9810
382 8798
383 14150
384 2776
385 4338
386 5409
387 14929
388 5626
389 16391
390 28341
391 28758
392 17893
393 27538
394 9836
395 21873
396 16407
397 5551
398 7739
399 19152
400 3034
401 26639
402 23138
403 32705
404 9995
405 1448
406 23631
407 28943
408 22560
409 9387
410 9408
411 29327
412 24938
413 1207
414 8489
415 30454
416 31126
417 5452
418 2133
419 2541
420 11642
421 24706
422 27215
423 12392
424 3855
425 3579
426 30595
427 9011
428 21945
429 4630
430 17185
431 6093
432 21455
433 23909
434 1218
435 2938
436 25943
437 8290
438 7502
439 17556
440 15377
441 30557
442 25373
443 32290
444 11448
445 4793
446 31068
447 29100
448 24964
449 12120
450 14003
451 13133
452 5619
453 29524
454 24356
455 5129
456 16329
457 752
458 13623
459 32353
460 18773
461 25038
462 9812
463 293
464 16631
465 29794
466 5744
467 31882
468 8671
469 13734
470 3820
471 9596
472 6679
473 29967
474 21689
475 21301
476 29124
477 12480
478 10689
479 19215
480 30633
481 24575
482 15746
483 32406
484 5868
485 16869
486 4348
487 28642
488 31261
489 1113
490 20942
491 12324
492 24436
493 22335
494 28828
495 11390
496 602
497 16364
498 30387
499 15640
500 15915
501 16605
502 24304
503 10864
504 20027
505 10665
506 30174
507 7409
508 20247
509 9013
510 1310
511 10952
512 25869
513 19495
514 19980
515 30707
516 11246
517 31133
518 6047
519 7322
520 21522
521 28702
522 21393
523 17827
524 4253
525 10449
526 7872
527 17281
528 15105
529 30444
530 8405
531 31564
532 20420
533 8560
534 3875
535 28183
536 10372
537 17684
538 22226
539 19070
540 5944
541 4734
542 12860
543 15486
544 18104
545 15545
546 11671
547 28554
548 1152
549 11236
550 24277
551 30426
552 22448
553 18471
554 21704
555 4103
556 2392
557 28908
558 394
559 29653
560 499
561 29771
562 9244
563 10575
564 8241
565 6853
566 30029
567 3866
568 27898
569 6966
570 7133
571 3843
572 20655
573 2821
574 11235
575 12250
576 11699
577 7838
578 13676
579 31107
580 1066
581 20002
582 9829
583 24394
584 768
585 12892
586 955
587 9335
588 10797
589 11768
590 15808
591 28450
592 25144
593 14063
594 9169
595 32073
596 11514
597 21574
598 15158
599 12320
600 21413
601 9208
602 32073
603 25000
604 13829
605 32049
606 16602
607 14467
608 7941
609 700
610 21203
611 28167
612 17012
613 14783
614 536
615 14993
616 18441
617 30886
618 8881
619 23580
620 1957
621 16989
622 19499
623 27410
624 23257
625 25026
626 22331
627 29025
628 10152
629 22874
630 24229
631 30674
632 2190
633 31554
634 18268
635 32151
636 13761
637 15721
638 5099
639 3618
640 5046
641 7677
642 1811
643 26942
644 2791
645 11299
646 22966
647 29016
648 3284
649 2283
650 2036
651 21533
652 27207
653 29827
654 31123
655 8523
656 24285
657 15275
658 2468
659 17344
660 30146
661 6504
662 12643
663 4312
664 11196
665 24829
666 23136
667 25077
668 29291
669 1047
670 7132
671 27743
672 30927
673 18760
674 26486
675 19279
676 23818
677 18102
678 26887
679 28742
680 11111
681 29973
682 7626
683 28067
684 20124
685 28370
686 26304
687 20341
688 21836
689 12177
690 6738
691 30350
692 12496
693 26586
694 22841
695 10713
696 20791
697 14607
698 10907
699 20973
700 17035
701 28066
702 9078
703 4833
704 12118
705 388
706 7490
707 14434
708 27749
709 3809
710 16338
711 10244
712 29132
713 29450
714 25212
715 19926
716 25899
717 16307
718 2169
719 14137
720 6447
721 19550
722 31886
723 20466
724 9819
725 31767
726 20460
727 30077
728 264
729 2914
730 16470
731 21668
732 12458
733 31346
734 18817
735 17745
736 3158
737 26523
738 26048
739 6305
740 8321
741 28170
742 16865
743 3385
744 8715
745 23732
746 26705
747 24029
748 4732
749 22924
750 10119
751 7743
752 31117
753 17657
754 14240
755 23060
756 22506
757 29063
758 25415
759 10861
760 14134
761 989
762 14296
763 13637
764 31567
765 3823
766 197
767 19286
768 22740
769 16500
770 4664
771 6194
772 5349
773 12699
774 9978
775 6286
776 29226
777 12281
778 21907
779 19169
780 28439
781 4806
782 24755
783 20014
784 14702
785 28746
786 26320
787 25373
788 31493
789 18322
790 13585
791 849
792 25545
793 29287
794 16747
795 758
796 5379
797 29569
798 4106
799 28825
800 20954
801 29943
802 2034
803 10045
804 6425
805 2810
806 31462
807 18091
808 3123
809 3779
810 25736
811 1545
812 18309
813 9674
814 9411
815 5294
816 4058
817 18745
818 14694
819 32053
820 31028
821 24992
822 15121
823 16080
824 27338
825 19178
826 8533
827 4319
828 9293
829 21648
830 4631
831 1218
832 10351
833 4620
834 16437
835 31211
836 12454
837 3985
838 7533
839 6199
840 3629
841 16121
842 25466
843 17534
844 7245
845 12543
846 14463
847 17257
848 10202
849 28334
850 29353
851 32387
852 28672
853 1817
854 16144
855 8083
856 9280
857 9549
858 12255
859 30250
860 949
861 17028
862 30133
863 23416
864 412
865 18587
866 18507
867 2147
868 4883
869 14534
870 16982
871 4571
872 2593
873 10883
874 13487
875 32615
876 8695
877 14028
878 13489
879 12292
880 8309
881 9105
882 27106
883 304
884 12528
885 25445
886 24278
887 27714
888 23603
889 15736
890 22865
891 3580
892 16835
893 12741
894 32172
895 19555
896 30312
897 28044
898 16762
899 3790
900 11240
901 25603
902 29035
903 15422
904 1558
905 24393
906 20080
907 29677
908 16651
909 7579
910 1567
911 13354
912 3252
913 20170
914 2650
915 25443
916 16781
917 1516
918 3115
919 28548
920 21163
921 29522
922 7667
923 30592
924 8448
925 31419
926 16580
927 13100
928 5083
929 31175
930 24843
931 3412
932 6830
933 21167
934 1650
935 9225
936 31764
937 3890
938 15108
939 9016
940 5650
941 12243
942 28050
943 11649
944 29597
945 31553
946 21334
947 18245
948 23389
949 25111
950 3287
951 30721
952 15281
953 19141
954 4620
955 5595
956 6131
957 22990
958 10692
959 28539
960 23293
961 2613
962 28742
963 18460
964 13036
965 10801
966 12596
967 23011
968 23076
969 4136
970 6325
971 21103
972 29076
973 7131
974 32722
975 32177
976 20539
977 22495
978 22561
979 4862
980 27626
981 20300
982 31393
983 22626
984 16204
985 27577
986 24038
987 4152
988 20773
989 28519
990 30582
991 25847
992 16599
993 24508
994 19570
995 18255
996 31786
997 29683
998 30073
999 29301
1000 588
1001 23571
1002 6601
1003 2747
1004 22551
1005 29725
1006 9639
1007 2659
1008 4499
1009 14218
1010 16386
1011 28853
1012 5308
1013 2292
1014 17235
1015 26447
1016 31109
1017 8724
1018 15815
1019 20925
1020 11036
1021 16364
1022 15520
1023 31561
1024 11888
1025 24389
1026 26328
1027 22292
1028 12785
1029 7516
1030 11016
1031 1638
1032 19094
1033 4313
1034 1161
1035 6467
1036 549
1037 12032
1038 7129
1039 15679
1040 6831
1041 4395
1042 17984
1043 20115
1044 11097
1045 11896
1046 10419
1047 32623
1048 31331
1049 23999
1050 504
1051 2450
1052 14434
1053 13255
1054 24587
1055 7705
1056 208
1057 4537
1058 17601
1059 1940
1060 17351
1061 30676
1062 32171
1063 12895
1064 32010
1065 28771
1066 13117
1067 3888
1068 23621
1069 9964
1070 29487
1071 1004
1072 17046
1073 32683
1074 14884
1075 24255
1076 14667
1077 17214
1078 16522
1079 32619
1080 17902
1081 12962
1082 3777
1083 10976
1084 16255
1085 5982
1086 7295
1087 15630
1088 2304
1089 9214
1090 32627
1091 11511
1092 21815
1093 14531
1094 27944
1095 5896
1096 22447
1097 24729
1098 5165
1099 16809
1100 1792
1101 6729
1102 4211
1103 20499
1104 21584
1105 16880
1106 32502
1107 5985
1108 31770
1109 11952
1110 29855
1111 18922
1112 21550
1113 22693
1114 23657
1115 27855
1116 15097
1117 6939
1118 196
1119 19408
1120 3079
1121 26366
1122 17463
1123 24420
1124 15814
1125 31121
1126 19784
1127 22792
1128 3213
1129 27491
1130 10656
1131 18903
1132 22236
1133 11136
1134 11371
1135 5979
1136 3814
1137 15076
1138 3070
1139 12963
1140 25932
1141 15413
1142 700
1143 17813
1144 4396
1145 11185
1146 30522
1147 19078
1148 22874
1149 21349
1150 28577
1151 16904
1152 17133
1153 20383
1154 21588
1155 31491
1156 2302
1157 14247
1158 17875
1159 8456
1160 16812
1161 16042
1162 2528
1163 1249
1164 21603
1165 24823
1166 21472
1167 21357
1168 9567
1169 29038
1170 27779
1171 11947
1172 6763
1173 6964
1174 31911
1175 23828
1176 23791
1177 11180
1178 32634
1179 814
1180 32041
1181 14499
1182 8159
1183 7006
1184 23227
1185 30411
1186 1300
1187 8189
1188 30310
1189 21611
1190 21137
1191 7087
1192 4373
1193 11348
1194 24371
1195 5104
1196 15389
1197 9495
1198 26521
1199 496
1200 16067
1201 4213
1202 16335
1203 19873
1204 29951
1205 24343
1206 18473
1207 32526
1208 2943
1209 31872
1210 10610
1211 6638
1212 15599
1213 10047
1214 7238
1215 22393
1216 29816
1217 6505
1218 16317
1219 12922
1220 31110
1221 5446
1222 17226
1223 31142
1224 2255
1225 10827
1226 26594
1227 23596
1228 32401
1229 17992
1230 7264
1231 9357
1232 30234
1233 26339
1234 14632
1235 5550
1236 654
1237 32581
1238 7946
1239 7724
1240 25829
1241 26131
1242 15722
1243 21999
1244 25395
1245 24480
1246 17310
1247 31234
1248 9516
1249 6241
1250 408
1251 23201
1252 14823
1253 9121
1254 15301
1255 28564
1256 10978
1257 21109
1258 30260
1259 1724
1260 16455
1261 30451
1262 31483
1263 16620
1264 23149
1265 26527
1266 8151
1267 20730
1268 1186
1269 22310
1270 3858
1271 12565
1272 9512
1273 21583
1274 6058
1275 16984
1276 28285
1277 1582
1278 18607
1279 2720
1280 30175
1281 30875
1282 23533
1283 1179
1284 4880
1285 3298
1286 13259
1287 13858
1288 27991
1289 25276
1290 28787
1291 201
1292 22983
1293 19838
1294 24627
1295 24756
1296 28355
1297 10641
1298 20259
1299 3500
1300 28866
1301 9762
1302 31241
1303 12913
1304 31824
1305 22298
1306 10361
1307 11858
1308 4438
1309 9041
1310 12865
1311 5372
1312 25498
1313 25342
1314 29700
1315 24720
1316 5257
1317 17011
1318 30500
1319 2552
1320 14901
1321 15623
1322 20709
1323 31610
1324 22426
1325 17491
1326 31952
1327 4493
1328 10789
1329 26529
1330 13910
1331 7660
1332 28791
1333 4001
1334 5558
1335 8426
1336 3686
1337 8798
1338 29729
1339 11525
1340 12868
1341 9073
1342 23323
1343 10429
1344 24420
1345 9332
1346 804
1347 25255
1348 475
1349 6586
1350 9624
1351 11197
1352 28548
1353 26429
1354 9684
1355 27640
1356 31303
1357 14808
1358 21914
1359 25889
1360 30618
1361 183
1362 22711
1363 6116
1364 24903
1365 6923
1366 27618
1367 32550
1368 29552
1369 3586
1370 4840
1371 5528
1372 27601
1373 22262
1374 29190
1375 22924
1376 20038
1377 11749
1378 22166
1379 17160
1380 21133
1381 19489
1382 13039
1383 24601
1384 24396
1385 2888
1386 4486
1387 2922
1388 13910
1389 28791
1390 17241
1391 28949
1392 13866
1393 30651
1394 19853
1395 21945
1396 21693
1397 13256
1398 23125
1399 21453
1400 14201
1401 5614
1402 12567
1403 820
1404 3205
1405 29256
1406 31178
1407 16145
1408 2375
1409 5175
1410 20387
1411 32220
1412 12839
1413 30478
1414 26352
1415 28598
1416 20374
1417 30479
1418 19012
1419 22265
1420 13391
1421 3735
1422 29396
1423 20244
1424 14557
1425 29589
1426 16417
1427 30102
1428 4190
1429 10560
1430 4823
1431 10632
1432 23174
1433 23050
1434 3829
1435 21760
1436 5863
1437 3535
1438 18735
1439 29939
1440 23919
1441 4179
1442 25489
1443 21323
1444 50
1445 7147
1446 23908
1447 10041
1448 31337
1449 7290
1450 6741
1451 4045
1452 20667
1453 7839
1454 25812
1455 7364
1456 18108
1457 16173
1458 28603
1459 22945
1460 3508
1461 11996
1462 6960
1463 3839
1464 20641
1465 7742
1466 204
1467 11813
1468 16767
1469 9716
1470 2813
1471 6875
1472 3014
1473 32545
1474 7080
1475 18300
1476 20533
1477 8223
1478 1555
1479 22349
1480 3534
1481 4465
1482 24579
1483 15117
1484 7202
1485 3833
1486 28193
1487 31693
1488 6862
1489 18795
1490 12194
1491 10242
1492 31302
1493 23554
1494 19751
1495 5849
1496 465
1497 19058
1498 28386
1499 30154
1500 30421
1501 6941
1502 15867
1503 21616
1504 18773
1505 24969
1506 5426
1507 8856
1508 27064
1509 19730
1510 9413
1511 21656
1512 11212
1513 4060
1514 3476
1515 8674
1516 23306
1517 12812
1518 14211
1519 4568
1520 25628
1521 9528
1522 26400
1523 19170
1524 14236
1525 11291
1526 22150
1527 22462
1528 18975
1529 27278
1530 21889
1531 22296
1532 21874
1533 12724
1534 13554
1535 18779
1536 16163
1537 23668
1538 373
1539 28870
1540 18499
1541 20524
1542 20802
1543 30658
1544 27243
1545 30115
1546 10577
1547 20851
1548 1533
1549 15936
1550 15810
1551 2189
1552 17836
1553 2426
1554 4475
1555 28777
1556 23359
1557 32400
1558 14611
1559 27736
1560 31121
1561 11898
1562 17647
1563 16695
1564 12253
1565 4639
1566 5802
1567 9539
1568 2616
1569 14536
1570 9658
1571 559
1572 7007
1573 15061
1574 30545
1575 7540
1576 21427
1577 17583
1578 19842
1579 6889
1580 18818
1581 19965
1582 20901
1583 3475
1584 22152
1585 20763
1586 15868
1587 2750
1588 11958
1589 5831
1590 19095
1591 29516
1592 21554
1593 27166
1594 24948
1595 26446
1596 3230
1597 18632
1598 24043
1599 6097
1600 15261
1601 25455
1602 23369
1603 27386
1604 18067
1605 629
1606 22204
1607 9814
1608 26029
1609 8934
1610 10351
1611 4971
1612 1570
1613 24491
1614 6133
1615 21139
1616 8632
1617 31489
1618 4075
1619 20490
1620 12169
1621 7210
1622 13529
1623 3909
1624 4615
1625 5474
1626 25434
1627 16517
1628 9790
1629 17941
1630 22909
1631 21677
1632 22617
1633 27983
1634 3946
1635 848
1636 24936
1637 116
1638 841
1639 30479
1640 4704
1641 23089
1642 31839
1643 5154
1644 20579
1645 21938
1646 2426
1647 3380
1648 9794
1649 10774
1650 16016
1651 14964
1652 3905
1653 6688
1654 30115
1655 26345
1656 24346
1657 19503
1658 5863
1659 2053
1660 27460
1661 24176
1662 11303
1663 4990
1664 22900
1665 2898
1666 17253
1667 26457
1668 14181
1669 29242
1670 25793
1671 30792
1672 16341
1673 22649
1674 8092
1675 14901
1676 28880
1677 30331
1678 29436
1679 30495
1680 22320
1681 9536
1682 5426
1683 2085
1684 13157
1685 16
1686 24251
1687 9440
1688 23410
1689 20075
1690 23653
1691 15606
1692 32312
1693 19008
1694 19634
1695 4076
1696 11255
1697 5727
1698 3201
1699 30524
1700 18450
1701 31023
1702 14059
1703 5800
1704 18450
1705 12196
1706 31852
1707 26317
1708 25582
1709 27756
1710 30019
1711 19963
1712 7050
1713 22377
1714 29467
1715 15172
1716 13693
1717 8548
1718 5610
1719 30675
1720 6935
1721 32768
1722 10266
1723 8832
1724 13731
1725 9708
1726 1511
1727 2465
1728 12521
1729 2909
1730 5128
1731 22306
1732 18167
1733 6844
1734 2449
1735 17112
1736 31009
1737 5531
1738 4376
1739 16146
1740 23111
1741 17902
1742 1302
1743 21361
1744 20054
1745 20344
1746 19345
1747 6650
1748 25361
1749 13699
1750 5368
1751 4714
1752 9746
1753 26836
1754 591
1755 16329
1756 7179
1757 29150
1758 30347
1759 17474
1760 15698
1761 2870
1762 5952
1763 28466
1764 7069
1765 16455
1766 16505
1767 29055
1768 5386
1769 25671
1770 28647
1771 11307
1772 14434
1773 30058
1774 27455
1775 19753
1776 16030
1777 16469
1778 9693
1779 11887
1780 15786
1781 22485
1782 10669
1783 11084
1784 30826
1785 13521
1786 1867
1787 24572
1788 28667
1789 4733
1790 4457
1791 1914
1792 6715
1793 23249
1794 26482
1795 27541
1796 24971
1797 14138
1798 4972
1799 6982
1800 20947
1801 6543
1802 16163
1803 23361
1804 5831
1805 20806
1806 17540
1807 1226
1808 12137
1809 232
1810 7495
1811 18122
1812 31439
1813 1986
1814 30161
1815 32034
1816 551
1817 13278
1818 26456
1819 4671
1820 9208
1821 20529
1822 7496
1823 7918
1824 1195
1825 25366
1826 27109
1827 15474
1828 26697
1829 12539
1830 3634
1831 15573
1832 22918
1833 22362
1834 14610
1835 15739
1836 16895
1837 5100
1838 430
1839 18429
1840 22464
1841 3097
1842 24854
1843 30004
1844 1033
1845 10418
1846 28459
1847 18067
1848 10066
1849 23010
1850 26300
1851 10682
1852 24204
1853 22370
1854 13551
1855 23113
1856 11690
1857 12525
1858 6115
1859 5618
1860 13152
1861 17140
1862 4243
1863 22227
1864 18986
1865 25490
1866 11262
1867 2050
1868 14993
1869 23490
1870 26501
1871 26729
1872 25258
1873 208
1874 13460
1875 4052
1876 30431
1877 525
1878 24452
1879 19016
1880 16369
1881 16071
1882 24000
1883 15767
1884 31294
1885 14456
1886 18215
1887 3377
1888 14912
1889 30014
1890 32434
1891 28733
1892 31319
1893 26251
1894 20055
1895 28136
1896 13768
1897 10270
1898 31277
1899 13309
1900 13573
1901 11058
1902 3792
1903 15287
1904 28463
1905 8693
1906 28423
1907 12499
1908 9433
1909 16187
1910 25764
1911 20200
1912 6159
1913 7796
1914 14508
1915 10491
1916 1430
1917 26587
1918 5816
1919 3918
1920 17270
1921 1265
1922 16283
1923 1914
1924 10422
1925 31018
1926 20293
1927 2749
1928 8807
1929 13030
1930 6632
1931 32405
1932 6628
1933 26786
1934 25689
1935 7054
1936 4183
1937 22128
1938 31672
1939 13912
1940 4991
1941 28580
1942 28755
1943 7964
1944 28593
1945 22737
1946 30664
1947 2832
1948 17181
1949 15860
1950 14954
1951 15434
1952 22099
1953 22766
1954 4070
1955 23506
1956 24070
1957 15416
1958 28455
1959 14842
1960 2575
1961 13778
1962 5494
1963 26866
1964 1460
1965 24188
1966 10470
1967 26007
1968 19755
1969 10537
1970 23023
1971 17036
1972 31834
1973 1713
1974 18521
1975 2444
1976 31457
1977 29126
1978 12123
1979 18174
1980 10586
1981 30505
1982 7429
1983 29642
1984 29663
1985 3613
1986 14555
1987 12652
1988 28109
1989 21789
1990 24003
1991 3143
1992 23240
1993 1738
1994 2849
1995 14395
1996 18688
1997 15143
1998 28992
1999 31609
2000 8370
2001 18696
2002 7412
2003 15254
2004 19697
2005 23496
2006 1661
2007 24799
2008 24998
2009 4411
2010 1967
2011 1005
2012 25302
2013 13283
2014 32080
2015 6521
2016 4387
2017 25959
2018 6082
2019 4209
2020 24470
2021 19776
2022 7905
2023 5706
2024 30363
2025 8118
2026 11567
2027 30105
2028 26701
2029 4363
2030 9775
2031 17117
2032 31220
2033 2294
2034 27662
2035 19359
2036 9932
2037 10835
2038 6280
2039 31678
2040 16393
2041 792
2042 15626
2043 11524
2044 19991
2045 30859
2046 28180
2047 5372
2048 5926
2049 17330
2050 7650
2051 17672
2052 28390
2053 4619
2054 2635
2055 28846
2056 13199
2057 7806
2058 16873
2059 28211
2060 7205
2061 22160
2062 1146
2063 9579
2064 15354
2065 24537
2066 646
2067 24783
2068 24436
2069 4536
2070 16451
2071 13520
2072 9744
2073 14149
2074 8117
2075 29035
2076 32167
2077 11655
2078 22041
2079 20990
2080 25329
2081 12776
2082 20612
2083 24410
2084 2887
2085 29925
2086 19400
2087 14361
2088 23469
2089 17674
2090 9111
2091 13106
2092 20751
2093 26142
2094 7403
2095 4298
2096 15819
2097 26779
2098 12196
2099 11597
2100 112
2101 5473
2102 4979
2103 27326
2104 6085
2105 16810
2106 5112
2107 17483
2108 14350
2109 8001
2110 28711
2111 16421
2112 17802
2113 23791
2114 18672
2115 13198
2116 22592
2117 11062
2118 25375
2119 3380
2120 11516
2121 31042
2122 16513
2123 6589
2124 10132
2125 32285
2126 21576
2127 30371
2128 19055
2129 25122
2130 22192
2131 10050
2132 18248
2133 7348
2134 31715
2135 47
2136 3376
2137 23088
2138 4634
2139 23756
2140 30674
2141 32287
2142 19206
2143 21273
2144 1019
2145 5553
2146 13422
2147 22989
2148 11610
2149 20071
2150 9241
2151 5286
2152 22916
2153 17679
2154 6894
2155 15101
2156 29754
2157 16629
2158 25434
2159 19613
2160 8431
2161 12120
2162 28402
2163 2261
2164 9605
2165 29467
2166 14170
2167 23500
2168 29272
2169 23741
2170 9829
2171 13845
2172 27517
2173 24203
2174 18813
2175 643
2176 22348
2177 20756
2178 21574
2179 11839
2180 5659
2181 23518
2182 13950
2183 30487
2184 1869
2185 22103
2186 18728
2187 29721
2188 16268
2189 13582
2190 22249
2191 3169
2192 29778
2193 22307
2194 946
2195 20527
2196 16558
2197 18429
2198 22431
2199 26685
2200 10053
2201 18746
2202 28959
2203 3919
2204 30103
2205 14572
2206 8790
2207 18955
2208 27779
2209 10242
2210 32191
2211 20747
2212 21005
2213 13572
2214 5654
2215 24881
2216 20576
2217 32516
2218 30069
2219 26170
2220 17935
2221 17617
2222 4029
2223 13206
2224 27552
2225 1133
2226 13367
2227 16247
2228 29259
2229 11969
2230 17019
2231 5161
2232 32767
2233 17296
2234 9873
2235 27553
2236 11430
2237 27050
2238 24663
2239 10584
2240 25770
2241 22370
2242 6690
2243 9818
2244 21688
2245 8001
2246 4776
2247 921
2248 17092
2249 13564
2250 24094
2251 30344
2252 30797
2253 16036
2254 17053
2255 17381
2256 8674
2257 1565
2258 13258
2259 23766
2260 18405
2261 7889
2262 12726
2263 21048
2264 17551
2265 5029
2266 3843
2267 4660
2268 23348
2269 12589
2270 25161
2271 9235
2272 21704
2273 16411
2274 9911
2275 22099
2276 17827
2277 17406
2278 20478
2279 4858
2280 24705
2281 4649
2282 21866
2283 20010
2284 31437
2285 21744
2286 30802
2287 17142
2288 9759
2289 20251
2290 18867
2291 29300
2292 771
2293 29588
2294 13080
2295 6419
2296 12540
2297 9571
2298 1725
2299 3631
2300 32712
2301 13276
2302 23283
2303 16867
2304 17894
2305 26391
2306 13510
2307 19743
2308 86
2309 12449
2310 17886
2311 18426
2312 8096
2313 21617
2314 16803
2315 23113
2316 9751
2317 7710
2318 3493
2319 14960
2320 31583
2321 30287
2322 20794
2323 3704
2324 6445
2325 27762
2326 10345
2327 25442
2328 30030
2329 2225
2330 32262
2331 11963
2332 19691
2333 31265
2334 20767
2335 3697
2336 13579
2337 30013
2338 27031
2339 15077
2340 5209
2341 22164
2342 16401
2343 24385
2344 27176
2345 23998
2346 7439
2347 19468
2348 1716
2349 5268
2350 13147
2351 14332
2352 6314
2353 13985
2354 14759
2355 779
2356 13291
2357 11475
2358 18288
2359 12236
2360 13709
2361 29046
2362 31016
2363 1792
2364 10531
2365 28771
2366 8083
2367 6501
2368 4927
2369 14197
2370 32370
2371 5070
2372 17717
2373 2877
2374 24159
2375 6520
2376 7713
2377 13303
2378 30200
2379 6300
2380 23851
2381 5820
2382 28223
2383 19777
2384 26889
2385 28409
2386 1601
2387 26196
2388 12486
2389 15391
2390 6646
2391 250
2392 2498
2393 14236
2394 4201
2395 28197
2396 12027
2397 26379
2398 29976
2399 30310
2400 17802
2401 7847
2402 16542
2403 4098
2404 2673
2405 2054
2406 5263
2407 15175
2408 3475
2409 260
2410 28324
2411 31008
2412 7684
2413 26365
2414 5912
2415 4072
2416 19331
2417 8767
2418 20049
2419 4732
2420 8517
2421 1470
2422 32195
2423 23956
2424 32245
2425 22282
2426 28690
2427 32595
2428 11512
2429 4735
2430 21622
2431 15644
2432 9461
2433 16315
2434 4452
2435 11176
2436 3989
2437 27222
2438 10859
2439 3413
2440 32391
2441 4813
2442 15708
2443 27329
2444 29128
2445 11198
2446 23213
2447 6552
2448 4897
2449 30555
2450 15647
2451 9642
2452 19185
2453 22809
2454 9375
2455 20545
2456 4652
2457 28584
2458 22634
2459 6577
2460 9636
2461 2856
2462 5237
2463 2352
2464 32391
2465 21402
2466 26124
2467 9960
2468 13353
2469 13204
2470 15289
2471 23627
2472 11012
2473 23353
2474 11367
2475 11943
2476 13566
2477 28521
2478 14791
2479 2042
2480 1770
2481 14645
2482 4595
2483 519
2484 10064
2485 27030
2486 5202
2487 26537
2488 14961
2489 17758
2490 7611
2491 24680
2492 20358
2493 19822
2494 24541
2495 31306
2496 4937
2497 14122
2498 18398
2499 1515
2500 2998
2501 18730
2502 14402
2503 30928
2504 16659
2505 28722
2506 6671
2507 18937
2508 30766
2509 8293
2510 2350
2511 31925
2512 25062
2513 22197
2514 8213
2515 19899
2516 25580
2517 20126
2518 9891
2519 13941
2520 24267
2521 16404
2522 10315
2523 15007
2524 5414
2525 14778
2526 13685
2527 13329
2528 6209
2529 27476
2530 21537
2531 4313
2532 24004
2533 29823
2534 25550
2535 14221
2536 25275
2537 2976
2538 30874
2539 1504
2540 32736
2541 4378
2542 29098
2543 7538
2544 21277
2545 25284
2546 20172
2547 29421
2548 25165
2549 922
2550 2395
2551 21325
2552 23363
2553 27570
2554 29796
2555 21375
2556 5389
2557 5234
2558 26630
2559 24110
2560 13945
2561 5377
2562 15391
2563 21466
2564 9689
2565 25339
2566 22053
2567 28970
2568 9732
2569 2921
2570 20049
2571 28547
2572 17565
2573 30704
2574 28675
2575 5081
2576 32152
2577 5192
2578 6498
2579 8133
2580 14329
2581 26608
2582 15938
2583 22744
2584 32735
2585 30752
2586 4684
2587 6704
2588 8642
2589 1536
2590 7768
2591 9288
2592 2809
2593 32023
2594 17694
2595 7956
2596 4991
2597 9734
2598 31502
2599 590
2600 5366
2601 29046
2602 13692
2603 22539
2604 29420
2605 28495
2606 21760
2607 3473
2608 30814
2609 17962
2610 3869
2611 18028
2612 11898
2613 16138
2614 6944
2615 26047
2616 4265
2617 14662
2618 9803
2619 16857
2620 16845
2621 6858
2622 21299
2623 13832
2624 9927
2625 4224
2626 18535
2627 1714
2628 2621
2629 13064
2630 4690
2631 19361
2632 11674
2633 25519
2634 23651
2635 21663
2636 27478
2637 30111
2638 17771
2639 15427
2640 20087
2641 30547
2642 21318
2643 7434
2644 17240
2645 12366
2646 18877
2647 7337
2648 17833
2649 9997
2650 26795
2651 16802
2652 12215
2653 17210
2654 21855
2655 18198
2656 3821
2657 24610
2658 13122
2659 25306
2660 8603
2661 25449
2662 12217
2663 12749
2664 25079
2665 11260
2666 1357
2667 15976
2668 16994
2669 27976
2670 14858
2671 21910
2672 32492
2673 19114
2674 7460
2675 7622
2676 10265
2677 18214
2678 18401
2679 9279
2680 19174
2681 23899
2682 9650
2683 21684
2684 23047
2685 21430
2686 18339
2687 3865
2688 15475
2689 8423
2690 1782
2691 20405
2692 9506
2693 29841
2694 15115
2695 7543
2696 6165
2697 14406
2698 1668
2699 12941
2700 16536
2701 7346
2702 32678
2703 4915
2704 31940
2705 1814
2706 14337
2707 1737
2708 16967
2709 29433
2710 26451
2711 10025
2712 16488
2713 7194
2714 15786
2715 31287
2716 25413
2717 1192
2718 8393
2719 18874
2720 7263
2721 11189
2722 22733
2723 11626
2724 5209
2725 2025
2726 28688
2727 31561
2728 10749
2729 6771
2730 19022
2731 4663
2732 25216
2733 11845
2734 14086
2735 12993
2736 12039
2737 6017
2738 803
2739 23099
2740 11113
2741 1838
2742 19932
2743 21518
2744 14903
2745 18224
2746 9433
2747 30034
2748 8698
2749 29303
2750 11159
2751 13984
2752 4027
2753 32118
2754 21005
2755 8225
2756 8905
2757 8919
2758 24208
2759 15339
2760 26038
2761 2157
2762 20212
2763 654
2764 22691
2765 12394
2766 21748
2767 30185
2768 28861
2769 2770
2770 29139
2771 24131
2772 12552
2773 15151
2774 30020
2775 23959
2776 16476
2777 26247
2778 25480
2779 19758
2780 8365
2781 7563
2782 1750
2783 6515
2784 27535
2785 14097
2786 12287
2787 4100
2788 14328
2789 11972
2790 27218
2791 21509
2792 3400
2793 23578
2794 9917
2795 27833
2796 1928
2797 5511
2798 8758
2799 8787
2800 4335
2801 5105
2802 2905
2803 7433
2804 21675
2805 10851
2806 11091
2807 31339
2808 20190
2809 9733
2810 5630
2811 19699
2812 7654
2813 27212
2814 9549
2815 14813
2816 30945
2817 7534
2818 17387
2819 10552
2820 28528
2821 31001
2822 19231
2823 15422
2824 22204
2825 4964
2826 30707
2827 32225
2828 1975
2829 13318
2830 15253
2831 422
2832 21157
2833 2501
2834 27389
2835 25782
2836 19418
2837 21554
2838 4560
2839 25907
2840 21957
2841 21908
2842 27781
2843 968
2844 3117
2845 8482
2846 19910
2847 25476
2848 29883
2849 6517
2850 29465
2851 23528
2852 6329
2853 13116
2854 3263
2855 28990
2856 27673
2857 20530
2858 31964
2859 10029
2860 9657
2861 17997
2862 4569
2863 24971
2864 27877
2865 26424
2866 16391
2867 18290
2868 30
2869 7172
2870 7813
2871 23702
2872 14617
2873 26907
2874 11107
2875 17621
2876 4619
2877 28277
2878 6919
2879 26128
2880 4132
2881 14350
2882 14032
2883 23610
2884 14169
2885 29335
2886 3834
2887 29614
2888 27495
2889 22635
2890 962
2891 7622
2892 25109
2893 27334
2894 27082
2895 5033
2896 2745
2897 19249
2898 19902
2899 7012
2900 3837
2901 18753
2902 6968
2903 9021
2904 20707
2905 30849
2906 10977
2907 10051
2908 2567
2909 25261
2910 31706
2911 5418
2912 28709
2913 10785
2914 7258
2915 8790
2916 730
2917 12432
2918 1432
2919 18486
2920 26287
2921 5625
2922 28395
2923 23251
2924 29011
2925 9175
2926 23599
2927 28073
2928 19240
2929 30873
2930 27500
2931 31413
2932 18945
2933 1873
2934 9650
2935 32719
2936 26923
2937 16304
2938 22343
2939 1594
2940 682
2941 29234
2942 13061
2943 18554
2944 11716
2945 17558
2946 17661
2947 27237
2948 26308
2949 19089
2950 30816
2951 30589
2952 25592
2953 5827
2954 13472
2955 7037
2956 15356
2957 22506
2958 21970
2959 18738
2960 16698
2961 22102
2962 1111
2963 17292
2964 14002
2965 26013
2966 12219
2967 15605
2968 16887
2969 7823
2970 12509
2971 225
2972 15994
2973 30060
2974 22352
2975 23463
2976 22027
2977 85
2978 26114
2979 13455
2980 669
2981 513
2982 17179
2983 3628
2984 23882
2985 3249
2986 24360
2987 24812
2988 24215
2989 20838
2990 6009
2991 1005
2992 29688
2993 28497
2994 6087
2995 6162
2996 3735
2997 22411
2998 32539
2999 10583
3000 3921
3001 6406
3002 19434
3003 31329
3004 13313
3005 10436
3006 21381
3007 11866
3008 27138
3009 31302
3010 18609
3011 17659
3012 10735
3013 31816
3014 5521
3015 7402
3016 16557
3017 19883
3018 3277
3019 28743
3020 10668
3021 16051
3022 13805
3023 32641
3024 24169
3025 29298
3026 14598
3027 24175
3028 16184
3029 13444
3030 11673
3031 6044
3032 31040
3033 22269
3034 20664
3035 6626
3036 3527
3037 11424
3038 26218
3039 9274
3040 24240
3041 29522
3042 19025
3043 9170
3044 25665
3045 17102
3046 29578
3047 14432
3048 28714
3049 21401
3050 28629
3051 21175
3052 8643
3053 12857
3054 6646
3055 8599
3056 28566
3057 12962
3058 3931
3059 16586
3060 27165
3061 14321
3062 10494
3063 24172
3064 7117
3065 9308
3066 31629
3067 19083
3068 10835
3069 1385
3070 8905
3071 9456
3072 7453
3073 20575
3074 23596
3075 7483
3076 27932
3077 17146
3078 13518
3079 31030
3080 16840
3081 15459
3082 20105
3083 21859
3084 32613
3085 8799
3086 91
3087 21463
3088 2693
3089 9927
3090 22029
3091 11595
3092 25807
3093 312
3094 13074
3095 22641
3096 1790
3097 28939
3098 7346
3099 15236
3100 7213
3101 7048
3102 28520
3103 7203
3104 593
3105 6742
3106 904
3107 16735
3108 13319
3109 20022
3110 1316
3111 31763
3112 32656
3113 18930
3114 817
3115 2420
3116 12057
3117 27023
3118 31206
3119 1000
3120 1600
3121 27082
3122 23653
3123 22044
3124 14549
3125 5059
3126 24989
3127 25680
3128 16093
3129 20723
3130 6255
3131 24566
3132 10717
3133 15203
3134 1807
3135 31100
3136 24405
3137 32288
3138 22958
3139 25702
3140 23690
3141 6634
3142 25686
3143 24991
3144 26504
3145 25132
3146 31765
3147 17425
3148 20840
3149 17969
3150 27485
3151 9075
3152 11727
3153 14996
3154 1451
3155 12642
3156 9143
3157 22264
3158 7783
3159 25780
3160 15218
3161 31738
3162 26379
3163 28425
3164 19947
3165 5476
3166 30856
3167 12450
3168 31024
3169 19619
3170 3046
3171 7799
3172 15917
3173 16252
3174 9770
3175 20099
3176 11194
3177 3834
3178 15228
3179 7779
3180 15065
3181 23211
3182 3465
3183 10271
3184 16440
3185 31756
3186 18727
3187 31048
3188 5886
3189 5697
3190 10039
3191 16451
3192 26820
3193 19977
3194 5328
3195 25572
3196 14048
3197 15858
3198 9882
3199 14655
3200 2282
3201 31433
3202 23415
3203 19386
3204 25721
3205 15445
3206 29289
3207 27495
3208 29230
3209 32325
3210 22448
3211 30097
3212 29684
3213 11622
3214 27954
3215 2965
3216 28805
3217 13593
3218 12832
3219 11251
3220 14385
3221 261
3222 3543
3223 24997
3224 9947
3225 18185
3226 16900
3227 32176
3228 18244
3229 11636
3230 18444
3231 3832
3232 15244
3233 8569
3234 7595
3235 3160
3236 3829
3237 29149
3238 17627
3239 25842
3240 21739
3241 499
3242 31479
3243 27332
3244 14657
3245 10442
3246 27424
3247 19325
3248 26046
3249 4261
3250 24544
3251 2958
3252 24792
3253 10923
3254 14349
3255 14211
3256 18879
3257 2784
3258 8944
3259 16276
3260 5533
3261 16468
3262 26535
3263 12663
3264 12828
3265 32155
3266 15304
3267 17529
3268 12586
3269 9596
3270 27975
3271 27597
3272 25081
3273 4077
3274 25498
3275 25380
3276 31561
3277 6976
3278 15386
3279 27006
3280 15081
3281 23959
3282 1453
3283 7743
3284 7803
3285 2717
3286 24482
3287 13445
3288 6521
3289 24952
3290 32732
3291 28857
3292 27765
3293 14073
3294 25651
3295 9316
3296 421
3297 28694
3298 13079
3299 7236
3300 29342
3301 155
3302 3958
3303 13472
3304 7008
3305 16924
3306 25568
3307 2008
3308 24211
3309 14126
3310 26858
3311 27456
3312 32528
3313 3799
3314 27344
3315 11822
3316 12963
3317 31810
3318 4702
3319 20306
3320 21007
3321 14007
3322 13584
3323 7238
3324 19027
3325 13771
3326 28792
3327 28518
3328 13100
3329 32212
3330 5344
3331 32738
3332 11995
3333 4256
3334 9009
3335 30738
3336 30504
3337 22119
3338 25107
3339 17929
3340 15271
3341 4861
3342 20054
3343 23148
3344 13626
3345 15180
3346 27281
3347 18821
3348 4823
3349 16130
3350 12808
3351 659
3352 9100
3353 6791
3354 13011
3355 4452
3356 25024
3357 17714
3358 4925
3359 7718
3360 17339
3361 20412
3362 1643
3363 8059
3364 30057
3365 18165
3366 29758
3367 29387
3368 24410
3369 11957
3370 22649
3371 20190
3372 7950
3373 10518
3374 7463
3375 17578
3376 21616
3377 7648
3378 29751
3379 17001
3380 26784
3381 30277
3382 29802
3383 19695
3384 12789
3385 16591
3386 32111
3387 25403
3388 6467
3389 20886
3390 10060
3391 16460
3392 9305
3393 12982
3394 16639
3395 28470
3396 2510
3397 30976
3398 8805
3399 25972
3400 12798
3401 20720
3402 21852
3403 6016
3404 18767
3405 22495
3406 23076
3407 15265
3408 18361
3409 5498
3410 2828
3411 12036
3412 4485
3413 10611
3414 25418
3415 12559
3416 5460
3417 375
3418 11562
3419 26866
3420 2916
3421 11103
3422 23403
3423 27007
3424 14863
3425 6058
3426 4581
3427 10043
3428 25492
3429 24619
3430 8560
3431 5301
3432 16666
3433 26367
3434 31490
3435 22806
3436 12018
3437 25026
3438 24087
3439 21754
3440 28189
3441 9474
3442 18006
3443 27006
3444 7950
3445 17396
3446 23665
3447 13722
3448 22960
3449 22630
3450 28237
3451 15794
3452 1707
3453 1781
3454 12899
3455 12647
3456 24036
3457 4992
3458 23142
3459 17331
3460 11842
3461 6621
3462 14629
3463 18741
3464 21176
3465 16074
3466 32692
3467 4297
3468 30848
3469 27942
3470 21958
3471 10844
3472 6820
3473 29537
3474 20830
3475 4095
3476 22211
3477 5425
3478 4519
3479 25913
3480 32530
3481 25990
3482 287
3483 16546
3484 3489
3485 31937
3486 763
3487 13229
3488 23776
3489 24352
3490 4040
3491 1222
3492 18785
3493 10109
3494 1358
3495 20381
3496 8415
3497 19001
3498 11705
3499 32705
3500 640
3501 1139
3502 16891
3503 22896
3504 5207
3505 19325
3506 27500
3507 1198
3508 12845
3509 20624
3510 2227
3511 20116
3512 31105
3513 27838
3514 14826
3515 5355
3516 22221
3517 2345
3518 30717
3519 4089
3520 30731
3521 22387
3522 15187
3523 28315
3524 18552
3525 28277
3526 30129
3527 30868
3528 22936
3529 7988
3530 25435
3531 11045
3532 23930
3533 5648
3534 30588
3535 990
3536 5693
3537 7231
3538 26567
3539 28083
3540 24275
3541 3450
3542 7007
3543 1106
3544 12549
3545 22006
3546 244
3547 8628
3548 19639
3549 3222
3550 4143
3551 27122
3552 25710
3553 32095
3554 31313
3555 18779
3556 29455
3557 14380
3558 19991
3559 6339
3560 7914
3561 30627
3562 4832
3563 23581
3564 19958
3565 29799
3566 7953
3567 20301
3568 20318
3569 30863
3570 11705
3571 13623
3572 15933
3573 18264
3574 30577
3575 7452
3576 422
3577 11542
3578 21127
3579 4646
3580 3560
3581 19313
3582 7771
3583 26945
3584 19216
3585 30157
3586 32264
3587 8493
3588 17583
3589 12810
3590 9799
3591 2257
3592 1757
3593 12654
3594 17041
3595 8147
3596 19581
3597 21983
3598 13700
3599 25957
3600 25283
3601 5974
3602 14472
3603 2402
3604 26100
3605 23952
3606 7858
3607 13209
3608 15213
3609 8711
3610 16105
3611 21865
3612 27879
3613 28192
3614 18759
3615 14734
3616 18681
3617 2470
3618 3009
3619 17978
3620 27870
3621 28023
3622 27147
3623 9575
3624 7033
3625 20093
3626 3254
3627 18284
3628 1430
3629 21728
3630 2972
3631 29647
3632 26483
3633 21370
3634 6013
3635 23643
3636 8063
3637 5004
3638 26346
3639 26226
3640 8801
3641 2223
3642 27234
3643 7844
3644 28732
3645 269
3646 3004
3647 2688
3648 28466
3649 9680
3650 31940
3651 19625
3652 20263
3653 24539
3654 22825
3655 20269
3656 23239
3657 29880
3658 8087
3659 26643
3660 22986
3661 28626
3662 17952
3663 11315
3664 26742
3665 11237
3666 28128
3667 25675
3668 26726
3669 4274
3670 31201
3671 22606
3672 28299
3673 22775
3674 3388
3675 25855
3676 21104
3677 29854
3678 13441
3679 4031
3680 17090
3681 23349
3682 15961
3683 3235
3684 783
3685 25246
3686 1898
3687 27338
3688 14030
3689 28168
3690 15739
3691 23278
3692 23968
3693 2334
3694 24025
3695 17464
3696 25813
3697 17277
3698 29433
3699 7001
3700 29234
3701 24684
3702 21854
3703 12246
3704 19441
3705 11975
3706 29629
3707 25507
3708 522
3709 7485
3710 26208
3711 244
3712 15537
3713 24252
3714 20936
3715 8784
3716 21536
3717 13096
3718 23702
3719 24807
3720 5526
3721 10323
3722 15532
3723 15653
3724 22944
3725 26410
3726 8079
3727 30087
3728 20375
3729 24876
3730 29199
3731 16302
3732 8810
3733 29217
3734 19243
3735 6066
3736 23197
3737 18952
3738 32303
3739 6584
3740 8594
3741 13137
3742 6175
3743 6599
3744 18952
3745 2380
3746 19544
3747 28119
3748 16865
3749 29410
3750 5237
3751 7723
3752 20776
3753 13699
3754 1904
3755 28641
3756 19026
3757 13407
3758 11273
3759 32200
3760 4036
3761 28633
3762 19052
3763 21361
3764 4758
3765 6456
3766 270
3767 16009
3768 11927
3769 3744
3770 8408
3771 19045
3772 1937
3773 21314
3774 5255
3775 6623
3776 19406
3777 22479
3778 22355
3779 4961
3780 32730
3781 10034
3782 16078
3783 4927
3784 14219
3785 19326
3786 7184
3787 6218
3788 24639
3789 32549
3790 30737
3791 7842
3792 101
3793 32364
3794 28502
3795 7371
3796 4159
3797 3355
3798 28880
3799 22275
3800 20453
3801 1145
3802 25601
3803 31955
3804 16014
3805 32119
3806 31328
3807 17637
3808 5899
3809 27436
3810 12287
3811 31509
3812 30100
3813 14721
3814 16235
3815 13514
3816 2759
3817 17454
3818 3283
3819 8071
3820 32750
3821 14821
3822 19565
3823 7613
3824 28801
3825 16332
3826 26646
3827 9700
3828 7404
3829 26929
3830 26681
3831 6089
3832 14993
3833 22394
3834 25585
3835 31786
3836 1297
3837 5722
3838 15474
3839 25216
3840 29895
3841 2123
3842 10149
3843 20764
3844 16022
3845 30520
3846 19986
3847 31605
3848 229
3849 7545
3850 3
3851 12993
3852 16871
3853 15109
3854 17894
3855 17602
3856 8992
3857 2787
3858 20468
3859 15587
3860 28197
3861 11490
3862 2320
3863 15235
3864 24227
3865 22410
3866 20722
3867 22417
3868 19874
3869 26194
3870 8580
3871 15961
3872 8715
3873 6164
3874 9100
3875 1437
3876 10856
3877 4541
3878 30348
3879 25576
3880 17388
3881 31049
3882 12262
3883 17183
3884 29363
3885 15599
3886 21828
3887 24921
3888 20298
3889 23192
3890 22071
3891 29680
3892 28018
3893 15254
3894 18719
3895 217
3896 8225
3897 30867
3898 28490
3899 25136
3900 16074
3901 6599
3902 17504
3903 10263
3904 20446
3905 10095
3906 7422
3907 19649
3908 15507
3909 7802
3910 6305
3911 28362
3912 29156
3913 7557
3914 27334
3915 1482
3916 4825
3917 24073
3918 16207
3919 17705
3920 8200
3921 19923
3922 15913
3923 8501
3924 14428
3925 23733
3926 29228
3927 10865
3928 22293
3929 21116
3930 5954
3931 13104
3932 13072
3933 16673
3934 5068
3935 29539
3936 9033
3937 26436
3938 8513
3939 7856
3940 11422
3941 5845
3942 26648
3943 8388
3944 7382
3945 29717
3946 4841
3947 29673
3948 22241
3949 8381
3950 7375
3951 17883
3952 13409
3953 10108
3954 24336
3955 24279
3956 8298
3957 15271
3958 8704
3959 32502
3960 20358
3961 8493
3962 13602
3963 9657
3964 14589
3965 20681
3966 21137
3967 30693
3968 13651
3969 11387
3970 20894
3971 14225
3972 26129
3973 22584
3974 27835
3975 637
3976 19145
3977 2785
3978 7832
3979 19109
3980 10068
3981 27506
3982 23179
3983 15638
3984 8030
3985 20092
3986 9269
3987 2817
3988 11045
3989 26581
3990 19043
3991 18702
3992 18813
3993 17549
3994 18738
3995 22770
3996 4888
3997 8485
3998 6007
3999 4420
4000 4868
4001 28668
4002 25437
4003 6028
4004 2165
4005 9226
4006 592
4007 8350
4008 30149
4009 5072
4010 6170
4011 2854
4012 8377
4013 2191
4014 14668
4015 2179
4016 26630
4017 19897
4018 3296
4019 18393
4020 4627
4021 21669
4022 12572
4023 22369
4024 30977
4025 16518
4026 26554
4027 12292
4028 14313
4029 28318
4030 19781
4031 7977
4032 15716
4033 20143
4034 8134
4035 715
4036 26449
4037 8115
4038 22688
4039 3022
4040 3026
4041 25804
4042 7609
4043 31379
4044 5016
4045 9854
4046 19930
4047 2506
4048 2401
4049 21532
4050 11353
4051 31623
4052 17086
4053 22912
4054 28661
4055 31896
4056 1562
4057 15615
4058 14593
4059 21015
4060 20984
4061 22941
4062 12997
4063 1339
4064 10620
4065 2428
4066 25633
4067 371
4068 2605
4069 21659
4070 29555
4071 22710
4072 28409
4073 30653
4074 25019
4075 8724
4076 1146
4077 22438
4078 253
4079 9874
4080 29303
4081 13453
4082 10727
4083 20532
4084 24238
4085 12751
4086 29876
4087 3931
4088 3280
4089 1505
4090 31056
4091 10833
4092 16334
4093 26248
4094 23229
4095 11043
4096 16467
4097 1356
4098 8629
4099 24495
4100 11409
4101 12330
4102 10897
4103 8189
4104 30017
4105 27273
4106 10857
4107 20179
4108 11237
4109 4719
4110 3965
4111 18563
4112 1617
4113 26101
4114 16595
4115 13320
4116 15209
4117 31992
4118 290
4119 27217
4120 7468
4121 2834
4122 30959
4123 26589
4124 5106
4125 32200
4126 11254
4127 31880
4128 24305
4129 19205
4130 24011
4131 11685
4132 15878
4133 968
4134 10689
4135 32332
4136 26803
4137 32537
4138 21003
4139 4597
4140 30308
4141 12609
4142 2593
4143 23878
4144 7158
4145 826
4146 16486
4147 22826
4148 25209
4149 15973
4150 11015
4151 27683
4152 15157
4153 24699
4154 7206
4155 32225
4156 5356
4157 27590
4158 24888
4159 26899
4160 22111
4161 1937
4162 12715
4163 16253
4164 25107
4165 1245
4166 28876
4167 5195
4168 1877
4169 6997
4170 18153
4171 16549
4172 1148
4173 29316
4174 21938
4175 22147
4176 32366
4177 19270
4178 3045
4179 13763
4180 4454
4181 23932
4182 23595
4183 30585
4184 24308
4185 15876
4186 23357
4187 9094
4188 15685
4189 24809
4190 2378
4191 25708
4192 27556
4193 3030
4194 19101
4195 11616
4196 28737
4197 19665
4198 21371
4199 1697
4200 817
4201 18725
4202 2890
4203 29705
4204 10935
4205 30880
4206 11001
4207 10721
4208 27842
4209 8447
4210 6811
4211 1018
4212 14774
4213 9639
4214 21077
4215 29433
4216 29807
4217 32662
4218 17019
4219 21491
4220 15236
4221 29080
4222 1782
4223 26170
4224 22472
4225 19646
4226 27113
4227 21366
4228 29719
4229 22796
4230 31124
4231 32247
4232 591
4233 13938
4234 13688
4235 2377
4236 29084
4237 18942
4238 5819
4239 20745
4240 6649
4241 2895
4242 30671
4243 16888
4244 243
4245 17997
4246 8015
4247 18766
4248 23472
4249 9495
4250 29225
4251 20049
4252 29233
4253 5693
4254 4354
4255 27173
4256 18388
4257 25392
4258 25814
4259 20966
4260 11549
4261 2806
4262 24287
4263 9972
4264 7861
4265 13602
4266 28601
4267 8590
4268 5555
4269 20740
4270 31171
4271 18851
4272 11547
4273 13597
4274 17096
4275 12772
4276 16548
4277 21205
4278 10463
4279 26910
4280 26815
4281 21105
4282 7823
4283 5575
4284 30676
4285 11071
4286 12855
4287 28631
4288 23759
4289 3091
4290 9389
4291 3289
4292 3803
4293 10231
4294 21286
4295 12865
4296 26221
4297 15135
4298 30806
4299 8704
4300 1925
4301 23579
4302 2264
4303 5462
4304 16689
4305 27984
4306 11983
4307 23015
4308 1618
4309 17065
4310 10446
4311 17682
4312 25506
4313 20362
4314 4085
4315 29054
4316 5878
4317 28934
4318 18781
4319 31477
4320 11201
4321 10321
4322 9911
4323 11382
4324 16602
4325 22904
4326 31279
4327 21637
4328 23423
4329 25167
4330 8599
4331 13254
4332 27545
4333 7595
4334 19649
4335 14794
4336 25921
4337 9938
4338 812
4339 1065
4340 4996
4341 28976
4342 11491
4343 21457
4344 2147
4345 2124
4346 8867
4347 27805
4348 19998
4349 3066
4350 2364
4351 4906
4352 15795
4353 15569
4354 31801
4355 7398
4356 7841
4357 11487
4358 19395
4359 18025
4360 29681
4361 26780
4362 20931
4363 17417
4364 6775
4365 11293
4366 8775
4367 16552
4368 7254
4369 30858
4370 6951
4371 16081
4372 24002
4373 7634
4374 5864
4375 4100
4376 1802
4377 3229
4378 18144
4379 22093
4380 20437
4381 1155
4382 30875
4383 17435
4384 4011
4385 29307
4386 19070
4387 3664
4388 14264
4389 5014
4390 5034
4391 17557
4392 6605
4393 12269
4394 804
4395 1008
4396 8360
4397 471
4398 14898
4399 14232
4400 23925
4401 7520
4402 26120
4403 23560
4404 3733
4405 27639
4406 7331
4407 30802
4408 925
4409 4199
4410 246
4411 16822
4412 674
4413 18185
4414 29252
4415 7539
4416 4788
4417 5687
4418 19149
4419 29917
4420 20392
4421 25347
4422 29100
4423 4016
4424 11035
4425 15913
4426 17408
4427 26788
4428 16051
4429 32067
4430 6474
4431 12353
4432 5032
4433 29756
4434 26390
4435 29173
4436 899
4437 25351
4438 18398
4439 3940
4440 5670
4441 27537
4442 26923
4443 1535
4444 269
4445 9204
4446 9469
4447 13016
4448 11219
4449 6381
4450 19053
4451 2228
4452 24056
4453 21648
4454 22929
4455 27746
4456 31201
4457 15674
4458 13984
4459 11084
4460 26912
4461 24776
4462 6230
4463 16460
4464 7670
4465 6
4466 13722
4467 23233
4468 19990
4469 28266
4470 30303
4471 23521
4472 19116
4473 6659
4474 11208
4475 15953
4476 6558
4477 20396
4478 5007
4479 7155
4480 13330
4481 3973
4482 10919
4483 17919
4484 3632
4485 1444
4486 4896
4487 9045
4488 19497
4489 31495
4490 4428
4491 18705
4492 18552
4493 21197
4494 25632
4495 352
4496 20328
4497 26534
4498 31964
4499 13459
4500 13270
4501 23945
4502 23023
4503 26738
4504 8504
4505 15269
4506 2324
4507 18899
4508 20190
4509 25241
4510 5314
4511 29803
4512 30840
4513 13031
4514 24771
4515 27875
4516 16345
4517 30630
4518 14882
4519 302
4520 23546
4521 27000
4522 7755
4523 795
4524 14658
4525 23996
4526 32110
4527 4390
4528 28420
4529 30213
4530 31780
4531 24980
4532 11850
4533 25546
4534 30805
4535 17343
4536 3537
4537 5215
4538 21849
4539 19374
4540 22356
4541 22819
4542 21341
4543 23528
4544 14861
4545 24572
4546 30217
4547 394
4548 1658
4549 4096
4550 15968
4551 22168
4552 22365
4553 7797
4554 15335
4555 24209
4556 19462
4557 28668
4558 14601
4559 4422
4560 14292
4561 6665
4562 1722
4563 2027
4564 27386
4565 6294
4566 11099
4567 111
4568 30847
4569 3097
4570 30941
4571 11017
4572 7561
4573 5043
4574 20010
4575 30228
4576 11738
4577 6058
4578 1984
4579 19484
4580 10651
4581 6169
4582 25503
4583 30777
4584 24664
4585 21478
4586 23654
4587 9371
4588 17741
4589 23541
4590 16313
4591 10087
4592 22752
4593 26267
4594 997
4595 4546
4596 19310
4597 30550
4598 8391
4599 13610
4600 15690
4601 11963
4602 28650
4603 4877
4604 16387
4605 22191
4606 22511
4607 27284
4608 31974
4609 32474
4610 18226
4611 22720
4612 9412
4613 15705
4614 16810
4615 16057
4616 3318
4617 26547
4618 1553
4619 25187
4620 7581
4621 22543
4622 3653
4623 32049
4624 29998
4625 4772
4626 28399
4627 11582
4628 25903
4629 24432
4630 23138
4631 31898
4632 11323
4633 11309
4634 19142
4635 29409
4636 4428
4637 19073
4638 6005
4639 25875
4640 17466
4641 24181
4642 31141
4643 30623
4644 10110
4645 4392
4646 17480
4647 1729
4648 26428
4649 23493
4650 21296
4651 26894
4652 385
4653 32434
4654 30071
4655 16462
4656 9161
4657 30986
4658 22302
4659 19593
4660 452
4661 5198
4662 11764
4663 30053
4664 2393
4665 22615
4666 11705
4667 32175
4668 6124
4669 31631
4670 1924
4671 5431
4672 5340
4673 9057
4674 30818
4675 15585
4676 5456
4677 2286
4678 11072
4679 12537
4680 27956
4681 22018
4682 29195
4683 19911
4684 20862
4685 20038
4686 6677
4687 8803
4688 28598
4689 6327
4690 24507
4691 9675
4692 7861
4693 15702
4694 17733
4695 16947
4696 3245
4697 11041
4698 20749
4699 10908
4700 3689
4701 23107
4702 30436
4703 11944
4704 29654
4705 24200
4706 12465
4707 173
4708 1475
4709 32275
4710 2651
4711 8712
4712 4325
4713 8275
4714 9449
4715 27060
4716 8734
4717 10547
4718 29928
4719 22811
4720 22526
4721 5265
4722 16397
4723 13099
4724 28043
4725 26098
4726 7708
4727 2477
4728 25149
4729 16500
4730 264
4731 13522
4732 25421
4733 15108
4734 2140
4735 26895
4736 23088
4737 17616
4738 9177
4739 24363
4740 17502
4741 11775
4742 18785
4743 17047
4744 14423
4745 10400
4746 16916
4747 23037
4748 15336
4749 21985
4750 21176
4751 7707
4752 20394
4753 13186
4754 17246
4755 13010
4756 21453
4757 32137
4758 2626
4759 30330
4760 10771
4761 22582
4762 7668
4763 7033
4764 14623
4765 22073
4766 12981
4767 20
4768 13552
4769 12067
4770 26404
4771 14469
4772 20649
4773 14875
4774 9242
4775 32589
4776 15763
4777 210
4778 13266
4779 32715
4780 7012
4781 32441
4782 21581
4783 12046
4784 15810
4785 24689
4786 18676
4787 9960
4788 27395
4789 22402
4790 12160
4791 14147
4792 30775
4793 22097
4794 7191
4795 8632
4796 26216
4797 18508
4798 16567
4799 13150
4800 25888
4801 6760
4802 9176
4803 12512
4804 24108
4805 10189
4806 10829
4807 18643
4808 28320
4809 24271
4810 30828
4811 70
4812 28955
4813 12833
4814 28270
4815 19866
4816 32076
4817 10821
4818 17433
4819 21908
4820 181
4821 11079
4822 1948
4823 32432
4824 21679
4825 17067
4826 954
4827 20152
4828 30127
4829 4516
4830 20778
4831 18070
4832 16327
4833 10119
4834 5950
4835 12391
4836 21616
4837 24702
4838 16324
4839 5072
4840 3462
4841 7297
4842 8746
4843 17557
4844 8596
4845 25218
4846 27109
4847 16231
4848 23890
4849 17384
4850 15378
4851 18686
4852 5740
4853 5183
4854 24670
4855 872
4856 15237
4857 18734
4858 28964
4859 28065
4860 9596
4861 5801
4862 22230
4863 355
4864 3566
4865 7015
4866 4766
4867 25407
4868 20220
4869 12695
4870 7237
4871 22765
4872 20558
4873 14287
4874 22355
4875 31201
4876 17751
4877 26181
4878 25464
4879 19998
4880 8411
4881 1089
4882 19498
4883 20303
4884 25007
4885 4562
4886 23440
4887 20
4888 7361
4889 14785
4890 5279
4891 3482
4892 26712
4893 8131
4894 6275
4895 12142
4896 3228
4897 24306
4898 31552
4899 14739
4900 7512
4901 19582
4902 19353
4903 5330
4904 24831
4905 21152
4906 21041
4907 4433
4908 10477
4909 30672
4910 19440
4911 18279
4912 32496
4913 26168
4914 9128
4915 31407
4916 19463
4917 1896
4918 28408
4919 13147
4920 23657
4921 2123
4922 12913
4923 459
4924 25801
4925 22874
4926 12536
4927 8287
4928 27865
4929 32527
4930 19051
4931 26505
4932 17165
4933 18077
4934 11656
4935 18470
4936 23969
4937 13022
4938 24842
4939 16398
4940 19677
4941 13709
4942 26644
4943 31977
4944 8856
4945 2229
4946 1491
4947 8517
4948 29435
4949 15465
4950 25696
4951 24550
4952 21127
4953 19638
4954 8931
4955 24925
4956 30041
4957 21462
4958 3838
4959 10205
4960 21421
4961 11430
4962 3433
4963 25929
4964 30626
4965 6491
4966 30169
4967 30609
4968 22589
4969 17008
4970 26151
4971 32575
4972 26031
4973 8674
4974 20654
4975 17485
4976 10971
4977 11936
4978 18933
4979 23866
4980 10259
4981 23613
4982 22926
4983 19549
4984 19234
4985 17129
4986 21053
4987 1912
4988 10384
4989 927
4990 30045
4991 7568
4992 23073
4993 15520
4994 25984
4995 28412
4996 9887
4997 8735
4998 11350
4999 11197
5000 22233
5001 3902
5002 22480
5003 3085
5004 23532
5005 9017
5006 29316
5007 30522
5008 10945
5009 16097
5010 23380
5011 3253
5012 28887
5013 30285
5014 16458
5015 17254
5016 1603
5017 19148
5018 16583
5019 4931
5020 16629
5021 16669
5022 31453
5023 23841
5024 3388
5025 10211
5026 2041
5027 1226
5028 28557
5029 8787
5030 11461
5031 29007
5032 21376
5033 19248
5034 16460
5035 26528
5036 19483
5037 1017
5038 3680
5039 29529
5040 10579
5041 17505
5042 14648
5043 20959
5044 1744
5045 32255
5046 24158
5047 5036
5048 14321
5049 26695
5050 713
5051 26599
5052 13584
5053 18617
5054 2629
5055 17976
5056 28167
5057 2904
5058 15900
5059 27354
5060 9714
5061 16222
5062 9967
5063 22770
5064 15415
5065 19502
5066 15845
5067 22303
5068 1732
5069 29322
5070 14600
5071 6738
5072 8600
5073 28166
5074 30443
5075 4832
5076 22405
5077 19132
5078 19856
5079 4053
5080 2100
5081 17218
5082 16522
5083 11404
5084 12137
5085 15065
5086 25183
5087 15484
5088 29064
5089 10215
5090 25904
5091 10581
5092 20825
5093 680
5094 7836
5095 30540
5096 29448
5097 3104
5098 737
5099 25522
5100 4208
5101 340
5102 23364
5103 20940
5104 664
5105 3769
5106 15284
5107 31199
5108 1150
5109 6125
5110 31658
5111 3722
5112 4884
5113 10149
5114 13907
5115 19544
5116 3721
5117 7143
5118 5617
5119 10134
5120 201
5121 25209
5122 28287
5123 3170
5124 11591
5125 22937
5126 27539
5127 25861
5128 19962
5129 10478
5130 21897
5131 23171
5132 8613
5133 9919
5134 12766
5135 880
5136 12124
5137 7523
5138 17114
5139 29956
5140 25412
5141 1272
5142 10866
5143 27250
5144 26778
5145 1368
5146 13420
5147 30326
5148 25847
5149 21577
5150 3012
5151 29485
5152 30930
5153 17396
5154 24399
5155 9258
5156 10566
5157 5529
5158 14750
5159 16070
5160 5909
5161 25728
5162 4133
5163 19639
5164 9966
5165 15667
5166 19868
5167 7397
5168 32491
5169 13546
5170 23462
5171 13945
5172 32094
5173 5447
5174 28593
5175 566
5176 3277
5177 28739
5178 7965
5179 7692
5180 31035
5181 12393
5182 32416
5183 3818
5184 10921
5185 31042
5186 20713
5187 17621
5188 26845
5189 27664
5190 2179
5191 9527
5192 3170
5193 9406
5194 8445
5195 3961
5196 16592
5197 792
5198 4936
5199 4051
5200 15438
5201 5176
5202 26976
5203 13411
5204 4180
5205 12352
5206 13614
5207 14461
5208 30646
5209 8271
5210 28334
5211 31299
5212 17886
5213 24749
5214 32077
5215 28277
5216 23384
5217 21321
5218 28821
5219 1674
5220 17301
5221 30310
5222 11275
5223 15615
5224 24552
5225 29585
5226 2648
5227 15343
5228 17365
5229 6870
5230 15272
5231 20964
5232 9867
5233 7731
5234 25424
5235 10477
5236 3503
5237 8525
5238 14515
5239 29680
5240 5467
5241 29026
5242 12134
5243 1602
5244 31079
5245 31103
5246 27282
5247 2421
5248 17383
5249 18163
5250 32666
5251 17777
5252 17652
5253 12803
5254 19454
5255 11974
5256 14256
5257 32479
5258 25216
5259 12097
5260 14468
5261 2773
5262 21381
5263 23742
5264 28844
5265 22981
5266 21693
5267 4668
5268 6902
5269 6101
5270 3078
5271 7991
5272 17862
5273 25445
5274 398
5275 306
5276 30302
5277 29510
5278 32056
5279 23443
5280 4444
5281 27942
5282 21314
5283 8627
5284 11396
5285 79
5286 25636
5287 10038
5288 11712
5289 6290
5290 21435
5291 2712
5292 23397
5293 15741
5294 15270
5295 11785
5296 16824
5297 29141
5298 23793
5299 12923
5300 4529
5301 10048
5302 5360
5303 10489
5304 23807
5305 6721
5306 6510
5307 28218
5308 21323
5309 10857
5310 16392
5311 25718
5312 25793
5313 716
5314 21715
5315 32632
5316 28109
5317 9907
5318 17477
5319 22261
5320 20514
5321 13968
5322 7250
5323 13084
5324 7425
5325 311
5326 10453
5327 18286
5328 13496
5329 13642
5330 12082
5331 4048
5332 32617
5333 18165
5334 3385
5335 990
5336 8972
5337 24028
5338 16206
5339 5251
5340 23223
5341 24402
5342 4551
5343 10182
5344 21277
5345 26828
5346 406
5347 1767
5348 12374
5349 20117
5350 4136
5351 29355
5352 8414
5353 29379
5354 3725
5355 20980
5356 8671
5357 2153
5358 9176
5359 11924
5360 22707
5361 5902
5362 4809
5363 29795
5364 9636
5365 21086
5366 681
5367 9872
5368 21495
5369 6688
5370 20342
5371 32564
5372 2858
5373 13928
5374 9536
5375 11565
5376 25977
5377 9230
5378 27347
5379 9257
5380 20391
5381 1374
5382 16278
5383 13057
5384 5626
5385 2833
5386 4275
5387 21577
5388 17032
5389 27005
5390 2424
5391 27941
5392 12465
5393 11784
5394 25342
5395 28253
5396 31213
5397 2274
5398 22280
5399 2996
5400 8136
5401 24308
5402 14893
5403 32118
5404 5930
5405 14355
5406 314
5407 81
5408 6364
5409 23930
5410 13778
5411 1893
5412 23368
5413 15479
5414 7767
5415 21662
5416 6528
5417 24932
5418 7438
5419 27458
5420 2946
5421 7897
5422 2685
5423 4294
5424 13243
5425 13600
5426 3864
5427 20454
5428 9673
5429 3561
5430 16413
5431 12789
5432 10885
5433 24639
5434 957
5435 8817
5436 25921
5437 20667
5438 124
5439 12506
5440 24142
5441 25080
5442 7130
5443 9412
5444 5826
5445 18758
5446 19507
5447 6188
5448 2423
5449 31651
5450 16868
5451 3080
5452 15703
5453 1767
5454 11183
5455 11041
5456 19671
5457 2878
5458 6753
5459 12069
5460 1730
5461 26843
5462 18353
5463 7160
5464 3128
5465 30187
5466 17516
5467 17740
5468 4086
5469 20680
5470 20943
5471 21105
5472 6872
5473 8816
5474 27188
5475 13422
5476 31131
5477 25909
5478 15602
5479 16976
5480 14312
5481 950
5482 8574
5483 28610
5484 19598
5485 25613
5486 17878
5487 20958
5488 23312
5489 13130
5490 7199
5491 26179
5492 11871
5493 1313
5494 19340
5495 20584
5496 20712
5497 7135
5498 10371
5499 304
5500 26065
5501 27810
5502 30715
5503 31934
5504 10112
5505 13258
5506 553
5507 12938
5508 12126
5509 11691
5510 14427
5511 7092
5512 27354
5513 18308
5514 29220
5515 5017
5516 25008
5517 23733
5518 1465
5519 7845
5520 12651
5521 21548
5522 16283
5523 4968
5524 25128
5525 12833
5526 32118
5527 23019
5528 30878
5529 29187
5530 28745
5531 13636
5532 26971
5533 15538
5534 18888
5535 19304
5536 20816
5537 20206
5538 22783
5539 24385
5540 6032
5541 9232
5542 23095
5543 28928
5544 23637
5545 14583
5546 32285
5547 14517
5548 22852
5549 31558
5550 27681
5551 12060
5552 5874
5553 14541
5554 17437
5555 6330
5556 7078
5557 9028
5558 25399
5559 18217
5560 30561
5561 15423
5562 28680
5563 1201
5564 20763
5565 15710
5566 29182
5567 24088
5568 22864
5569 20676
5570 30718
5571 16058
5572 17851
5573 11723
5574 4686
5575 4828
5576 14946
5577 28150
5578 9139
5579 25661
5580 17362
5581 11816
5582 19926
5583 9454
5584 18092
5585 20499
5586 31980
5587 7268
5588 2144
5589 28658
5590 22166
5591 10956
5592 13625
5593 25211
5594 4102
5595 22174
5596 1946
5597 20239
5598 28516
5599 22645
5600 29831
5601 14901
5602 31856
5603 6430
5604 358
5605 5190
5606 9320
5607 21998
5608 9991
5609 8298
5610 21804
5611 24409
5612 26083
5613 18370
5614 21408
5615 9665
5616 28577
5617 11495
5618 20818
5619 2188
5620 2527
5621 5012
5622 1373
5623 7033
5624 3630
5625 28831
5626 19597
5627 22068
5628 11102
5629 13870
5630 5315
5631 25128
5632 19453
5633 12327
5634 6043
5635 31380
5636 17946
5637 1256
5638 10317
5639 4833
5640 14414
5641 11833
5642 6353
5643 14131
5644 14334
5645 32382
5646 31303
5647 23358
5648 13530
5649 1586
5650 15509
5651 2907
5652 13737
5653 28048
5654 29010
5655 13274
5656 21065
5657 5779
5658 13795
5659 29338
5660 3825
5661 6945
5662 2275
5663 9944
5664 31930
5665 31619
5666 3785
5667 13125
5668 17246
5669 4377
5670 2500
5671 9819
5672 30783
5673 6476
5674 2282
5675 15600
5676 26283
5677 27843
5678 4754
5679 29452
5680 11614
5681 14042
5682 19966
5683 5880
5684 21832
5685 16720
5686 28734
5687 4759
5688 17809
5689 10303
5690 28752
5691 24313
5692 14555
5693 2642
5694 18060
5695 22062
5696 6087
5697 2354
5698 15168
5699 22360
5700 23738
5701 11841
5702 2199
5703 28932
5704 25825
5705 1931
5706 21439
5707 1467
5708 21106
5709 4346
5710 16714
5711 7891
5712 25653
5713 15817
5714 10453
5715 24971
5716 26180
5717 13882
5718 11240
5719 23128
5720 8207
5721 7564
5722 13342
5723 4729
5724 25506
5725 29735
5726 7302
5727 9169
5728 8747
5729 27163
5730 2632
5731 16118
5732 10678
5733 13768
5734 14476
5735 22406
5736 28732
5737 17118
5738 15255
5739 27322
5740 4060
5741 19849
5742 32567
5743 5181
5744 22632
5745 15845
5746 1122
5747 25918
5748 6691
5749 22456
5750 8730
5751 12740
5752 3529
5753 4704
5754 19859
5755 18497
5756 32208
5757 11530
5758 11672
5759 18283
5760 5358
5761 21285
5762 32043
5763 1607
5764 30171
5765 25879
5766 364
5767 17030
5768 88
5769 14638
5770 5820
5771 2325
5772 26480
5773 26841
5774 6433
5775 3312
5776 31998
5777 32280
5778 11244
5779 24631
5780 22127
5781 5425
5782 9370
5783 17283
5784 11977
5785 18085
5786 7417
5787 32634
5788 10732
5789 28002
5790 28812
5791 31905
5792 23833
5793 7482
5794 10543
5795 3442
5796 16560
5797 23956
5798 7934
5799 7855
5800 28478
5801 31841
5802 20340
5803 16885
5804 21942
5805 3410
5806 12240
5807 18068
5808 14591
5809 26952
5810 32445
5811 21662
5812 13487
5813 16909
5814 22833
5815 15934
5816 5911
5817 7745
5818 5782
5819 31563
5820 15999
5821 20887
5822 12328
5823 797
5824 23474
5825 17729
5826 14238
5827 30880
5828 15806
5829 9384
5830 8460
5831 23718
5832 2805
5833 16993
5834 25608
5835 14978
5836 2871
5837 18780
5838 14348
5839 722
5840 26484
5841 3679
5842 28699
5843 2204
5844 620
5845 5555
5846 14759
5847 21661
5848 20153
5849 8478
5850 17075
5851 17117
5852 17936
5853 23057
5854 2869
5855 7815
5856 26052
5857 27681
5858 26046
5859 12280
5860 21643
5861 9147
5862 27484
5863 28950
5864 5509
5865 25876
5866 26304
5867 23523
5868 27770
5869 3936
5870 31388
5871 1874
5872 22372
5873 8260
5874 1871
5875 1625
5876 16685
5877 11149
5878 5060
5879 15687
5880 20921
5881 31522
5882 15767
5883 8536
5884 32551
5885 27447
5886 29818
5887 5766
5888 17492
5889 22212
5890 1240
5891 24483
5892 8353
5893 10294
5894 13752
5895 21669
5896 17655
5897 25188
5898 32227
5899 21313
5900 4616
5901 13764
5902 5193
5903 7611
5904 19415
5905 30175
5906 24481
5907 7164
5908 9850
5909 770
5910 2384
5911 13029
5912 4126
5913 31799
5914 14220
5915 9699
5916 23629
5917 19827
5918 12993
5919 14019
5920 13420
5921 28177
5922 31283
5923 30664
5924 29064
5925 25471
5926 3046
5927 1019
5928 17234
5929 23608
5930 25531
5931 4547
5932 18535
5933 30450
5934 30171
5935 5045
5936 31701
5937 2584
5938 10328
5939 23469
5940 7131
5941 32634
5942 4114
5943 29726
5944 28145
5945 6212
5946 29912
5947 9126
5948 1032
5949 11564
5950 24784
5951 20198
5952 26387
5953 16112
5954 16153
5955 11408
5956 19142
5957 27392
5958 19886
5959 32705
5960 11934
5961 6263
5962 26254
5963 19602
5964 4129
5965 29008
5966 25626
5967 15082
5968 4711
5969 31703
5970 9406
5971 7062
5972 16089
5973 26717
5974 29139
5975 17307
5976 17209
5977 26416
5978 19908
5979 12746
5980 20707
5981 6859
5982 28016
5983 12950
5984 338
5985 31305
5986 24784
5987 30243
5988 25573
5989 14368
5990 11994
5991 19615
5992 6371
5993 267
5994 26789
5995 31957
5996 7614
5997 10056
5998 30669
5999 26879
6000 11924
6001 3588
6002 11289
6003 30172
6004 24827
6005 26900
6006 19547
6007 26627
6008 23550
6009 9445
6010 11928
6011 11127
6012 20835
6013 2742
6014 7017
6015 14715
6016 7216
6017 29956
6018 161
6019 4264
6020 10349
6021 10310
6022 14128
6023 29500
6024 2090
6025 9179
6026 24648
6027 24501
6028 22980
6029 32577
6030 7614
6031 30623
6032 25445
6033 10119
6034 10674
6035 18602
6036 1994
6037 4357
6038 4466
6039 11263
6040 30793
6041 12618
6042 6044
6043 12244
6044 18450
6045 21846
6046 387
6047 16190
6048 17589
6049 10250
6050 21460
6051 31815
6052 14308
6053 31964
6054 17018
6055 65
6056 30330
6057 13007
6058 22462
6059 30298
6060 24765
6061 17315
6062 5811
6063 17520
6064 14304
6065 21320
6066 7377
6067 13862
6068 27853
6069 21401
6070 1760
6071 24119
6072 19489
6073 4167
6074 7448
6075 8714
6076 11127
6077 14099
6078 2694
6079 9095
6080 31721
6081 12353
6082 9137
6083 32042
6084 26068
6085 23369
6086 126
6087 1109
6088 20956
6089 975
6090 27985
6091 1515
6092 816
6093 8917
6094 30581
6095 12570
6096 9999
6097 16432
6098 6334
6099 9336
6100 32140
6101 2104
6102 18028
6103 20818
6104 32654
6105 27076
6106 26451
6107 10560
6108 9754
6109 20566
6110 30009
6111 18941
6112 14037
6113 20114
6114 19840
6115 7030
6116 14788
6117 19701
6118 29957
6119 5153
6120 31831
6121 4291
6122 21319
6123 6032
6124 17830
6125 12097
6126 10444
6127 9030
6128 8186
6129 16677
6130 17600
6131 15817
6132 23439
6133 27211
6134 15840
6135 23545
6136 11928
6137 2473
6138 12950
6139 12447
6140 5764
6141 9605
6142 21605
6143 6729
6144 24192
6145 26597
6146 17032
6147 9046
6148 28477
6149 16200
6150 30678
6151 18509
6152 19443
6153 30611
6154 20457
6155 30835
6156 24742
6157 24398
6158 26495
6159 1180
6160 1448
6161 19728
6162 23584
6163 28737
6164 23647
6165 6456
6166 12034
6167 22739
6168 26952
6169 24542
6170 20265
6171 26447
6172 3900
6173 7946
6174 3794
6175 19
6176 20466
6177 1315
6178 2066
6179 9456
6180 30150
6181 938
6182 13499
6183 15744
6184 2744
6185 31272
6186 15743
6187 14777
6188 16568
6189 3428
6190 17496
6191 17091
6192 12065
6193 32474
6194 11815
6195 28167
6196 2435
6197 6249
6198 12187
6199 9865
6200 13221
6201 76
6202 8532
6203 16503
6204 22218
6205 2379
6206 24392
6207 27394
6208 23604
6209 21298
6210 14182
6211 29804
6212 28903
6213 20355
6214 11130
6215 5218
6216 30383
6217 32360
6218 2641
6219 12429
6220 1636
6221 30699
6222 9245
6223 20324
6224 26477
6225 5481
6226 7706
6227 11588
6228 8323
6229 20292
6230 10610
6231 10178
6232 1463
6233 8921
6234 8543
6235 29504
6236 26551
6237 5298
6238 21647
6239 20158
6240 18509
6241 8956
6242 32204
6243 10739
6244 14376
6245 15419
6246 12252
6247 29084
6248 16863
6249 3644
6250 14502
6251 30229
6252 1587
6253 16715
6254 16279
6255 8230
6256 28053
6257 29607
6258 9028
6259 26655
6260 4840
6261 2355
6262 23121
6263 17191
6264 19335
6265 9070
6266 23441
6267 31441
6268 28810
6269 21925
6270 20846
6271 8944
6272 19781
6273 26984
6274 7308
6275 8621
6276 22290
6277 18234
6278 27049
6279 32214
6280 4689
6281 22412
6282 24264
6283 26489
6284 18604
6285 28653
6286 9102
6287 11954
6288 29856
6289 8315
6290 18668
6291 7361
6292 1592
6293 30109
6294 21502
6295 25439
6296 25884
6297 500
6298 28723
6299 5715
6300 21451
6301 17550
6302 3247
6303 25408
6304 6181
6305 16221
6306 26861
6307 31681
6308 3372
6309 20968
6310 21673
6311 26039
6312 523
6313 11329
6314 9981
6315 9698
6316 2648
6317 28215
6318 12490
6319 30895
6320 9110
6321 18124
6322 11865
6323 3409
6324 21502
6325 10218
6326 31810
6327 30483
6328 9855
6329 25169
6330 5005
6331 18669
6332 10243
6333 15828
6334 4376
6335 3925
6336 18932
6337 25029
6338 19512
6339 7255
6340 19966
6341 8622
6342 16547
6343 23016
6344 7959
6345 577
6346 20366
6347 5752
6348 15293
6349 2706
6350 7186
6351 32710
6352 5503
6353 13700
6354 1748
6355 16376
6356 2495
6357 6017
6358 3301
6359 28907
6360 22454
6361 3183
6362 3559
6363 22984
6364 14265
6365 479
6366 15730
6367 10968
6368 30650
6369 12679
6370 17334
6371 11161
6372 16657
6373 24562
6374 20833
6375 3857
6376 27517
6377 29558
6378 10947
6379 25186
6380 357
6381 30567
6382 28207
6383 18847
6384 22884
6385 24458
6386 6565
6387 32478
6388 26885
6389 8140
6390 5039
6391 18318
6392 13515
6393 27700
6394 15241
6395 21515
6396 373
6397 13591
6398 17540
6399 15728
6400 10879
6401 13195
6402 24748
6403 5549
6404 16876
6405 6685
6406 32425
6407 15833
6408 23875
6409 15815
6410 7907
6411 30409
6412 13272
6413 19228
6414 1002
6415 24545
6416 29260
6417 23494
6418 16916
6419 22570
6420 26455
6421 50
6422 29288
6423 30117
6424 28101
6425 4490
6426 3258
6427 1759
6428 14271
6429 24548
6430 11544
6431 21190
6432 24396
6433 4281
6434 18533
6435 2747
6436 24600
6437 16792
6438 5188
6439 8936
6440 24179
6441 17179
6442 9784
6443 1236
6444 24476
6445 27
6446 3593
6447 20532
6448 22336
6449 25888
6450 28521
6451 7685
6452 11838
6453 23579
6454 24279
6455 31191
6456 9901
6457 12376
6458 1476
6459 1388
6460 16672
6461 28334
6462 20980
6463 31361
6464 1832
6465 5625
6466 13352
6467 32492
6468 24347
6469 11210
6470 12794
6471 32487
6472 19732
6473 2396
6474 20232
6475 428
6476 17723
6477 29898
6478 4436
6479 11330
6480 29511
6481 23168
6482 9451
6483 26262
6484 6977
6485 15087
6486 25285
6487 22221
6488 30602
6489 8326
6490 16109
6491 9945
6492 14367
6493 12765
6494 25057
6495 18506
6496 1820
6497 13363
6498 28988
6499 10855
6500 13951
6501 4634
6502 19346
6503 5758
6504 31535
6505 14961
6506 15260
6507 9848
6508 22845
6509 27539
6510 26261
6511 2480
6512 9577
6513 16078
6514 31203
6515 3078
6516 16360
6517 2071
6518 23546
6519 4911
6520 27748
6521 24059
6522 25726
6523 1615
6524 27461
6525 24025
6526 24487
6527 21449
6528 14383
6529 79
6530 24810
6531 2389
6532 4555
6533 4594
6534 10454
6535 12884
6536 11979
6537 9282
6538 8764
6539 28769
6540 17448
6541 2781
6542 14994
6543 553
6544 16558
6545 14578
6546 6553
6547 11388
6548 25019
6549 4857
6550 31806
6551 14756
6552 1348
6553 2209
6554 14014
6555 757
6556 23832
6557 2826
6558 8718
6559 14501
6560 26473
6561 13109
6562 30842
6563 23518
6564 20616
6565 11449
6566 25996
6567 7954
6568 8688
6569 14519
6570 19759
6571 8335
6572 25222
6573 23823
6574 3604
6575 13139
6576 3103
6577 5076
6578 17237
6579 10785
6580 31299
6581 3838
6582 18777
6583 22740
6584 13873
6585 25695
6586 2551
6587 16372
6588 17442
6589 13785
6590 21470
6591 5767
6592 21970
6593 10701
6594 16692
6595 9769
6596 1597
6597 18390
6598 29053
6599 11615
6600 678
6601 3512
6602 6847
6603 15401
6604 17630
6605 20627
6606 13795
6607 16086
6608 17091
6609 15965
6610 19039
6611 11036
6612 14087
6613 5006
6614 7442
6615 872
6616 26419
6617 22813
6618 18031
6619 9331
6620 2795
6621 16044
6622 29662
6623 4374
6624 14451
6625 25856
6626 22623
6627 12383
6628 31346
6629 11443
6630 4209
6631 12772
6632 29430
6633 23853
6634 32050
6635 3159
6636 12217
6637 14288
6638 23239
6639 19035
6640 5027
6641 19315
6642 5630
6643 6550
6644 31119
6645 7186
6646 9522
6647 20488
6648 29778
6649 29379
6650 26736
6651 23451
6652 20473
6653 27116
6654 21719
6655 20475
6656 14419
6657 2484
6658 28485
6659 1703
6660 10416
6661 2231
6662 23088
6663 1353
6664 2279
6665 1278
6666 31441
6667 7747
6668 7070
6669 18734
6670 31112
6671 32650
6672 8645
6673 29183
6674 8572
6675 9143
6676 22372
6677 2032
6678 25474
6679 22875
6680 11671
6681 24890
6682 64
6683 21651
6684 26070
6685 24578
6686 7570
6687 32477
6688 29306
6689 24786
6690 19244
6691 31018
6692 16509
6693 27978
6694 14977
6695 1077
6696 20098
6697 1811
6698 11748
6699 17170
6700 13589
6701 7957
6702 25325
6703 3082
6704 1075
6705 3306
6706 31775
6707 15270
6708 6669
6709 6802
6710 11719
6711 15882
6712 22281
6713 30824
6714 12839
6715 17028
6716 21258
6717 11604
6718 18644
6719 19813
6720 30705
6721 22339
6722 17757
6723 7184
6724 9572
6725 20436
6726 28973
6727 3920
6728 16846
6729 2388
6730 17587
6731 4079
6732 23718
6733 14317
6734 15296
6735 8580
6736 17909
6737 6938
6738 18736
6739 6028
6740 16146
6741 31582
6742 11724
6743 8380
6744 10416
6745 12342
6746 13935
6747 7318
6748 21019
6749 16972
6750 9576
6751 28475
6752 19903
6753 32237
6754 19232
6755 18304
6756 28394
6757 2493
6758 4605
6759 2883
6760 21715
6761 21930
6762 389
6763 24064
6764 9946
6765 30238
6766 31943
6767 30111
6768 26129
6769 16249
6770 16374
6771 12688
6772 30716
6773 13758
6774 24920
6775 10266
6776 20117
6777 9356
6778 22878
6779 7664
6780 20883
6781 29521
6782 22037
6783 7174
6784 27884
6785 2490
6786 23997
6787 6050
6788 26777
6789 22638
6790 1206
6791 24758
6792 28057
6793 23035
6794 15012
6795 19053
6796 23608
6797 8208
6798 29387
6799 16900
6800 22417
6801 16622
6802 11195
6803 18395
6804 10834
6805 14617
6806 6706
6807 32460
6808 26815
6809 5459
6810 31550
6811 17851
6812 29690
6813 30922
6814 20898
6815 3950
6816 17025
6817 21393
6818 4731
6819 27807
6820 4600
6821 23885
6822 1315
6823 31824
6824 26153
6825 10289
6826 23126
6827 13919
6828 31049
6829 24620
6830 16019
6831 17498
6832 380
6833 2656
6834 27589
6835 23700
6836 28572
6837 22743
6838 32291
6839 21369
6840 2870
6841 26225
6842 4181
6843 22302
6844 4054
6845 28449
6846 25304
6847 2333
6848 12165
6849 22617
6850 4771
6851 27295
6852 7823
6853 7619
6854 8971
6855 20154
6856 3210
6857 30258
6858 24292
6859 18174
6860 11923
6861 17624
6862 21737
6863 15946
6864 16091
6865 10937
6866 29534
6867 13796
6868 5475
6869 19551
6870 1779
6871 22729
6872 15875
6873 8144
6874 8428
6875 22850
6876 12209
6877 22205
6878 10367
6879 19640
6880 2304
6881 14588
6882 7037
6883 31177
6884 30183
6885 825
6886 16949
6887 19612
6888 8900
6889 7656
6890 23190
6891 25969
6892 24736
6893 16509
6894 32403
6895 30076
6896 24245
6897 21728
6898 18892
6899 24051
6900 7469
6901 12059
6902 618
6903 17766
6904 32045
6905 27990
6906 18762
6907 5967
6908 4626
6909 5126
6910 5471
6911 8682
6912 6139
6913 14945
6914 32337
6915 17990
6916 13191
6917 23317
6918 6762
6919 28316
6920 24288
6921 7481
6922 29619
6923 16097
6924 10232
6925 10628
6926 22618
6927 13207
6928 9234
6929 24509
6930 2647
6931 8936
6932 15493
6933 114
6934 4687
6935 21493
6936 14524
6937 7917
6938 14777
6939 8300
6940 10626
6941 28516
6942 28735
6943 21592
6944 6524
6945 17776
6946 8295
6947 16446
6948 9975
6949 22208
6950 14194
6951 12645
6952 27365
6953 5647
6954 25733
6955 17525
6956 20769
6957 14931
6958 21254
6959 17988
6960 17915
6961 17976
6962 25673
6963 5868
6964 23792
6965 9164
6966 11372
6967 17185
6968 21689
6969 10364
6970 13951
6971 18369
6972 7304
6973 5439
6974 21480
6975 13229
6976 16014
6977 26385
6978 31494
6979 7128
6980 21440
6981 2979
6982 30997
6983 5533
6984 25819
6985 20049
6986 31570
6987 11094
6988 23717
6989 4436
6990 13151
6991 32554
6992 28534
6993 10041
6994 6888
6995 4134
6996 7160
6997 24721
6998 6791
6999 21903
7000 10539
7001 8683
7002 6117
7003 9335
7004 17836
7005 5631
7006 12067
7007 5007
7008 11318
7009 20524
7010 7032
7011 20796
7012 29033
7013 29477
7014 4891
7015 8173
7016 24266
7017 12263
7018 6755
7019 27819
7020 32524
7021 12526
7022 4652
7023 13298
7024 16270
7025 17832
7026 1406
7027 10431
7028 19236
7029 25130
7030 31337
7031 20970
7032 538
7033 18210
7034 18995
7035 4534
7036 13174
7037 26124
7038 17590
7039 19367
7040 31614
7041 21929
7042 8963
7043 7315
7044 27514
7045 27309
7046 3403
7047 22780
7048 24251
7049 18616
7050 14336
7051 17821
7052 8412
7053 32648
7054 23607
7055 15939
7056 18760
7057 2157
7058 3921
7059 16094
7060 28668
7061 14333
7062 15834
7063 728
7064 8079
7065 30728
7066 19889
7067 11941
7068 10351
7069 24015
7070 11113
7071 14236
7072 14701
7073 28784
7074 18160
7075 32261
7076 24956
7077 13221
7078 17262
7079 19827
7080 24245
7081 19118
7082 24176
7083 14164
7084 24223
7085 18316
7086 21062
7087 31686
7088 5038
7089 31344
7090 14249
7091 29868
7092 17417
7093 21875
7094 10914
7095 14081
7096 13712
7097 14471
7098 13991
7099 24173
7100 6942
7101 14766
7102 19974
7103 14102
7104 26379
7105 15722
7106 20615
7107 14777
7108 9974
7109 29556
7110 25932
7111 3577
7112 19649
7113 2992
7114 11261
7115 1783
7116 2268
7117 14177
7118 2338
7119 20002
7120 6599
7121 19098
7122 4560
7123 12369
7124 13522
7125 4597
7126 23176
7127 16655
7128 27688
7129 12422
7130 11612
7131 18485
7132 13835
7133 6674
7134 27475
7135 11711
7136 31073
7137 32125
7138 7439
7139 22488
7140 17264
7141 13186
7142 30381
7143 12087
7144 2790
7145 1447
7146 21229
7147 15790
7148 9244
7149 24943
7150 27027
7151 6912
7152 19099
7153 19409
7154 17677
7155 7156
7156 25568
7157 10473
7158 15189
7159 30631
7160 24412
7161 11246
7162 28185
7163 22310
7164 22463
7165 868
7166 5658
7167 828
7168 22902
7169 5522
7170 7634
7171 9353
7172 29298
7173 24887
7174 20313
7175 18900
7176 28460
7177 22137
7178 6537
7179 10403
7180 26854
7181 15390
7182 12385
7183 19464
7184 2355
7185 29950
7186 3239
7187 9661
7188 9913
7189 14776
7190 3793
7191 13683
7192 7990
7193 6821
7194 18726
7195 14952
7196 4801
7197 24074
7198 13601
7199 9016
7200 25683
7201 3730
7202 22550
7203 12277
7204 9093
7205 19963
7206 6935
7207 31353
7208 17307
7209 16399
7210 23065
7211 22779
7212 17346
7213 8662
7214 28243
7215 20193
7216 11414
7217 24842
7218 14311
7219 32725
7220 1767
7221 18379
7222 27332
7223 22811
7224 12221
7225 4244
7226 8907
7227 25890
7228 11673
7229 30318
7230 817
7231 32089
7232 27390
7233 5475
7234 25892
7235 20035
7236 31280
7237 12086
7238 22961
7239 25038
7240 17980
7241 10321
7242 741
7243 9185
7244 21816
7245 20735
7246 2098
7247 5428
7248 32716
7249 20187
7250 10773
7251 8292
7252 16882
7253 14985
7254 14582
7255 17735
7256 2297
7257 17827
7258 29520
7259 3709
7260 8912
7261 31990
7262 3857
7263 1351
7264 12929
7265 31471
7266 29252
7267 6044
7268 19964
7269 7760
7270 24301
7271 9338
7272 10518
7273 6439
7274 5684
7275 8827
7276 29137
7277 27649
7278 14022
7279 5288
7280 16862
7281 8539
7282 23161
7283 16785
7284 18784
7285 23897
7286 14127
7287 24734
7288 5875
7289 5563
7290 18172
7291 12704
7292 8429
7293 1548
7294 15243
7295 12971
7296 29668
7297 13340
7298 16573
7299 26664
7300 10864
7301 6321
7302 21140
7303 27430
7304 4657
7305 16506
7306 10832
7307 12785
7308 8724
7309 31044
7310 1751
7311 18150
7312 9683
7313 24432
7314 21594
7315 24965
7316 17083
7317 24485
7318 30518
7319 5576
7320 14770
7321 194
7322 15896
7323 3507
7324 2680
7325 2583
7326 16229
7327 301
7328 23597
7329 22996
7330 9689
7331 24590
7332 20244
7333 32705
7334 12398
7335 25209
7336 7062
7337 28720
7338 27007
7339 29548
7340 8842
7341 25393
7342 22829
7343 10645
7344 21171
7345 13316
7346 14082
7347 17000
7348 1930
7349 21716
7350 24276
7351 21358
7352 17726
7353 10914
7354 3308
7355 9696
7356 30202
7357 25983
7358 9576
7359 28788
7360 3174
7361 10494
7362 2782
7363 25463
7364 12144
7365 6377
7366 18498
7367 15132
7368 21324
7369 7731
7370 4618
7371 19476
7372 25529
7373 30766
7374 25231
7375 15966
7376 25479
7377 28158
7378 13751
7379 27233
7380 9558
7381 13390
7382 10193
7383 3128
7384 416
7385 23361
7386 31680
7387 16717
7388 11770
7389 22699
7390 19548
7391 1065
7392 6550
7393 642
7394 27925
7395 6794
7396 29453
7397 3471
7398 15834
7399 10678
7400 15195
7401 25705
7402 30265
7403 25872
7404 2603
7405 27300
7406 11207
7407 2793
7408 26454
7409 70
7410 6082
7411 9112
7412 23974
7413 22906
7414 24565
7415 14029
7416 10975
7417 32393
7418 26332
7419 27426
7420 12544
7421 2053
7422 26377
7423 17395
7424 3270
7425 27464
7426 24006
7427 29040
7428 30066
7429 27421
7430 2300
7431 26352
7432 18892
7433 188
7434 31827
7435 11145
7436 28264
7437 20732
7438 4507
7439 6365
7440 24872
7441 452
7442 14443
7443 31798
7444 9730
7445 962
7446 26887
7447 19926
7448 28931
7449 9312
7450 16007
7451 29320
7452 12692
7453 31732
7454 31798
7455 15227
7456 25341
7457 3127
7458 569
7459 6224
7460 17959
7461 8953
7462 30065
7463 12146
7464 26790
7465 21779
7466 7842
7467 20646
7468 7414
7469 9628
7470 17620
7471 30179
7472 18437
7473 11616
7474 1785
7475 18019
7476 10226
7477 22157
7478 30929
7479 20474
7480 30741
7481 176
7482 1803
7483 27303
7484 5695
7485 8416
7486 26285
7487 31337
7488 3395
7489 12857
7490 5045
7491 851
7492 10421
7493 2701
7494 8960
7495 17379
7496 30193
7497 26453
7498 27500
7499 18832
7500 22111
7501 18158
7502 19002
7503 13218
7504 1782
7505 25090
7506 1718
7507 6214
7508 16639
7509 22852
7510 6425
7511 16354
7512 22556
7513 27488
7514 22702
7515 10918
7516 31112
7517 18225
7518 21812
7519 5220
7520 28832
7521 20021
7522 24452
7523 27297
7524 5283
7525 23359
7526 1395
7527 26860
7528 17334
7529 24940
7530 1274
7531 20334
7532 3883
7533 30552
7534 31380
7535 26563
7536 32002
7537 8850
7538 20200
7539 19464
7540 688
7541 30541
7542 10152
7543 9269
7544 7456
7545 24664
7546 24505
7547 19885
7548 10744
7549 9040
7550 19092
7551 8468
7552 26141
7553 29972
7554 18156
7555 19041
7556 13689
7557 12921
7558 25745
7559 26420
7560 6140
7561 4415
7562 8596
7563 24425
7564 28640
7565 23876
7566 684
7567 11245
7568 32050
7569 5624
7570 2776
7571 32720
7572 12942
7573 17
7574 22086
7575 1948
7576 18218
7577 32640
7578 23668
7579 13030
7580 10773
7581 19875
7582 7573
7583 15394
7584 15041
7585 24508
7586 16182
7587 25276
7588 27328
7589 4514
7590 23585
7591 2916
7592 11467
7593 26806
7594 2945
7595 15017
7596 21768
7597 793
7598 25416
7599 7625
7600 20109
7601 1820
7602 31182
7603 5575
7604 18976
7605 9976
7606 10938
7607 30911
7608 19008
7609 3264
7610 8998
7611 32119
7612 12394
7613 17043
7614 30974
7615 1334
7616 12181
7617 27414
7618 20905
7619 14297
7620 18431
7621 24097
7622 23532
7623 9763
7624 12331
7625 32185
7626 8459
7627 26197
7628 20266
7629 22335
7630 28977
7631 24318
7632 11291
7633 25830
7634 28433
7635 13333
7636 30446
7637 875
7638 32462
7639 2629
7640 3693
7641 28672
7642 7192
7643 5256
7644 10108
7645 25225
7646 23449
7647 8183
7648 31135
7649 6154
7650 7055
7651 4577
7652 5310
7653 24928
7654 10170
7655 3098
7656 17445
7657 2608
7658 21624
7659 11157
7660 8911
7661 11294
7662 21807
7663 5429
7664 17636
7665 16959
7666 20971
7667 17633
7668 6784
7669 4304
7670 72
7671 21207
7672 28598
7673 13608
7674 17299
7675 9026
7676 11733
7677 29163
7678 6188
7679 13326
7680 16873
7681 2945
7682 20014
7683 31995
7684 19589
7685 18630
7686 22354
7687 5616
7688 32448
7689 27651
7690 11281
7691 6035
7692 18558
7693 14366
7694 3081
7695 27158
7696 15345
7697 22029
7698 7586
7699 30291
7700 19039
7701 11920
7702 12529
7703 27932
7704 15909
7705 3104
7706 10717
7707 6348
7708 5628
7709 6434
7710 21888
7711 27938
7712 9595
7713 3681
7714 11984
7715 18768
7716 7901
7717 9659
7718 22142
7719 8270
7720 27141
7721 9499
7722 16926
7723 31604
7724 27839
7725 5543
7726 26249
7727 2888
7728 10313
7729 31546
7730 24959
7731 14997
7732 20498
7733 8212
7734 26257
7735 30653
7736 15809
7737 18640
7738 29502
7739 10319
7740 26233
7741 25751
7742 3677
7743 31452
7744 13659
7745 3476
7746 5819
7747 2823
7748 28493
7749 28071
7750 25860
7751 3036
7752 1018
7753 23390
7754 17639
7755 27747
7756 28698
7757 17185
7758 2421
7759 10868
7760 5364
7761 12460
7762 16586
7763 18380
7764 10529
7765 3267
7766 19184
7767 5473
7768 9874
7769 25376
7770 22528
7771 18675
7772 22997
7773 17585
7774 4490
7775 4324
7776 30355
7777 6656
7778 29495
7779 6729
7780 21854
7781 31219
7782 5805
7783 15681
7784 16041
7785 22709
7786 30387
7787 17286
7788 26392
7789 8948
7790 28054
7791 32065
7792 251
7793 6477
7794 29387
7795 6179
7796 1813
7797 4
7798 23509
7799 27825
7800 9377
7801 30457
7802 9322
7803 13791
7804 24215
7805 3543
7806 465
7807 26337
7808 25131
7809 26767
7810 17806
7811 4926
7812 7318
7813 2053
7814 21313
7815 7462
7816 26
7817 2824
7818 11724
7819 7685
7820 6720
7821 31624
7822 24500
7823 15704
7824 24421
7825 31747
7826 17098
7827 27072
7828 20340
7829 26945
7830 27402
7831 10324
7832 22517
7833 17473
7834 14531
7835 28220
7836 5959
7837 30835
7838 22008
7839 14460
7840 25897
7841 21032
7842 8966
7843 22029
7844 17536
7845 14662
7846 22152
7847 6194
7848 8788
7849 1088
7850 21624
7851 23817
7852 1563
7853 30533
7854 151
7855 10336
7856 5946
7857 17336
7858 4110
7859 16075
7860 7113
7861 7137
7862 7765
7863 30451
7864 21654
7865 12002
7866 2388
7867 13617
7868 23149
7869 8428
7870 22728
7871 17756
7872 24727
7873 21426
7874 13545
7875 1759
7876 161
7877 4894
7878 12362
7879 7950
7880 29535
7881 31299
7882 26880
7883 9658
7884 23343
7885 9364
7886 17670
7887 2
7888 898
7889 32595
7890 19936
7891 23917
7892 14745
7893 20300
7894 28543
7895 2870
7896 8845
7897 16066
7898 7781
7899 4583
7900 12946
7901 1962
7902 10505
7903 20777
7904 10620
7905 3607
7906 14461
7907 3547
7908 14467
7909 32502
7910 17486
7911 9825
7912 13635
7913 18171
7914 32172
7915 24895
7916 32263
7917 30171
7918 30154
7919 2534
7920 29510
7921 25020
7922 904
7923 20429
7924 10862
7925 7913
7926 11344
7927 7108
7928 15841
7929 8139
7930 5181
7931 20358
7932 24125
7933 4373
7934 14723
7935 9101
7936 2273
7937 17982
7938 32523
7939 5930
7940 1965
7941 18996
7942 19037
7943 9940
7944 7688
7945 26703
7946 14531
7947 15553
7948 1832
7949 16771
7950 12203
7951 4019
7952 10638
7953 16859
7954 19534
7955 25621
7956 9167
7957 2594
7958 30351
7959 25414
7960 5786
7961 8675
7962 6950
7963 32053
7964 20471
7965 1429
7966 20733
7967 2094
7968 15309
7969 25871
7970 28122
7971 4851
7972 15783
7973 9794
7974 20031
7975 7439
7976 22455
7977 38
7978 21647
7979 10599
7980 17180
7981 16885
7982 25457
7983 24338
7984 23904
7985 6808
7986 22393
7987 11370
7988 3909
7989 29790
7990 17414
7991 8291
7992 4289
7993 14580
7994 30566
7995 28188
7996 11847
7997 4498
7998 2625
7999 20148
8000 29512
8001 30578
8002 32308
8003 13663
8004 24058
8005 10374
8006 12220
8007 2489
8008 88
8009 21610
8010 8022
8011 23642
8012 12906
8013 5528
8014 21988
8015 18858
8016 14790
8017 2779
8018 26707
8019 32502
8020 2647
8021 9478
8022 24187
8023 5572
8024 1117
8025 31973
8026 326
8027 14692
8028 21429
8029 17780
8030 21525
8031 19144
8032 21595
8033 11855
8034 15711
8035 30358
8036 8237
8037 19050
8038 8859
8039 29050
8040 10737
8041 20226
8042 31585
8043 20161
8044 2458
8045 16083
8046 8140
8047 9508
8048 24007
8049 21900
8050 22050
8051 30177
8052 26253
8053 18304
8054 25527
8055 2577
8056 15734
8057 10654
8058 9486
8059 14901
8060 20169
8061 5539
8062 28994
8063 21522
8064 30732
8065 24206
8066 19620
8067 4799
8068 28616
8069 26964
8070 11942
8071 23804
8072 23180
8073 32214
8074 24312
8075 15813
8076 12596
8077 9232
8078 11760
8079 19239
8080 23659
8081 24979
8082 3119
8083 28499
8084 10607
8085 27445
8086 17794
8087 18417
8088 31765
8089 7943
8090 25350
8091 4022
8092 25100
8093 23175
8094 30864
8095 17977
8096 27493
8097 279
8098 24907
8099 2562
8100 27731
8101 18094
8102 12195
8103 22756
8104 3120
8105 4814
8106 21602
8107 10894
8108 17857
8109 4022
8110 16665
8111 6492
8112 15547
8113 14808
8114 2498
8115 3443
8116 3206
8117 909
8118 18851
8119 7692
8120 29760
8121 24840
8122 20342
8123 7440
8124 1029
8125 20616
8126 21702
8127 230
8128 12142
8129 13010
8130 17564
8131 8328
8132 26967
8133 2015
8134 21851
8135 30173
8136 11494
8137 25554
8138 31209
8139 23107
8140 6089
8141 12333
8142 28175
8143 29034
8144 31166
8145 3395
8146 25123
8147 13929
8148 32089
8149 26609
8150 2532
8151 24331
8152 19970
8153 6025
8154 4773
8155 2410
8156 24381
8157 6159
8158 17582
8159 26560
8160 14638
8161 13480
8162 21471
8163 24185
8164 28252
8165 13903
8166 9110
8167 18573
8168 7861
8169 27338
8170 467
8171 22028
8172 11218
8173 6108
8174 7578
8175 14587
8176 637
8177 11965
8178 15513
8179 5214
8180 7536
8181 21447
8182 29707
8183 24982
8184 9568
8185 3698
8186 26844
8187 16365
8188 21050
8189 13698
8190 23310
8191 25200
8192 29101
8193 27519
8194 91
8195 4093
8196 14056
8197 16230
8198 29212
8199 27036
8200 14245
8201 17822
8202 12905
8203 27410
8204 14950
8205 15661
8206 3202
8207 22964
8208 14846
8209 5420
8210 21613
8211 5498
8212 16980
8213 26232
8214 18913
8215 84
8216 2660
8217 13739
8218 8803
8219 28609
8220 28550
8221 4427
8222 32431
8223 23709
8224 13811
8225 24641
8226 20313
8227 17722
8228 12933
8229 29836
8230 27828
8231 30131
8232 16830
8233 13878
8234 26099
8235 10877
8236 12300
8237 31367
8238 19342
8239 16703
8240 30539
8241 23418
8242 30952
8243 27620
8244 30092
8245 9069
8246 8494
8247 6638
8248 277
8249 8476
8250 9090
8251 3085
8252 32169
8253 30672
8254 27225
8255 17904
8256 22281
8257 16340
8258 23073
8259 21083
8260 1210
8261 2857
8262 4904
8263 3450
8264 31497
8265 8826
8266 2745
8267 26997
8268 11597
8269 3666
8270 16264
8271 24900
8272 1388
8273 16525
8274 3407
8275 3525
8276 29856
8277 29197
8278 25530
8279 4363
8280 379
8281 2222
8282 25729
8283 19449
8284 30505
8285 6523
8286 11475
8287 4624
8288 6646
8289 23330
8290 19963
8291 20358
8292 1295
8293 7333
8294 14654
8295 21912
8296 5517
8297 5203
8298 8962
8299 16673
8300 1711
8301 6903
8302 8502
8303 12138
8304 9063
8305 10063
8306 2285
8307 13636
8308 12569
8309 7615
8310 20300
8311 19540
8312 30623
8313 18503
8314 29095
8315 10927
8316 2704
8317 2739
8318 10471
8319 14503
8320 14274
8321 10001
8322 27695
8323 6372
8324 16141
8325 9832
8326 1727
8327 30390
8328 14162
8329 14759
8330 17688
8331 3753
8332 17596
8333 9948
8334 32096
8335 9562
8336 1094
8337 5798
8338 30473
8339 24714
8340 20606
8341 21997
8342 30126
8343 13937
8344 17288
8345 24528
8346 27453
8347 26452
8348 6757
8349 17375
8350 5467
8351 13658
8352 23926
8353 15499
8354 2564
8355 20124
8356 29243
8357 2522
8358 30578
8359 7547
8360 31329
8361 25696
8362 6977
8363 29494
8364 9212
8365 7274
8366 13520
8367 16572
8368 20241
8369 14716
8370 30442
8371 20926
8372 11351
8373 11774
8374 15526
8375 15881
8376 14654
8377 29490
8378 1419
8379 1299
8380 15665
8381 8553
8382 31992
8383 2003
8384 11288
8385 22647
8386 4291
8387 21718
8388 4642
8389 3172
8390 23329
8391 31376
8392 27841
8393 2660
8394 25542
8395 21488
8396 5366
8397 18953
8398 31821
8399 823
8400 7886
8401 24248
8402 15321
8403 3849
8404 21037
8405 7514
8406 24061
8407 21956
8408 8394
8409 19027
8410 2265
8411 19218
8412 15739
8413 25528
8414 16006
8415 13242
8416 14515
8417 23484
8418 32181
8419 21436
8420 17992
8421 22380
8422 21906
8423 17052
8424 4218
8425 17821
8426 28911
8427 23038
8428 15410
8429 25122
8430 23710
8431 29299
8432 647
8433 31042
8434 3358
8435 25235
8436 902
8437 32617
8438 26491
8439 29772
8440 13875
8441 20765
8442 20847
8443 17529
8444 6603
8445 12084
8446 3277
8447 16566
8448 3148
8449 19268
8450 25119
8451 14195
8452 27191
8453 30812
8454 24206
8455 11848
8456 23445
8457 21489
8458 10499
8459 29320
8460 29240
8461 31515
8462 12940
8463 6169
8464 32067
8465 8194
8466 17921
8467 23171
8468 13805
8469 5010
8470 15079
8471 5190
8472 10625
8473 6007
8474 20372
8475 16497
8476 1193
8477 3141
8478 28308
8479 14960
8480 9197
8481 20470
8482 25420
8483 12326
8484 3447
8485 24730
8486 16861
8487 31292
8488 14361
8489 5962
8490 1612
8491 20152
8492 17297
8493 3934
8494 11999
8495 465
8496 1547
8497 3552
8498 21962
8499 18689
8500 4839
8501 32064
8502 3594
8503 13405
8504 7869
8505 20808
8506 1938
8507 21026
8508 25758
8509 26451
8510 16037
8511 12432
8512 28829
8513 14010
8514 14979
8515 12795
8516 29582
8517 26000
8518 8007
8519 26399
8520 1038
8521 5519
8522 5904
8523 25524
8524 28868
8525 32081
8526 22111
8527 16706
8528 2022
8529 8644
8530 16320
8531 17463
8532 30718
8533 17368
8534 27309
8535 22327
8536 11758
8537 22138
8538 4527
8539 20659
8540 21553
8541 4294
8542 11206
8543 14013
8544 22373
8545 28792
8546 13579
8547 29978
8548 5126
8549 16548
8550 27284
8551 14745
8552 4477
8553 30888
8554 32152
8555 27300
8556 28249
8557 1886
8558 467
8559 27669
8560 25052
8561 24214
8562 6956
8563 9803
8564 30393
8565 21187
8566 11926
8567 892
8568 25372
8569 8948
8570 6708
8571 22348
8572 8683
8573 15622
8574 14528
8575 25759
8576 12619
8577 4632
8578 13357
8579 30124
8580 6759
8581 3904
8582 27531
8583 14932
8584 9837
8585 3708
8586 28716
8587 24753
8588 25816
8589 21484
8590 24069
8591 7153
8592 26357
8593 27454
8594 4950
8595 3429
8596 21664
8597 31081
8598 2958
8599 17365
8600 15951
8601 22174
8602 24937
8603 17687
8604 20563
8605 1147
8606 15451
8607 21983
8608 19290
8609 21635
8610 11569
8611 29657
8612 26167
8613 21195
8614 15862
8615 13813
8616 31974
8617 18677
8618 14611
8619 1795
8620 12490
8621 28002
8622 27579
8623 28287
8624 24122
8625 4772
8626 26502
8627 23470
8628 2876
8629 27442
8630 1884
8631 9962
8632 13200
8633 13664
8634 15253
8635 15673
8636 5617
8637 25486
8638 24926
8639 10789
8640 26263
8641 5279
8642 10591
8643 29640
8644 2816
8645 28845
8646 20891
8647 32039
8648 17136
8649 15866
8650 13975
8651 25281
8652 25271
8653 16938
8654 32702
8655 1383
8656 690
8657 17328
8658 27396
8659 14157
8660 18452
8661 16263
8662 31690
8663 16226
8664 10982
8665 10018
8666 4353
8667 9949
8668 23885
8669 15013
8670 9875
8671 1304
8672 14348
8673 21333
8674 17918
8675 15778
8676 20553
8677 12877
8678 27202
8679 25744
8680 6804
8681 10100
8682 23294
8683 15635
8684 16165
8685 9387
8686 17110
8687 1616
8688 869
8689 4427
8690 1303
8691 2667
8692 27825
8693 29134
8694 5790
8695 9189
8696 90
8697 14284
8698 24054
8699 11561
8700 17648
8701 20010
8702 24256
8703 3681
8704 26816
8705 13710
8706 13400
8707 23950
8708 12699
8709 17685
8710 8117
8711 17624
8712 6617
8713 25417
8714 11409
8715 8994
8716 16030
8717 19277
8718 12746
8719 6882
8720 860
8721 12891
8722 12553
8723 816
8724 3737
8725 24945
8726 22945
8727 28445
8728 1011
8729 5958
8730 12986
8731 16197
8732 8033
8733 18051
8734 12462
8735 29096
8736 5563
8737 1072
8738 14771
8739 9141
8740 24189
8741 14956
8742 23995
8743 31400
8744 19144
8745 29538
8746 17816
8747 26134
8748 3497
8749 20600
8750 7524
8751 28870
8752 6558
8753 457
8754 32288
8755 5059
8756 30550
8757 20950
8758 6811
8759 16303
8760 31161
8761 6520
8762 13205
8763 4186
8764 29480
8765 12314
8766 5925
8767 24212
8768 20486
8769 11300
8770 12120
8771 9279
8772 14967
8773 1978
8774 25627
8775 26280
8776 11111
8777 32167
8778 21595
8779 6935
8780 3279
8781 12948
8782 10858
8783 14756
8784 20787
8785 32382
8786 4005
8787 29261
8788 9328
8789 27239
8790 852
8791 14406
8792 6580
8793 13899
8794 6353
8795 6032
8796 31438
8797 31573
8798 24813
8799 2253
8800 7336
8801 15955
8802 655
8803 14163
8804 23825
8805 1640
8806 18078
8807 28031
8808 11712
8809 19456
8810 6945
8811 6987
8812 20630
8813 21513
8814 20901
8815 11043
8816 10532
8817 19297
8818 7391
8819 6389
8820 18285
8821 13962
8822 4499
8823 32648
8824 4077
8825 2469
8826 11957
8827 4110
8828 9434
8829 31902
8830 12493
8831 10236
8832 29865
8833 28580
8834 13472
8835 31001
8836 4564
8837 29660
8838 27916
8839 30677
8840 14299
8841 19542
8842 28724
8843 989
8844 8585
8845 31552
8846 24541
8847 32492
8848 5240
8849 12121
8850 28952
8851 17892
8852 17879
8853 9641
8854 5922
8855 16413
8856 31851
8857 21360
8858 21896
8859 30973
8860 5076
8861 27740
8862 32142
8863 30665
8864 17682
8865 6398
8866 23250
8867 18874
8868 22599
8869 29055
8870 4909
8871 29268
8872 9150
8873 4239
8874 15834
8875 13811
8876 31789
8877 21151
8878 30170
8879 29351
8880 31287
8881 5456
8882 27542
8883 31553
8884 14645
8885 2859
8886 14791
8887 10414
8888 29494
8889 30610
8890 403
8891 5508
8892 7748
8893 26358
8894 4600
8895 14299
8896 28394
8897 14155
8898 7790
8899 19806
8900 25587
8901 1209
8902 18632
8903 19874
8904 16243
8905 20117
8906 604
8907 22198
8908 4364
8909 26767
8910 2147
8911 18427
8912 13674
8913 3117
8914 32675
8915 32565
8916 28432
8917 7800
8918 29515
8919 27619
8920 31831
8921 32245
8922 15134
8923 27852
8924 20147
8925 27862
8926 3283
8927 11227
8928 18233
8929 27506
8930 15548
8931 27692
8932 7262
8933 5875
8934 29095
8935 32359
8936 19714
8937 24654
8938 20482
8939 20301
8940 17581
8941 12153
8942 24642
8943 17552
8944 5400
8945 18136
8946 13445
8947 23528
8948 26863
8949 31480
8950 4469
8951 16483
8952 5077
8953 4735
8954 7792
8955 18941
8956 25513
8957 25187
8958 24807
8959 7024
8960 5895
8961 31323
8962 1796
8963 21069
8964 7442
8965 30099
8966 17808
8967 32076
8968 625
8969 17316
8970 19731
8971 19680
8972 12184
8973 32195
8974 6717
8975 12815
8976 23625
8977 7224
8978 9604
8979 24449
8980 23642
8981 8211
8982 13839
8983 24791
8984 10680
8985 1306