9095
2 19093
3 6135
4 12836
5 16085
6 8330
7 22462
8 534
9 9317
10 26079
11 17134
12 14142
13 10243
14 23559
15 7864
16 9562
17 9345
18 12371
19 27067
20 31966
21 17303
22 29811
23 631
24 10133
25 30702
26 58
27 4612
28 22666
29 23927
30 8353
31 3843
32 21289
33 29697
34 14351
35 27862
36 11682
37 26635
38 13271
39 19212
40 4750
41 24022
42 31490
43 14623
44 17877
45 29375
46 14928
47 25186
48 28879
49 26828
50 12665
51 13877
52 31145
53 12421
54 26040
55 24699
56 27147
57 17669
58 23946
59 9806
60 10487
61 3664
62 18868
63 31473
64 3061
65 15847
66 16259
67 24837
68 877
69 22938
70 26711
71 27648
72 26196
73 26782
74 19043
75 30172
76 8458
77 30431
78 3758
79 23820
80 19331
81 25239
82 26717
83 24244
84 27302
85 10272
86 309
87 24857
88 24818
89 8199
90 3932
91 16983
92 21095
93 25441
94 30815
95 32594
96 32676
97 19042
98 9593
99 18158
100 23629
101 14635
102 27923
103 19843
104 25775
105 12004
106 13703
107 29835
108 30375
109 19211
110 13609
111 6814
112 12735
113 15627
114 29576
115 10145
116 8859
117 21009
118 28657
119 10554
120 15764
121 5403
122 4405
123 4998
124 27810
125 13650
126 17068
127 31247
128 13439
129 9881
130 25210
131 21752
132 13577
133 12390
134 25873
135 9851
136 2281
137 24272
138 20984
139 5270
140 18546
141 2538
142 32202
143 19200
144 13259
145 26448
146 9601
147 14690
148 18513
149 23039
150 20212
151 452
152 17719
153 29802
154 4767
155 11077
156 25455
157 24778
158 12963
159 27920
160 17614
161 9141
162 8973
163 9611
164 24171
165 27890
166 26459
167 20946
168 25160
169 27276
170 26941
171 6499
172 27700
173 21029
174 11416
175 16923
176 30191
177 5261
178 1232
179 8289
180 22160
181 28563
182 12103
183 22433
184 20772
185 21019
186 30497
187 32508
188 30360
189 18033
190 17995
191 32317
192 24281
193 22237
194 18363
195 14095
196 32057
197 8312
198 32505
199 20078
200 5141
201 2109
202 30942
203 10844
204 2996
205 18019
206 31131
207 30677
208 12403
209 15339
210 19454
211 19716
212 7199
213 18037
214 5617
215 15287
216 20131
217 1623
218 22084
219 26641
220 14819
221 19184
222 28588
223 30590
224 17639
225 6458
226 25867
227 27628
228 2620
229 159
230 10993
231 16185
232 21911
233 12814
234 12899
235 21223
236 9404
237 3405
238 4316
239 2071
240 12190
241 6289
242 27026
243 5045
244 15304
245 5708
246 31738
247 25328
248 16123
249 11590
250 31630
251 9197
252 5401
253 22255
254 5326
255 18108
256 19777
257 2036
258 17285
259 2699
260 21052
261 18192
262 24141
263 27417
264 29208
265 9765
266 31573
267 622
268 2322
269 20875
270 4706
271 13002
272 21434
273 10663
274 20
275 11483
276 11345
277 6848
278 20075
279 9778
280 14198
281 9999
282 26249
283 21496
284 17410
285 22293
286 4026
287 32221
288 25136
289 1074
290 24497
291 15698
292 30209
293 12658
294 21
295 15608
296 18654
297 26282
298 27964
299 3160
300 24191
301 16836
302 4662
303 23508
304 4365
305 12887
306 26125
307 13533
308 14467
309 4987
310 28235
311 615
312 24922
313 6107
314 19133
315 32154
316 22117
317 15371
318 11895
319 21195
320 506
321 13084
322 27160
323 4778
324 27218
325 366
326 27471
327 17341
328 19762
329 14790
330 21918
331 10253
332 7883
333 4256
334 6238
335 2847
336 28640
337 14791
338 9732
339 11301
340 32550
341 17442
342 12450
343 6262
344 31216
345 26577
346 4017
347 2620
348 12299
349 31353
350 13069
351 8044
352 16103
353 32219
354 18241
355 31996
356 30712
357 31916
358 28421
359 12880
360 1628
361 10656
362 13829
363 28917
364 6078
365 29897
366 8420
367 27793
368 3194
369 2847
370 32385
371 30490
372 29442
373 29792
374 24185
375 11591
376 21120
377 17178
378 20717
379 18244
380 2237
381 2821
382 21381
383 25002
384 16193
385 4503
386 4020
387 21166
388 15292
389 27859
390 20030
391 24473
392 4004
393 1122
394 17400
395 26232
396 27424
397 10468
398 7119
399 20500
400 5925
401 13704
402 25100
403 24100
404 23262
405 28634
406 13527
407 10690
408 20562
409 6621
410 24057
411 26140
412 27713
413 27226
414 14822
415 15212
416 15694
417 24439
418 4090
419 20010
420 9828
421 8075
422 16387
423 18047
424 6226
425 23601
426 26880
427 27646
428 3768
429 27548
430 27944
431 10639
432 21543
433 3114
434 30510
435 3499
436 20868
437 1595
438 25796
439 6863
440 27821
441 8259
442 14942
443 31786
444 14943
445 6430
446 1080
447 29337
448 1880
449 7332
450 18586
451 3542
452 31928
453 26238
454 28507
455 1517
456 25517
457 1848
458 17060
459 18671
460 19535
461 32662
462 27894
463 4329
464 7113
465 9772
466 6254
467 5655
468 17850
469 2857
470 4936
471 12630
472 13531
473 20084
474 7587
475 728
476 9953
477 7162
478 17539
479 28955
480 32677
481 16966
482 28188
483 5148
484 22402
485 5970
486 31566
487 24776
488 18686
489 8092
490 8812
491 10419
492 16813
493 11133
494 26433
495 16908
496 23123
497 24246
498 21589
499 27601
500 31305
501 22092
502 22892
503 16959
504 18978
505 24727
506 29520
507 22413
508 14733
509 31637
510 208
511 17625
512 7293
513 3460
514 26889
515 18275
516 9096
517 2991
518 30436
519 15865
520 13197
521 904
522 3552
523 6834
524 24730
525 14839
526 7186
527 7391
528 4109
529 21746
530 28010
531 26431
532 1529
533 17230
534 17463
535 18034
536 25035
537 22228
538 23277
539 15280
540 20013
541 17560
542 13094
543 8123
544 26666
545 32646
546 21992
547 29202
548 8595
549 8510
550 26918
551 10344
552 8866
553 21794
554 16009
555 4692
556 28382
557 31148
558 16240
559 9546
560 20798
561 27654
562 23093
563 17610
564 21393
565 12756
566 21682
567 23255
568 17693
569 30036
570 10243
571 21675
572 5255
573 1962
574 18830
575 22441
576 243
577 23925
578 1345
579 17043
580 26219
581 14758
582 19739
583 20221
584 10629
585 31378
586 8686
587 26370
588 1600
589 15686
590 31075
591 821
592 17968
593 19226
594 17726
595 9434
596 8667
597 1417
598 32739
599 16471
600 20834
601 17471
602 25113
603 11237
604 4196
605 22900
606 9743
607 26251
608 6431
609 12409
610 31645
611 19277
612 23256
613 14992
614 4555
615 1185
616 28541
617 7681
618 22935
619 21538
620 5258
621 23402
622 26099
623 648
624 11049
625 23895
626 3342
627 3032
628 925
629 9746
630 11988
631 23512
632 30688
633 4029
634 17592
635 11974
636 6539
637 21149
638 7857
639 27209
640 30455
641 17849
642 29058
643 680
644 15266
645 3492
646 6719
647 16442
648 12244
649 11671
650 15117
651 31006
652 23426
653 11970
654 5417
655 4907
656 20594
657 20964
658 17452
659 25130
660 24480
661 32538
662 16013
663 13891
664 15841
665 26612
666 16231
667 11958
668 23494
669 4046
670 32124
671 9420
672 29891
673 11870
674 21371
675 17164
676 6544
677 8329
678 15742
679 7345
680 14800
681 23419
682 20439
683 22876
684 28913
685 5622
686 2828
687 18695
688 6739
689 7146
690 12576
691 29754
692 28844
693 71
694 20
695 31873
696 15531
697 8463
698 30126
699 24861
700 22235
701 12719
702 121
703 31738
704 203
705 16271
706 16909
707 19169
708 22892
709 25832
710 18064
711 22767
712 28858
713 7638
714 21885
715 23622
716 16030
717 29614
718 16292
719 23554
720 275
721 29329
722 20083
723 29295
724 17801
725 7489
726 14451
727 32633
728 8582
729 21300
730 16149
731 24419
732 24211
733 23783
734 22959
735 31164
736 7510
737 4725
738 4546
739 15503
740 13308
741 20584
742 29822
743 22491
744 19418
745 11983
746 15752
747 19778
748 595
749 11921
750 7930
751 10245
752 4348
753 20736
754 19116
755 28976
756 16638
757 19889
758 8370
759 13330
760 11708
761 23180
762 10021
763 9968
764 6838
765 14879
766 12071
767 19451
768 24749
769 1079
770 19233
771 7806
772 13833
773 23730
774 31311
775 8284
776 22135
777 3215
778 11647
779 23482
780 19926
781 12615
782 2325
783 11513
784 27220
785 30304
786 2131
787 26855
788 6612
789 3391
790 26071
791 13110
792 13972
793 22334
794 28005
795 6445
796 1804
797 30206
798 6887
799 17565
800 29977
801 13823
802 10930
803 23319
804 16474
805 1901
806 32523
807 23900
808 12250
809 31037
810 32490
811 6933
812 1776
813 27257
814 20990
815 3780
816 16740
817 26072
818 7664
819 13819
820 23251
821 23442
822 10476
823 14796
824 9557
825 11634
826 1374
827 31616
828 29532
829 16685
830 11001
831 22923
832 6368
833 3314
834 8446
835 16576
836 1977
837 21058
838 7611
839 24002
840 2892
841 31490
842 16210
843 699
844 26473
845 19663
846 16827
847 5456
848 24180
849 26257
850 22028
851 6356
852 25283
853 15443
854 32504
855 10427
856 30536
857 1362
858 5782
859 30546
860 880
861 20563
862 24932
863 9390
864 7754
865 12858
866 21132
867 482
868 5356
869 17113
870 25958
871 5238
872 12307
873 23558
874 12349
875 28180
876 32009
877 20208
878 5206
879 11395
880 7628
881 947
882 12078
883 13786
884 25708
885 14121
886 28932
887 1261
888 15797
889 19203
890 31895
891 6668
892 12046
893 23577
894 13361
895 25581
896 27553
897 4863
898 6116
899 13542
900 17596
901 25305
902 22804
903 6239
904 31095
905 10864
906 18230
907 7304
908 10648
909 27525
910 31190
911 25671
912 28595
913 3173
914 23519
915 5493
916 26262
917 22461
918 31767
919 30537
920 7652
921 11952
922 18153
923 21780
924 16895
925 8487
926 3431
927 31023
928 31531
929 24680
930 32143
931 21554
932 18417
933 16363
934 28621
935 9319
936 22210
937 14440
938 11714
939 12671
940 8925
941 8501
942 5700
943 28803
944 22643
945 5071
946 17062
947 9229
948 17416
949 11703
950 4409
951 19639
952 20764
953 9343
954 14610
955 32212
956 23563
957 24612
958 19214
959 27230
960 23346
961 3998
962 17428
963 15920
964 9043
965 27574
966 5274
967 6005
968 19258
969 7192
970 16747
971 13409
972 29345
973 29353
974 423
975 10527
976 28754
977 28954
978 32267
979 12810
980 11147
981 19646
982 5490
983 30239
984 9382
985 25752
986 19100
987 19890
988 28921
989 23993
990 16175
991 24929
992 11772
993 22985
994 24571
995 13639
996 12201
997 31715
998 9858
999 29810
1000 28201
1001 12198
1002 5048
1003 4246
1004 30380
1005 26248
1006 18439
1007 2562
1008 25497
1009 16238
1010 23702
1011 29652
1012 8167
1013 19578
1014 25035
1015 2153
1016 31178
1017 27428
1018 9999
1019 25112
1020 18579
1021 25229
1022 12241
1023 11296
1024 10705
1025 15375
1026 31181
1027 24542
1028 6589
1029 2585
1030 30862
1031 25156
1032 27349
1033 4410
1034 27185
1035 5510
1036 24774
1037 1915
1038 26989
1039 13078
1040 29327
1041 24050
1042 24784
1043 467
1044 30692
1045 18580
1046 17227
1047 15486
1048 17872
1049 30795
1050 11761
1051 15469
1052 32415
1053 15177
1054 22268
1055 15491
1056 6395
1057 30619
1058 28177
1059 18527
1060 25173
1061 13313
1062 20933
1063 11220
1064 135
1065 8957
1066 15967
1067 30361
1068 14007
1069 25642
1070 23007
1071 26690
1072 29054
1073 28623
1074 16704
1075 22639
1076 24137
1077 24756
1078 31483
1079 28484
1080 4608
1081 4148
1082 29388
1083 16921
1084 742
1085 14484
1086 25272
1087 10354
1088 22977
1089 4499
1090 19791
1091 23857
1092 24122
1093 6978
1094 27951
1095 16394
1096 646
1097 2838
1098 15817
1099 19256
1100 21062
1101 3900
1102 360
1103 4462
1104 18604
1105 23596
1106 26735
1107 22545
1108 20960
1109 14465
1110 15841
1111 8612
1112 31650
1113 31496
1114 15655
1115 15492
1116 6448
1117 12055
1118 29966
1119 10709
1120 24170
1121 21280
1122 23568
1123 28860
1124 13876
1125 25989
1126 31188
1127 12750
1128 22556
1129 13230
1130 18936
1131 3785
1132 24893
1133 8026
1134 15373
1135 14978
1136 29794
1137 20018
1138 29923
1139 17695
1140 9583
1141 30628
1142 13575
1143 30854
1144 13309
1145 17646
1146 2187
1147 22806
1148 22853
1149 30585
1150 9221
1151 7828
1152 11583
1153 18793
1154 4826
1155 14696
1156 26379
1157 15474
1158 6845
1159 14345
1160 31887
1161 19181
1162 30834
1163 8374
1164 25954
1165 12075
1166 23000
1167 4967
1168 1256
1169 13577
1170 14630
1171 18435
1172 32703
1173 18884
1174 32117
1175 15571
1176 90
1177 15887
1178 1151
1179 10551
1180 12012
1181 28259
1182 31142
1183 2199
1184 24712
1185 17815
1186 7736
1187 20893
1188 16774
1189 19888
1190 26353
1191 11681
1192 32552
1193 17146
1194 4801
1195 17509
1196 13438
1197 23896
1198 7888
1199 28675
1200 7814
1201 17368
1202 15296
1203 27939
1204 23448
1205 24202
1206 10290
1207 23409
1208 14849
1209 31379
1210 5259
1211 8783
1212 23023
1213 29821
1214 29688
1215 3526
1216 9869
1217 23761
1218 24239
1219 14275
1220 27246
1221 19176
1222 27000
1223 4480
1224 815
1225 20990
1226 5740
1227 8512
1228 30808
1229 19592
1230 17149
1231 18495
1232 31108
1233 29127
1234 14135
1235 9449
1236 1986
1237 27038
1238 14918
1239 25930
1240 20026
1241 21153
1242 20535
1243 7622
1244 28180
1245 28270
1246 1283
1247 30730
1248 16789
1249 26688
1250 26825
1251 20034
1252 23179
1253 27073
1254 8539
1255 1676
1256 16364
1257 29216
1258 13564
1259 17069
1260 11962
1261 9060
1262 29288
1263 14340
1264 25129
1265 31232
1266 6677
1267 17340
1268 9988
1269 8871
1270 11449
1271 3909
1272 15949
1273 25185
1274 780
1275 22788
1276 21284
1277 17631
1278 4815
1279 13641
1280 2025
1281 1291
1282 1293
1283 23426
1284 24229
1285 25572
1286 417
1287 21423
1288 166
1289 24969
1290 21496
1291 6166
1292 10602
1293 3219
1294 19736
1295 32568
1296 14527
1297 23464
1298 1761
1299 515
1300 12327
1301 17742
1302 27795
1303 12873
1304 8065
1305 2556
1306 11409
1307 30065
1308 17638
1309 25719
1310 30565
1311 22381
1312 25554
1313 5212
1314 12291
1315 2540
1316 6020
1317 30456
1318 29010
1319 25552
1320 9383
1321 8800
1322 3304
1323 29922
1324 3633
1325 14014
1326 26389
1327 452
1328 29068
1329 23018
1330 21540
1331 31784
1332 28148
1333 4410
1334 23261
1335 19264
1336 6944
1337 28058
1338 79
1339 30837
1340 21284
1341 15839
1342 204
1343 5212
1344 21398
1345 15192
1346 6708
1347 26598
1348 31215
1349 25766
1350 19319
1351 17879
1352 7989
1353 31438
1354 11605
1355 4217
1356 22231
1357 21645
1358 18536
1359 18321
1360 5337
1361 31724
1362 3173
1363 12946
1364 32560
1365 18963
1366 19615
1367 31505
1368 28272
1369 30050
1370 26060
1371 19321
1372 24996
1373 17854
1374 28940
1375 17920
1376 27005
1377 25385
1378 10279
1379 26585
1380 20144
1381 29334
1382 24342
1383 11435
1384 30617
1385 29947
1386 14022
1387 1603
1388 20772
1389 7335
1390 27928
1391 31878
1392 16109
1393 3286
1394 28204
1395 2473
1396 22182
1397 14211
1398 2783
1399 1700
1400 27322
1401 19837
1402 30866
1403 15331
1404 10287
1405 29885
1406 32302
1407 27199
1408 19409
1409 14583
1410 29284
1411 24622
1412 12941
1413 27247
1414 28474
1415 28470
1416 18715
1417 24334
1418 24259
1419 21928
1420 7904
1421 18869
1422 17709
1423 28810
1424 8210
1425 7121
1426 27650
1427 18901
1428 15133
1429 9520
1430 21159
1431 22241
1432 30021
1433 26131
1434 2089
1435 31517
1436 12941
1437 18308
1438 21048
1439 8963
1440 13528
1441 11753
1442 17780
1443 2891
1444 5711
1445 6618
1446 13032
1447 2143
1448 17154
1449 19248
1450 3796
1451 25104
1452 13778
1453 6750
1454 13488
1455 6023
1456 31886
1457 31749
1458 11373
1459 8062
1460 18268
1461 25282
1462 21758
1463 30896
1464 1883
1465 29515
1466 6167
1467 7821
1468 24710
1469 16058
1470 2869
1471 13875
1472 29404
1473 30504
1474 8670
1475 1946
1476 16062
1477 21118
1478 21802
1479 5902
1480 10392
1481 3976
1482 25730
1483 29411
1484 24515
1485 20811
1486 5032
1487 2404
1488 11434
1489 17561
1490 2551
1491 6924
1492 27180
1493 17378
1494 14061
1495 7417
1496 11842
1497 27981
1498 24550
1499 8093
1500 26082
1501 24327
1502 15146
1503 3511
1504 26659
1505 3547
1506 15402
1507 22401
1508 17569
1509 27140
1510 29959
1511 24107
1512 20771
1513 17983
1514 12628
1515 13193
1516 14971
1517 13604
1518 11805
1519 521
1520 7342
1521 20661
1522 4904
1523 12519
1524 26197
1525 8248
1526 4474
1527 6308
1528 2883
1529 4162
1530 19229
1531 23476
1532 19048
1533 12565
1534 26657
1535 14199
1536 2805
1537 12075
1538 31969
1539 24938
1540 5313
1541 14867
1542 9608
1543 17567
1544 10220
1545 19836
1546 31443
1547 13162
1548 14274
1549 4240
1550 17432
1551 24926
1552 19682
1553 16259
1554 2695
1555 14711
1556 21151
1557 21355
1558 29104
1559 25753
1560 21414
1561 23634
1562 31045
1563 5177
1564 27105
1565 16777
1566 3105
1567 25946
1568 26012
1569 23616
1570 138
1571 28604
1572 28647
1573 8276
1574 28083
1575 21840
1576 11323
1577 18280
1578 31365
1579 26094
1580 7520
1581 12855
1582 2463
1583 11082
1584 20877
1585 29736
1586 26268
1587 28965
1588 6610
1589 15652
1590 22676
1591 7616
1592 20659
1593 5540
1594 15845
1595 28310
1596 29718
1597 8462
1598 5427
1599 27978
1600 5727
1601 23105
1602 6061
1603 12511
1604 27353
1605 32366
1606 18578
1607 16167
1608 29016
1609 6699
1610 7668
1611 8830
1612 1308
1613 27842
1614 9917
1615 1976
1616 21241
1617 5583
1618 20975
1619 30807
1620 31413
1621 16650
1622 15152
1623 1281
1624 24498
1625 17505
1626 8325
1627 29746
1628 27852
1629 25674
1630 25950
1631 18735
1632 20357
1633 12887
1634 18131
1635 14139
1636 28256
1637 14858
1638 9517
1639 21772
1640 7818
1641 28652
1642 1704
1643 9344
1644 23743
1645 5849
1646 14199
1647 17037
1648 3436
1649 3998
1650 11017
1651 21366
1652 2065
1653 18118
1654 651
1655 32581
1656 29162
1657 13488
1658 23726
1659 4725
1660 11214
1661 9189
1662 21162
1663 5871
1664 22359
1665 12713
1666 18051
1667 31032
1668 14147
1669 15568
1670 26250
1671 3560
1672 28442
1673 14035
1674 2600
1675 2910
1676 26129
1677 2851
1678 19415
1679 19378
1680 20783
1681 4285
1682 1137
1683 27371
1684 10414
1685 14847
1686 2989
1687 5490
1688 3236
1689 30394
1690 25062
1691 6855
1692 23779
1693 31880
1694 10015
1695 6259
1696 2077
1697 26976
1698 837
1699 20798
1700 22092
1701 29799
1702 25523
1703 1185
1704 12880
1705 8457
1706 12796
1707 23166
1708 14042
1709 10313
1710 26596
1711 14095
1712 650
1713 3157
1714 9391
1715 2845
1716 5972
1717 2654
1718 10143
1719 29810
1720 18728
1721 24230
1722 21432
1723 17040
1724 32722
1725 3803
1726 8390
1727 13219
1728 20511
1729 11939
1730 7585
1731 32181
1732 12353
1733 21112
1734 26544
1735 30753
1736 19316
1737 9398
1738 15276
1739 31050
1740 14562
1741 20722
1742 934
1743 15500
1744 6596
1745 14734
1746 1612
1747 25715
1748 25291
1749 11146
1750 7016
1751 27947
1752 21694
1753 1181
1754 2473
1755 9016
1756 26724
1757 32645
1758 29094
1759 29287
1760 12708
1761 6811
1762 27168
1763 8453
1764 32235
1765 19626
1766 12679
1767 19278
1768 12750
1769 31745
1770 6336
1771 13096
1772 10737
1773 27591
1774 2854
1775 14354
1776 8999
1777 5007
1778 22479
1779 2903
1780 28122
1781 5420
1782 8208
1783 29831
1784 28846
1785 17607
1786 3907
1787 14887
1788 15969
1789 30511
1790 16327
1791 680
1792 17142
1793 2671
1794 29001
1795 16790
1796 19474
1797 23718
1798 29762
1799 1298
1800 28838
1801 9491
1802 28353
1803 14210
1804 7118
1805 25456
1806 24171
1807 10631
1808 16121
1809 22913
1810 31680
1811 30768
1812 28491
1813 17132
1814 25248
1815 9069
1816 29247
1817 16203
1818 9229
1819 26822
1820 32145
1821 8832
1822 9522
1823 13900
1824 11867
1825 8008
1826 28580
1827 18896
1828 31614
1829 20
1830 22249
1831 20564
1832 10051
1833 25108
1834 5943
1835 6591
1836 29762
1837 9876
1838 20861
1839 13525
1840 8579
1841 3723
1842 2216
1843 1893
1844 29156
1845 13425
1846 1055
1847 14020
1848 17082
1849 22610
1850 15247
1851 29819
1852 30139
1853 12833
1854 12270
1855 829
1856 12828
1857 15950
1858 21946
1859 2076
1860 16630
1861 14490
1862 29826
1863 31740
1864 2286
1865 14635
1866 8104
1867 20807
1868 27925
1869 10203
1870 11365
1871 8674
1872 4877
1873 31190
1874 18701
1875 31072
1876 21614
1877 28004
1878 6549
1879 3958
1880 24423
1881 14339
1882 32082
1883 1711
1884 19113
1885 23225
1886 25091
1887 865
1888 8320
1889 4264
1890 18450
1891 12000
1892 9539
1893 3043
1894 23575
1895 31473
1896 23791
1897 29824
1898 18846
1899 14722
1900 5135
1901 24047
1902 11050
1903 23704
1904 28639
1905 9866
1906 15226
1907 29320
1908 18864
1909 30060
1910 11274
1911 12906
1912 22926
1913 19079
1914 17629
1915 11467
1916 29729
1917 21745
1918 12666
1919 29858
1920 24529
1921 895
1922 7989
1923 21637
1924 1325
1925 917
1926 4271
1927 25629
1928 32398
1929 8764
1930 2720
1931 4568
1932 19191
1933 17269
1934 32212
1935 29917
1936 10304
1937 25550
1938 4724
1939 31557
1940 22644
1941 22578
1942 14471
1943 18568
1944 22135
1945 16389
1946 8632
1947 22581
1948 15852
1949 23921
1950 2138
1951 14567
1952 27221
1953 18426
1954 26537
1955 29556
1956 4476
1957 11609
1958 2387
1959 29287
1960 23827
1961 5255
1962 3127
1963 32177
1964 18327
1965 22296
1966 18540
1967 7835
1968 16506
1969 17610
1970 13445
1971 32767
1972 23424
1973 9566
1974 12307
1975 7864
1976 3946
1977 3238
1978 22380
1979 24151
1980 18386
1981 13536
1982 17579
1983 22039
1984 20054
1985 21314
1986 25080
1987 27156
1988 20216
1989 6870
1990 12554
1991 1207
1992 31685
1993 24968
1994 11241
1995 1141
1996 5045
1997 7038
1998 8953
1999 12729
2000 20691
2001 8359
2002 15412
2003 20766
2004 413
2005 28823
2006 30647
2007 9698
2008 20910
2009 26770
2010 23936
2011 30872
2012 1434
2013 8166
2014 14454
2015 30236
2016 11802
2017 24190
2018 681
2019 31436
2020 5737
2021 25013
2022 26332
2023 7669
2024 29165
2025 25448
2026 31553
2027 4492
2028 3354
2029 5967
2030 6531
2031 10783
2032 1428
2033 4749
2034 30729
2035 8970
2036 19859
2037 20869
2038 26746
2039 29422
2040 32396
2041 20464
2042 24444
2043 17503
2044 16142
2045 26412
2046 10690
2047 26333
2048 16362
2049 26327
2050 29253
2051 19462
2052 5270
2053 7069
2054 32209
2055 25865
2056 27347
2057 14414
2058 16324
2059 29790
2060 25998
2061 21812
2062 11283
2063 10165
2064 7940
2065 31139
2066 27277
2067 3628
2068 5674
2069 25553
2070 20324
2071 16068
2072 2892
2073 744
2074 15593
2075 17174
2076 4084
2077 22362
2078 21143
2079 6722
2080 19981
2081 11637
2082 3411
2083 26665
2084 19016
2085 26167
2086 15602
2087 9436
2088 9663
2089 16995
2090 29436
2091 24659
2092 8921
2093 25556
2094 20143
2095 28259
2096 29037
2097 30994
2098 19015
2099 3818
2100 1578
2101 18211
2102 28029
2103 26189
2104 310
2105 1444
2106 2382
2107 23076
2108 26645
2109 16664
2110 24829
2111 9779
2112 14029
2113 14207
2114 25691
2115 15773
2116 3143
2117 25387
2118 24390
2119 19540
2120 30201
2121 10191
2122 17008
2123 27860
2124 7874
2125 21977
2126 26978
2127 26129
2128 25877
2129 30721
2130 448
2131 1453
2132 7258
2133 7970
2134 30670
2135 27247
2136 32145
2137 8265
2138 3123
2139 21233
2140 2873
2141 30988
2142 30461
2143 17560
2144 27760
2145 19998
2146 15334
2147 7881
2148 859
2149 14368
2150 5077
2151 28250
2152 17096
2153 21177
2154 4008
2155 5447
2156 1810
2157 16872
2158 22577
2159 6823
2160 30277
2161 8601
2162 12158
2163 14046
2164 11139
2165 4983
2166 5982
2167 28691
2168 12711
2169 24322
2170 16672
2171 23269
2172 4391
2173 22497
2174 10910
2175 21337
2176 30015
2177 32377
2178 3195
2179 16919
2180 11340
2181 3774
2182 32168
2183 16855
2184 1910
2185 29001
2186 28717
2187 14614
2188 23953
2189 17068
2190 27430
2191 15373
2192 13637
2193 25858
2194 9739
2195 19171
2196 23149
2197 20426
2198 26933
2199 16418
2200 25278
2201 4597
2202 22430
2203 872
2204 26025
2205 14909
2206 1513
2207 21599
2208 27522
2209 6585
2210 674
2211 16878
2212 22497
2213 5294
2214 13254
2215 8625
2216 21321
2217 30121
2218 11654
2219 7079
2220 30727
2221 30410
2222 26184
2223 7723
2224 18013
2225 30051
2226 27631
2227 20006
2228 9184
2229 962
2230 32348
2231 18306
2232 27167
2233 19786
2234 13108
2235 16866
2236 18565
2237 201
2238 1764
2239 28048
2240 32129
2241 13573
2242 32483
2243 7350
2244 10979
2245 31640
2246 16695
2247 3282
2248 18826
2249 5630
2250 17723
2251 25700
2252 60
2253 237
2254 415
2255 14569
2256 25045
2257 18916
2258 15280
2259 12557
2260 22180
2261 25351
2262 23514
2263 5917
2264 13586
2265 26922
2266 27499
2267 28603
2268 19844
2269 4140
2270 8089
2271 26837
2272 28035
2273 10630
2274 5575
2275 13528
2276 7707
2277 31011
2278 9476
2279 9760
2280 8576
2281 19571
2282 26837
2283 7860
2284 29688
2285 1979
2286 26932
2287 10288
2288 21492
2289 7599
2290 984
2291 18434
2292 5504
2293 9538
2294 31415
2295 25561
2296 17630
2297 445
2298 19402
2299 19035
2300 23662
2301 20750
2302 13840
2303 13335
2304 4562
2305 5219
2306 4053
2307 20666
2308 32334
2309 18168
2310 21044
2311 13445
2312 9845
2313 22317
2314 32219
2315 14846
2316 9474
2317 13788
2318 15630
2319 11238
2320 32004
2321 28649
2322 26351
2323 19308
2324 22334
2325 1563
2326 18428
2327 1696
2328 11981
2329 30506
2330 21465
2331 29482
2332 12555
2333 12313
2334 9296
2335 24892
2336 21684
2337 22213
2338 27030
2339 6853
2340 27719
2341 8895
2342 12239
2343 8936
2344 14255
2345 14423
2346 7637
2347 2476
2348 14627
2349 14841
2350 4405
2351 10229
2352 20811
2353 957
2354 15227
2355 22451
2356 26276
2357 17721
2358 9392
2359 31833
2360 7205
2361 28058
2362 14112
2363 28561
2364 23331
2365 7667
2366 14433
2367 9773
2368 13426
2369 5588
2370 21392
2371 8545
2372 23757
2373 19999
2374 6366
2375 48
2376 18551
2377 13847
2378 5707
2379 17701
2380 10787
2381 18106
2382 28082
2383 9283
2384 22802
2385 24657
2386 3078
2387 27966
2388 25211
2389 9797
2390 26075
2391 26092
2392 18991
2393 19764
2394 23848
2395 10486
2396 15997
2397 3908
2398 13387
2399 23763
2400 17235
2401 15031
2402 12877
2403 22263
2404 6311
2405 3776
2406 23656
2407 32583
2408 24597
2409 23189
2410 26822
2411 2001
2412 17866
2413 4806
2414 20108
2415 19642
2416 12448
2417 20685
2418 5911
2419 28791
2420 15754
2421 28902
2422 21637
2423 2112
2424 2611
2425 16929
2426 24952
2427 27842
2428 4834
2429 31925
2430 19990
2431 789
2432 10145
2433 29335
2434 7765
2435 4589
2436 15518
2437 11851
2438 15733
2439 30484
2440 6609
2441 29691
2442 19150
2443 20760
2444 11743
2445 22726
2446 9163
2447 28993
2448 2111
2449 25690
2450 20279
2451 10693
2452 16027
2453 28869
2454 11703
2455 19519
2456 16761
2457 15496
2458 5016
2459 27742
2460 25626
2461 25325
2462 12235
2463 15066
2464 7074
2465 11931
2466 25646
2467 3245
2468 14714
2469 31336
2470 29454
2471 25215
2472 9459
2473 5230
2474 9705
2475 1122
2476 22572
2477 22369
2478 20856
2479 1471
2480 9269
2481 28192
2482 23276
2483 17808
2484 116
2485 30089
2486 8825
2487 16080
2488 26952
2489 28818
2490 30481
2491 15664
2492 4589
2493 17045
2494 30578
2495 18956
2496 28064
2497 9196
2498 1122
2499 26013
2500 21507
2501 17598
2502 10297
2503 24688
2504 17602
2505 4632
2506 6049
2507 26903
2508 3703
2509 20800
2510 12186
2511 8734
2512 23755
2513 1350
2514 5313
2515 21569
2516 29150
2517 21211
2518 22481
2519 4315
2520 3818
2521 22118
2522 17258
2523 22690
2524 20515
2525 8277
2526 14097
2527 6802
2528 32737
2529 19377
2530 13177
2531 7975
2532 9472
2533 25334
2534 31744
2535 13263
2536 20615
2537 1825
2538 29053
2539 10911
2540 28297
2541 3338
2542 2617
2543 581
2544 7753
2545 1268
2546 2875
2547 19006
2548 21921
2549 24675
2550 26313
2551 5961
2552 21413
2553 10798
2554 25643
2555 7195
2556 9859
2557 1236
2558 29874
2559 14932
2560 18606
2561 25363
2562 23033
2563 8114
2564 6459
2565 11959
2566 363
2567 17284
2568 13195
2569 20913
2570 14597
2571 22626
2572 27178
2573 21864
2574 8541
2575 1564
2576 26871
2577 3156
2578 228
2579 32752
2580 17029
2581 31176
2582 23656
2583 19200
2584 27842
2585 27663
2586 30941
2587 18691
2588 28886
2589 31931
2590 10844
2591 23354
2592 21070
2593 27450
2594 5228
2595 12709
2596 29050
2597 1450
2598 16257
2599 6776
2600 27923
2601 5102
2602 10178
2603 26057
2604 18209
2605 30978
2606 10511
2607 12683
2608 20764
2609 32395
2610 27715
2611 12735
2612 9042
2613 32435
2614 14774
2615 18665
2616 9096
2617 24627
2618 21767
2619 1217
2620 24292
2621 6321
2622 17944
2623 21292
2624 15115
2625 10573
2626 13145
2627 874
2628 17030
2629 18807
2630 12618
2631 26513
2632 4202
2633 13315
2634 11067
2635 10810
2636 7992
2637 19071
2638 18774
2639 11386
2640 32514
2641 708
2642 30688
2643 20
2644 14031
2645 21195
2646 29628
2647 20972
2648 21825
2649 3778
2650 49
2651 22719
2652 29813
2653 27999
2654 10733
2655 7186
2656 13611
2657 9845
2658 15177
2659 10088
2660 29991
2661 24517
2662 17870
2663 32184
2664 17623
2665 23574
2666 25848
2667 24862
2668 24629
2669 8328
2670 7739
2671 17105
2672 12015
2673 1061
2674 580
2675 28501
2676 4037
2677 23993
2678 29569
2679 19186
2680 29491
2681 17379
2682 13795
2683 12900
2684 2385
2685 4973
2686 11235
2687 21460
2688 1783
2689 12249
2690 25795
2691 5127
2692 17956
2693 12860
2694 24598
2695 21462
2696 17825
2697 31312
2698 10882
2699 10718
2700 19425
2701 21956
2702 14277
2703 25720
2704 12588
2705 12758
2706 7670
2707 26604
2708 5373
2709 2852
2710 5645
2711 15585
2712 680
2713 4031
2714 26022
2715 25368
2716 18751
2717 10114
2718 5634
2719 15450
2720 2743
2721 22178
2722 7247
2723 9135
2724 17991
2725 11909
2726 22313
2727 1233
2728 25105
2729 16600
2730 1376
2731 2016
2732 30724
2733 18652
2734 6652
2735 9559
2736 27137
2737 32512
2738 4478
2739 13887
2740 316
2741 19125
2742 11369
2743 21667
2744 7398
2745 18046
2746 13057
2747 8259
2748 13321
2749 19014
2750 9811
2751 15244
2752 11955
2753 28663
2754 629
2755 5320
2756 23126
2757 17992
2758 30223
2759 20371
2760 32111
2761 9687
2762 13082
2763 25230
2764 20070
2765 23671
2766 15592
2767 15703
2768 20917
2769 8907
2770 22373
2771 2744
2772 25421
2773 4116
2774 31644
2775 25374
2776 28469
2777 71
2778 30077
2779 845
2780 7541
2781 8291
2782 3805
2783 23379
2784 30002
2785 5377
2786 27582
2787 2490
2788 15130
2789 28460
2790 31697
2791 5890
2792 3843
2793 25460
2794 9529
2795 1359
2796 3278
2797 30526
2798 3218
2799 2142
2800 29842
2801 6238
2802 7730
2803 31165
2804 7671
2805 21224
2806 15534
2807 23868
2808 15071
2809 6466
2810 14496
2811 2463
2812 11596
2813 21118
2814 30120
2815 18837
2816 29822
2817 8935
2818 24753
2819 2286
2820 30043
2821 8922
2822 7030
2823 25096
2824 8724
2825 30680
2826 324
2827 8074
2828 17670
2829 984
2830 26881
2831 1621
2832 29406
2833 7906
2834 18541
2835 31672
2836 26625
2837 3801
2838 7336
2839 23523
2840 21803
2841 12697
2842 15349
2843 5279
2844 24405
2845 3394
2846 29885
2847 22588
2848 22237
2849 15058
2850 7639
2851 31946
2852 27105
2853 24314
2854 31750
2855 23436
2856 21995
2857 9514
2858 8387
2859 17577
2860 23764
2861 28911
2862 9789
2863 23333
2864 226
2865 14718
2866 27807
2867 27920
2868 19508
2869 17297
2870 15505
2871 7165
2872 10080
2873 11633
2874 29441
2875 27062
2876 858
2877 340
2878 6691
2879 32046
2880 23192
2881 16874
2882 5046
2883 13239
2884 19827
2885 9523
2886 14474
2887 21109
2888 24017
2889 29075
2890 4415
2891 27667
2892 3585
2893 12584
2894 3151
2895 20148
2896 26342
2897 12123
2898 21839
2899 3629
2900 10584
2901 29877
2902 12657
2903 32369
2904 11975
2905 13557
2906 1358
2907 12876
2908 15649
2909 25439
2910 26594
2911 21077
2912 20982
2913 24918
2914 26328
2915 24606
2916 10459
2917 31533
2918 24584
2919 14765
2920 268
2921 10043
2922 5183
2923 28976
2924 26197
2925 15149
2926 22334
2927 19692
2928 306
2929 2976
2930 261
2931 887
2932 12853
2933 10736
2934 1105
2935 2087
2936 31912
2937 13386
2938 20067
2939 31690
2940 1140
2941 27657
2942 21507
2943 5527
2944 9025
2945 1599
2946 28613
2947 6245
2948 22751
2949 27281
2950 30091
2951 10267
2952 6884
2953 21577
2954 8011
2955 4968
2956 18327
2957 2470
2958 14098
2959 26036
2960 16397
2961 7542
2962 8777
2963 21846
2964 28050
2965 28391
2966 12856
2967 25095
2968 13899
2969 23451
2970 24008
2971 14230
2972 9497
2973 22522
2974 18573
2975 10462
2976 18623
2977 25036
2978 15107
2979 22262
2980 3656
2981 263
2982 28696
2983 22695
2984 6819
2985 19173
2986 23531
2987 30243
2988 26513
2989 6970
2990 20436
2991 19699
2992 10177
2993 30725
2994 8100
2995 28722
2996 13880
2997 21317
2998 11310
2999 22777
3000 5367
3001 7950
3002 30470
3003 15130
3004 16088
3005 26587
3006 9096
3007 4625
3008 20666
3009 26918
3010 2332
3011 31287
3012 19933
3013 20534
3014 15033
3015 10809
3016 911
3017 8505
3018 10152
3019 8393
3020 20489
3021 29330
3022 14731
3023 23187
3024 20628
3025 29300
3026 5021
3027 9331
3028 15088
3029 27312
3030 22331
3031 24037
3032 26101
3033 14027
3034 4516
3035 16317
3036 17787
3037 24660
3038 14077
3039 31512
3040 23928
3041 21876
3042 20120
3043 17554
3044 28776
3045 28103
3046 13429
3047 8121
3048 27890
3049 12650
3050 5129
3051 32450
3052 24264
3053 5718
3054 63
3055 2683
3056 26319
3057 10220
3058 19645
3059 9857
3060 32384
3061 19664
3062 3176
3063 1459
3064 2702
3065 7931
3066 22826
3067 25318
3068 200
3069 2572
3070 18675
3071 12763
3072 9538
3073 9183
3074 13309
3075 23662
3076 8879
3077 29537
3078 12373
3079 24591
3080 530
3081 6563
3082 26263
3083 24438
3084 17814
3085 4397
3086 9208
3087 31891
3088 10937
3089 30612
3090 19850
3091 3780
3092 22448
3093 5455
3094 6332
3095 2379
3096 30727
3097 6086
3098 11552
3099 9727
3100 3209
3101 12716
3102 4978
3103 10305
3104 29279
3105 5519
3106 5589
3107 19506
3108 25980
3109 32429
3110 30047
3111 13860
3112 568
3113 15370
3114 6360
3115 30286
3116 2618
3117 29119
3118 6335
3119 29891
3120 28828
3121 1173
3122 19598
3123 22949
3124 29002
3125 25554
3126 15680
3127 17813
3128 14251
3129 9555
3130 8463
3131 28271
3132 22660
3133 10203
3134 17538
3135 29748
3136 8985
3137 12203
3138 1191
3139 584
3140 3477
3141 12627
3142 16029
3143 4318
3144 16555
3145 16071
3146 22614
3147 23216
3148 1662
3149 19125
3150 18075
3151 23283
3152 8382
3153 13846
3154 13393
3155 26506
3156 18964
3157 23556
3158 12026
3159 15226
3160 26305
3161 4043
3162 31871
3163 1438
3164 10370
3165 16706
3166 32300
3167 20380
3168 10678
3169 15196
3170 17660
3171 20759
3172 17346
3173 12538
3174 15127
3175 806
3176 9397
3177 3075
3178 1689
3179 2053
3180 26664
3181 12983
3182 2453
3183 15115
3184 14185
3185 14144
3186 9050
3187 31964
3188 13528
3189 9610
3190 5876
3191 4064
3192 13968
3193 25429
3194 15094
3195 6388
3196 5194
3197 22153
3198 22135
3199 6239
3200 3199
3201 17865
3202 20315
3203 28423
3204 1229
3205 10058
3206 3540
3207 17381
3208 10652
3209 20966
3210 14631
3211 23990
3212 12545
3213 17516
3214 12724
3215 17651
3216 17635
3217 30523
3218 27697
3219 16900
3220 22620
3221 27663
3222 4662
3223 2993
3224 27745
3225 28698
3226 3070
3227 14809
3228 1958
3229 17495
3230 22380
3231 20582
3232 26044
3233 8219
3234 20556
3235 30336
3236 8572
3237 16877
3238 19932
3239 11777
3240 24233
3241 663
3242 14730
3243 7977
3244 14033
3245 7805
3246 768
3247 19604
3248 28020
3249 10542
3250 5470
3251 17256
3252 12137
3253 24377
3254 12742
3255 7123
3256 24956
3257 19010
3258 21278
3259 23989
3260 16988
3261 27476
3262 32529
3263 7577
3264 25525
3265 24441
3266 10327
3267 26090
3268 16025
3269 12936
3270 1591
3271 16484
3272 26404
3273 21567
3274 1354
3275 29640
3276 9056
3277 25489
3278 13697
3279 18900
3280 26982
3281 17473
3282 22889
3283 29042
3284 2246
3285 12976
3286 31406
3287 20784
3288 809
3289 18932
3290 10207
3291 24048
3292 22581
3293 12329
3294 16240
3295 18912
3296 18609
3297 23820
3298 27653
3299 8109
3300 21738
3301 11974
3302 13806
3303 7668
3304 31317
3305 16645
3306 19949
3307 26362
3308 29813
3309 14929
3310 30016
3311 22684
3312 1279
3313 926
3314 9947
3315 8329
3316 1853
3317 7709
3318 26102
3319 24750
3320 21168
3321 2904
3322 21959
3323 30706
3324 12537
3325 31614
3326 32401
3327 17188
3328 27386
3329 13819
3330 25565
3331 27185
3332 12600
3333 28748
3334 20487
3335 3483
3336 25475
3337 1810
3338 30973
3339 26662
3340 31706
3341 19813
3342 25156
3343 14549
3344 8329
3345 26218
3346 8252
3347 2324
3348 8596
3349 23848
3350 24740
3351 9015
3352 25944
3353 28311
3354 23648
3355 19747
3356 2160
3357 14842
3358 5754
3359 6987
3360 13526
3361 19311
3362 3176
3363 28639
3364 29770
3365 13509
3366 15245
3367 31295
3368 504
3369 10381
3370 8194
3371 19126
3372 24405
3373 19316
3374 4245
3375 20069
3376 12362
3377 12240
3378 7186
3379 18301
3380 8852
3381 12152
3382 19394
3383 5554
3384 25707
3385 6105
3386 28466
3387 25324
3388 28257
3389 23622
3390 21813
3391 2111
3392 9358
3393 17040
3394 5676
3395 16157
3396 4842
3397 15831
3398 21381
3399 29386
3400 18682
3401 27551
3402 4226
3403 17937
3404 6319
3405 26406
3406 2108
3407 8502
3408 15499
3409 26358
3410 9447
3411 23595
3412 10501
3413 22710
3414 31831
3415 22790
3416 3375
3417 28485
3418 30147
3419 8883
3420 18070
3421 22282
3422 31946
3423 25574
3424 19561
3425 1157
3426 26035
3427 19028
3428 21982
3429 20778
3430 26361
3431 10787
3432 16338
3433 23152
3434 19463
3435 30111
3436 30128
3437 22309
3438 17728
3439 23854
3440 24979
3441 22276
3442 31042
3443 11142
3444 10159
3445 8329
3446 15212
3447 12829
3448 12525
3449 8452
3450 2974
3451 23009
3452 18645
3453 8941
3454 17215
3455 11306
3456 21169
3457 15991
3458 4997
3459 26605
3460 23023
3461 14439
3462 14576
3463 30514
3464 456
3465 17191
3466 2072
3467 22728
3468 6175
3469 22038
3470 14249
3471 21047
3472 20396
3473 3875
3474 2988
3475 32246
3476 25945
3477 21146
3478 17928
3479 2526
3480 13548
3481 7485
3482 72
3483 14815
3484 231
3485 15511
3486 21150
3487 754
3488 29100
3489 24973
3490 27688
3491 21070
3492 4069
3493 16694
3494 115
3495 21727
3496 15907
3497 14317
3498 11838
3499 21236
3500 30149
3501 8868
3502 17280
3503 29752
3504 19228
3505 25211
3506 684
3507 32739
3508 31949
3509 16017
3510 19763
3511 27953
3512 4726
3513 6169
3514 22346
3515 22548
3516 20116
3517 9393
3518 18671
3519 11813
3520 30628
3521 8944
3522 28710
3523 10209
3524 15496
3525 15678
3526 26761
3527 25106
3528 14381
3529 3817
3530 23551
3531 11147
3532 22635
3533 32629
3534 16588
3535 23320
3536 11308
3537 26675
3538 14538
3539 16821
3540 23761
3541 14357
3542 30197
3543 3326
3544 22225
3545 2496
3546 18477
3547 11751
3548 26019
3549 24547
3550 14392
3551 6061
3552 18143
3553 31687
3554 21511
3555 27405
3556 30880
3557 552
3558 4154
3559 25011
3560 18220
3561 25156
3562 25318
3563 3573
3564 24023
3565 13105
3566 31637
3567 17089
3568 24356
3569 31603
3570 15502
3571 14292
3572 18478
3573 5838
3574 22871
3575 15917
3576 9030
3577 11865
3578 15993
3579 6338
3580 19934
3581 30420
3582 9859
3583 19825
3584 21926
3585 10555
3586 81
3587 569
3588 12532
3589 27035
3590 2702
3591 15018
3592 22121
3593 4133
3594 18552
3595 2458
3596 30674
3597 2177
3598 13283
3599 2842
3600 25676
3601 15205
3602 20609
3603 15017
3604 21932
3605 13925
3606 1120
3607 31143
3608 11549
3609 1549
3610 22964
3611 23052
3612 25355
3613 30253
3614 3543
3615 345
3616 11840
3617 11380
3618 4494
3619 14287
3620 9805
3621 20800
3622 24206
3623 30687
3624 25900
3625 15029
3626 17983
3627 4579
3628 27683
3629 19981
3630 7615
3631 14347
3632 20459
3633 2862
3634 27434
3635 1690
3636 28690
3637 30338
3638 30745
3639 23634
3640 15774
3641 21763
3642 28008
3643 5932
3644 21747
3645 28309
3646 23613
3647 2381
3648 28407
3649 19097
3650 22597
3651 14902
3652 28019
3653 6847
3654 1857
3655 18491
3656 1725
3657 18459
3658 18882
3659 32310
3660 21652
3661 22140
3662 24880
3663 29052
3664 19019
3665 4601
3666 14097
3667 15376
3668 22058
3669 15052
3670 10632
3671 10007
3672 12817
3673 9060
3674 284
3675 22924
3676 10078
3677 29877
3678 29627
3679 24373
3680 18961
3681 3283
3682 22783
3683 7126
3684 28462
3685 11199
3686 29616
3687 32420
3688 25187
3689 25216
3690 29833
3691 2556
3692 7915
3693 30838
3694 6719
3695 853
3696 4018
3697 15084
3698 4799
3699 24436
3700 6842
3701 27372
3702 439
3703 16095
3704 31677
3705 15703
3706 20569
3707 3731
3708 12820
3709 8501
3710 10844
3711 8441
3712 1495
3713 16457
3714 19523
3715 21271
3716 26694
3717 28136
3718 1761
3719 4611
3720 13159
3721 30732
3722 7197
3723 21662
3724 3313
3725 3749
3726 22771
3727 23934
3728 28777
3729 13615
3730 4283
3731 22828
3732 9355
3733 29321
3734 23982
3735 11408
3736 8171
3737 13061
3738 19110
3739 1961
3740 8412
3741 4284
3742 18981
3743 4226
3744 31889
3745 30244
3746 7833
3747 14945
3748 27010
3749 20196
3750 6110
3751 7489
3752 18705
3753 15078
3754 18949
3755 24962
3756 13422
3757 30638
3758 8532
3759 5088
3760 20664
3761 29675
3762 30605
3763 30114
3764 11877
3765 16716
3766 3700
3767 7443
3768 14307
3769 22677
3770 5003
3771 31286
3772 29567
3773 25586
3774 4384
3775 5046
3776 7303
3777 907
3778 28809
3779 4124
3780 22443
3781 16472
3782 29103
3783 24388
3784 1705
3785 8503
3786 15305
3787 6162
3788 32554
3789 5692
3790 27498
3791 24161
3792 10470
3793 11848
3794 16830
3795 25916
3796 18191
3797 19165
3798 22800
3799 24913
3800 28909
3801 17968
3802 656
3803 32674
3804 32198
3805 16256
3806 12628
3807 13438
3808 26624
3809 423
3810 5788
3811 30384
3812 27529
3813 14319
3814 21338
3815 15094
3816 25463
3817 25894
3818 25330
3819 17333
3820 10988
3821 20725
3822 9022
3823 6378
3824 1341
3825 24429
3826 7637
3827 15460
3828 20819
3829 1763
3830 30349
3831 28209
3832 3153
3833 22526
3834 9022
3835 5462
3836 26486
3837 19470
3838 20681
3839 8387
3840 30022
3841 19871
3842 6489
3843 29829
3844 12772
3845 12111
3846 28649
3847 14142
3848 27331
3849 1244
3850 25863
3851 5074
3852 18813
3853 4737
3854 10455
3855 17252
3856 1539
3857 18051
3858 28250
3859 29569
3860 1015
3861 28935
3862 5104
3863 23706
3864 24406
3865 11814
3866 13596
3867 7352
3868 11354
3869 13891
3870 2440
3871 10859
3872 28319
3873 2204
3874 13641
3875 29699
3876 2948
3877 9248
3878 28259
3879 32515
3880 15316
3881 17025
3882 7056
3883 7123
3884 16550
3885 18825
3886 20541
3887 437
3888 24449
3889 26289
3890 18902
3891 26362
3892 27076
3893 2288
3894 21059
3895 26998
3896 21317
3897 11473
3898 11187
3899 23345
3900 7225
3901 11976
3902 27032
3903 18271
3904 4692
3905 6086
3906 23282
3907 17299
3908 11569
3909 6155
3910 27089
3911 24879
3912 2547
3913 9276
3914 5141
3915 21279
3916 18989
3917 26805
3918 24953
3919 7111
3920 23039
3921 1824
3922 31440
3923 22329
3924 24962
3925 21062
3926 18062
3927 30124
3928 25958
3929 31782
3930 11913
3931 31274
3932 23258
3933 27204
3934 29441
3935 4488
3936 12972
3937 9284
3938 11998
3939 5531
3940 8114
3941 4279
3942 28986
3943 20649
3944 7272
3945 29749
3946 4127
3947 5406
3948 29658
3949 26284
3950 6290
3951 32128
3952 20933
3953 13047
3954 32720
3955 26789
3956 7673
3957 21683
3958 31191
3959 1572
3960 9985
3961 2126
3962 6440
3963 1801
3964 24582
3965 8544
3966 7116
3967 18125
3968 13809
3969 6975
3970 2453
3971 133
3972 16336
3973 6094
3974 1958
3975 25689
3976 20091
3977 16533
3978 1333
3979 8504
3980 8055
3981 15895
3982 9616
3983 14026
3984 14106
3985 14687
3986 2910
3987 9126
3988 9712
3989 7133
3990 26920
3991 17350
3992 15710
3993 368
3994 31512
3995 29495
3996 30597
3997 4292
3998 19968
3999 18709
4000 5737
4001 11742
4002 30621
4003 32439
4004 15955
4005 15093
4006 9246
4007 22311
4008 3956
4009 23428
4010 7392
4011 6869
4012 714
4013 28061
4014 11388
4015 31628
4016 3656
4017 11648
4018 1027
4019 29860
4020 21553
4021 14188
4022 1416
4023 31610
4024 25029
4025 23477
4026 6111
4027 5149
4028 16671
4029 30999
4030 26533
4031 7754
4032 25182
4033 20810
4034 14720
4035 28315
4036 8195
4037 3030
4038 12712
4039 2043
4040 25242
4041 23337
4042 13479
4043 2397
4044 10141
4045 30695
4046 17757
4047 9134
4048 28565
4049 26241
4050 1094
4051 11271
4052 22402
4053 15113
4054 13312
4055 7720
4056 24957
4057 20293
4058 26375
4059 8994
4060 12444
4061 7938
4062 15044
4063 28755
4064 15382
4065 16042
4066 17350
4067 4759
4068 15783
4069 8217
4070 3919
4071 31165
4072 24374
4073 6573
4074 24082
4075 22584
4076 27574
4077 25500
4078 31803
4079 11031
4080 1866
4081 32651
4082 23216
4083 32312
4084 12972
4085 15964
4086 19862
4087 16568
4088 7631
4089 22599
4090 5144
4091 15789
4092 3523
4093 19244
4094 3427
4095 3352
4096 23002
4097 29479
4098 16117
4099 4373
4100 17417
4101 4454
4102 4120
4103 21333
4104 12432
4105 13623
4106 24233
4107 22222
4108 221
4109 15205
4110 20766
4111 12721
4112 5550
4113 22469
4114 2504
4115 925
4116 15479
4117 23820
4118 8020
4119 7186
4120 3075
4121 14051
4122 32408
4123 25896
4124 29789
4125 19006
4126 6541
4127 26241
4128 1521
4129 12265
4130 1943
4131 29820
4132 13295
4133 32099
4134 31501
4135 24491
4136 5616
4137 4080
4138 12277
4139 14472
4140 27868
4141 3562
4142 14351
4143 31587
4144 28427
4145 4696
4146 18454
4147 14495
4148 8106
4149 14018
4150 27202
4151 3358
4152 13665
4153 28483
4154 14865
4155 32506
4156 21554
4157 27871
4158 3399
4159 4726
4160 7845
4161 31255
4162 11827
4163 11060
4164 25122
4165 1467
4166 2869
4167 3496
4168 25246
4169 20480
4170 32637
4171 5324
4172 2426
4173 28114
4174 6421
4175 28693
4176 31655
4177 5739
4178 34
4179 32166
4180 23311
4181 28453
4182 25447
4183 5317
4184 14128
4185 18828
4186 3594
4187 21643
4188 28938
4189 1976
4190 2715
4191 19167
4192 5692
4193 6874
4194 30546
4195 1957
4196 30570
4197 20500
4198 28568
4199 28722
4200 32225
4201 24462
4202 11977
4203 26371
4204 1150
4205 29126
4206 20537
4207 7087
4208 14284
4209 3879
4210 20597
4211 5915
4212 16748
4213 11742
4214 13259
4215 22509
4216 17082
4217 20969
4218 30220
4219 4931
4220 25261
4221 29552
4222 10128
4223 28068
4224 29439
4225 8025
4226 23419
4227 16439
4228 28814
4229 1559
4230 19263
4231 15922
4232 25347
4233 27842
4234 21346
4235 3734
4236 24497
4237 13421
4238 11650
4239 11802
4240 13248
4241 27572
4242 2966
4243 11620
4244 31114
4245 7828
4246 30838
4247 8063
4248 7493
4249 22656
4250 8606
4251 19594
4252 5347
4253 3248
4254 28206
4255 31917
4256 20278
4257 22717
4258 1846
4259 28498
4260 7768
4261 21867
4262 13617
4263 21137
4264 8522
4265 27077
4266 14031
4267 20203
4268 28891
4269 21616
4270 29944
4271 31548
4272 5067
4273 24377
4274 14349
4275 19691
4276 32305
4277 28912
4278 17009
4279 22628
4280 8218
4281 29049
4282 29768
4283 30152
4284 18291
4285 13344
4286 23678
4287 7650
4288 22825
4289 23597
4290 23307
4291 4958
4292 9614
4293 28600
4294 14454
4295 11317
4296 23551
4297 3263
4298 22168
4299 20332
4300 25028
4301 29814
4302 24227
4303 31486
4304 4151
4305 24798
4306 4195
4307 26135
4308 7720
4309 22681
4310 5827
4311 4994
4312 14465
4313 29949
4314 1426
4315 26725
4316 3622
4317 20071
4318 25735
4319 6956
4320 21279
4321 722
4322 27523
4323 3779
4324 32505
4325 2728
4326 21527
4327 28168
4328 19049
4329 20439
4330 25670
4331 7040
4332 12339
4333 15144
4334 5772
4335 18760
4336 30026
4337 11213
4338 799
4339 19791
4340 31801
4341 3384
4342 28276
4343 1475
4344 26561
4345 32564
4346 8453
4347 25033
4348 20676
4349 17454
4350 27730
4351 25201
4352 4962
4353 27091
4354 293
4355 10217
4356 30561
4357 24545
4358 31515
4359 24305
4360 14290
4361 28982
4362 17760
4363 8846
4364 11761
4365 21294
4366 15546
4367 9731
4368 9038
4369 16171
4370 13001
4371 15101
4372 3882
4373 19061
4374 13965
4375 2062
4376 17188
4377 28741
4378 17960
4379 860
4380 19221
4381 540
4382 19941
4383 1435
4384 1080
4385 29273
4386 6266
4387 2360
4388 12174
4389 11531
4390 5258
4391 27095
4392 896
4393 29444
4394 4974
4395 14336
4396 199
4397 27439
4398 25909
4399 29973
4400 3721
4401 24099
4402 30185
4403 19336
4404 8644
4405 20471
4406 20500
4407 5962
4408 29680
4409 27736
4410 10371
4411 21127
4412 3296
4413 30938
4414 22346
4415 14992
4416 9194
4417 16780
4418 25097
4419 16665
4420 7239
4421 13263
4422 31597
4423 7588
4424 8380
4425 7016
4426 7161
4427 4925
4428 8826
4429 13779
4430 6150
4431 15976
4432 16196
4433 4058
4434 22280
4435 32600
4436 21199
4437 24935
4438 4116
4439 21601
4440 14190
4441 23447
4442 12191
4443 14512
4444 31215
4445 7439
4446 19081
4447 23354
4448 1215
4449 16531
4450 16986
4451 16882
4452 1621
4453 14805
4454 32459
4455 11583
4456 5838
4457 29834
4458 24712
4459 20397
4460 24789
4461 27075
4462 20788
4463 11747
4464 20934
4465 8059
4466 5293
4467 15061
4468 5395
4469 18028
4470 16274
4471 1082
4472 24294
4473 27176
4474 30467
4475 833
4476 18952
4477 26468
4478 23976
4479 25983
4480 19713
4481 7319
4482 20981
4483 25132
4484 2689
4485 2244
4486 25004
4487 28560
4488 254
4489 19603
4490 5795
4491 27832
4492 23967
4493 16807
4494 199
4495 4973
4496 30297
4497 7212
4498 8545
4499 18023
4500 12120
4501 19119
4502 7064
4503 4029
4504 20384
4505 2099
4506 20023
4507 25504
4508 2292
4509 21633
4510 15025
4511 31561
4512 14070
4513 18111
4514 23907
4515 23600
4516 6545
4517 28228
4518 23320
4519 24447
4520 3732
4521 13739
4522 10194
4523 19910
4524 3743
4525 31782
4526 2760
4527 25328
4528 28995
4529 22805
4530 9131
4531 20086
4532 15461
4533 15832
4534 21805
4535 978
4536 739
4537 27105
4538 14532
4539 28471
4540 5755
4541 25869
4542 32683
4543 25215
4544 4328
4545 29748
4546 25899
4547 20069
4548 30797
4549 15359
4550 5656
4551 7156
4552 727
4553 1529
4554 12702
4555 14911
4556 15774
4557 23529
4558 18238
4559 13395
4560 6861
4561 28000
4562 30227
4563 25450
4564 11011
4565 29582
4566 4442
4567 4449
4568 1529
4569 1881
4570 28209
4571 8044
4572 9828
4573 7601
4574 16031
4575 1289
4576 15645
4577 7709
4578 7637
4579 15154
4580 16255
4581 18330
4582 12723
4583 26583
4584 13584
4585 22438
4586 1422
4587 23947
4588 2148
4589 10136
4590 561
4591 17278
4592 24383
4593 13362
4594 10017
4595 31147
4596 15866
4597 17273
4598 26918
4599 3410
4600 31272
4601 7364
4602 23046
4603 20905
4604 16505
4605 1812
4606 32148
4607 28879
4608 12766
4609 419
4610 28649
4611 2305
4612 23533
4613 27328
4614 16626
4615 10768
4616 4232
4617 2265
4618 10539
4619 18194
4620 24761
4621 10714
4622 31657
4623 28760
4624 16097
4625 19638
4626 31070
4627 27041
4628 3090
4629 2370
4630 27033
4631 28813
4632 5305
4633 10826
4634 7116
4635 18261
4636 16512
4637 11743
4638 13970
4639 22456
4640 31090
4641 8174
4642 30704
4643 569
4644 3680
4645 791
4646 19163
4647 28039
4648 5252
4649 15291
4650 22011
4651 27197
4652 3173
4653 12631
4654 26543
4655 16075
4656 19962
4657 6673
4658 25425
4659 28596
4660 18
4661 9361
4662 5051
4663 22523
4664 7924
4665 29714
4666 1802
4667 9687
4668 22082
4669 8889
4670 22434
4671 4014
4672 12835
4673 15909
4674 1650
4675 21825
4676 27552
4677 29255
4678 19065
4679 24869
4680 21583
4681 22132
4682 31112
4683 7794
4684 9519
4685 4280
4686 28234
4687 22207
4688 13524
4689 17262
4690 3971
4691 11341
4692 22724
4693 30989
4694 23701
4695 1154
4696 30240
4697 581
4698 9032
4699 30361
4700 1415
4701 31307
4702 17098
4703 4761
4704 3639
4705 25969
4706 8181
4707 5251
4708 23669
4709 7673
4710 11985
4711 22480
4712 30512
4713 811
4714 13658
4715 7962
4716 6369
4717 7845
4718 11139
4719 1050
4720 12213
4721 13299
4722 23674
4723 9170
4724 10478
4725 28255
4726 11566
4727 23307
4728 2950
4729 8458
4730 11279
4731 9986
4732 9750
4733 19772
4734 19988
4735 32351
4736 21495
4737 25337
4738 32003
4739 13926
4740 7591
4741 28629
4742 23277
4743 18545
4744 14446
4745 12297
4746 24311
4747 2974
4748 10561
4749 13765
4750 12129
4751 14021
4752 3814
4753 6856
4754 23744
4755 16045
4756 22361
4757 28719
4758 25230
4759 25727
4760 25711
4761 24714
4762 4325
4763 2170
4764 25529
4765 14389
4766 17288
4767 5353
4768 23979
4769 18406
4770 2595
4771 5458
4772 16381
4773 21890
4774 9684
4775 19953
4776 26450
4777 3893
4778 32745
4779 26468
4780 27672
4781 13505
4782 32236
4783 680
4784 13999
4785 27414
4786 22237
4787 18756
4788 7885
4789 28196
4790 19902
4791 19908
4792 6689
4793 5357
4794 30037
4795 20585
4796 15926
4797 23518
4798 24877
4799 15391
4800 6555
4801 26975
4802 26590
4803 28591
4804 10305
4805 16553
4806 23182
4807 10038
4808 26404
4809 5847
4810 21944
4811 6614
4812 19245
4813 32320
4814 3884
4815 8107
4816 8023
4817 23557
4818 17751
4819 29697
4820 3602
4821 23526
4822 13253
4823 26564
4824 23013
4825 22106
4826 12516
4827 6199
4828 2390
4829 23774
4830 22795
4831 32233
4832 2574
4833 24717
4834 27322
4835 26598
4836 3897
4837 9969
4838 14372
4839 14122
4840 12076
4841 281
4842 20970
4843 28251
4844 1098
4845 30955
4846 20266
4847 27063
4848 21800
4849 26812
4850 22200
4851 21323
4852 2031
4853 12574
4854 19883
4855 10085
4856 25858
4857 249
4858 20252
4859 23885
4860 27873
4861 25566
4862 20778
4863 2096
4864 17742
4865 2711
4866 6977
4867 1117
4868 430
4869 515
4870 29085
4871 1204
4872 19121
4873 19489
4874 6665
4875 5210
4876 10549
4877 3946
4878 7661
4879 24754
4880 30824
4881 20580
4882 28039
4883 24457
4884 17197
4885 26996
4886 18553
4887 9617
4888 4290
4889 13555
4890 3972
4891 273
4892 25759
4893 7557
4894 25491
4895 11482
4896 30113
4897 2214
4898 13819
4899 12157
4900 24679
4901 20358
4902 11777
4903 15035
4904 22781
4905 14871
4906 1949
4907 7997
4908 8119
4909 12388
4910 20349
4911 10374
4912 15712
4913 5668
4914 8269
4915 29989
4916 19092
4917 1167
4918 17718
4919 7983
4920 18027
4921 22128
4922 26020
4923 18668
4924 16472
4925 14972
4926 7757
4927 25041
4928 22864
4929 16354
4930 11119
4931 14254
4932 24622
4933 4387
4934 2136
4935 10281
4936 3414
4937 20772
4938 10284
4939 1643
4940 8600
4941 20098
4942 11235
4943 2329
4944 27736
4945 293
4946 14737
4947 21638
4948 31980
4949 1560
4950 22762
4951 29991
4952 838
4953 3479
4954 30981
4955 24135
4956 9171
4957 28522
4958 864
4959 16635
4960 17058
4961 22898
4962 8229
4963 20313
4964 2505
4965 19586
4966 4011
4967 16357
4968 12037
4969 23408
4970 15680
4971 9548
4972 15520
4973 24683
4974 28454
4975 28245
4976 24984
4977 7310
4978 14299
4979 8724
4980 3325
4981 30134
4982 3229
4983 11361
4984 22683
4985 18065
4986 9518
4987 20104
4988 1753
4989 29944
4990 2261
4991 2114
4992 6113
4993 17023
4994 27813
4995 3300
4996 14849
4997 2890
4998 18177
4999 6359
5000 6481
5001 26402
5002 15456
5003 15176
5004 21143
5005 24775
5006 18766
5007 26656
5008 3431
5009 14216
5010 19892
5011 26167
5012 399
5013 24338
5014 23896
5015 28100
5016 27570
5017 12678
5018 31143
5019 2841
5020 13618
5021 1998
5022 6323
5023 6541
5024 21331
5025 11312
5026 7544
5027 27321
5028 8606
5029 23331
5030 9571
5031 28135
5032 15236
5033 18018
5034 20245
5035 27591
5036 6468
5037 20032
5038 24164
5039 10852
5040 29711
5041 25915
5042 24994
5043 3415
5044 13673
5045 20947
5046 15394
5047 1594
5048 30162
5049 17053
5050 14841
5051 26976
5052 20134
5053 26771
5054 4354
5055 31427
5056 834
5057 2990
5058 29477
5059 18238
5060 17768
5061 19895
5062 5592
5063 7677
5064 6373
5065 3930
5066 21221
5067 15921
5068 6768
5069 11132
5070 18030
5071 3336
5072 11734
5073 31950
5074 3631
5075 26588
5076 22356
5077 24994
5078 3588
5079 26283
5080 17476
5081 12798
5082 23979
5083 8903
5084 18173
5085 23535
5086 17354
5087 21966
5088 18932
5089 6688
5090 25140
5091 25821
5092 32295
5093 30891
5094 30568
5095 11265
5096 18619
5097 7215
5098 22875
5099 7662
5100 13283
5101 32547
5102 3447
5103 3060
5104 26373
5105 6506
5106 8675
5107 10798
5108 27160
5109 9767
5110 11269
5111 9213
5112 14417
5113 31698
5114 4165
5115 21684
5116 26110
5117 10892
5118 30484
5119 30869
5120 23986
5121 21679
5122 4909
5123 27133
5124 30882
5125 30122
5126 7451
5127 16091
5128 30287
5129 2828
5130 10236
5131 23142
5132 5989
5133 21470
5134 13188
5135 18192
5136 24547
5137 6710
5138 8005
5139 27829
5140 17533
5141 15113
5142 25389
5143 30489
5144 18239
5145 24641
5146 12624
5147 145
5148 18290
5149 8463
5150 25831
5151 21760
5152 2243
5153 31875
5154 25241
5155 24837
5156 13730
5157 25178
5158 19962
5159 8563
5160 24809
5161 15895
5162 14418
5163 9986
5164 19134
5165 14421
5166 11423
5167 580
5168 27834
5169 8795
5170 15581
5171 11226
5172 4427
5173 16369
5174 29828
5175 15591
5176 31318
5177 25458
5178 21587
5179 3013
5180 23329
5181 4131
5182 15180
5183 247
5184 10609
5185 5827
5186 24832
5187 14431
5188 2543
5189 24675
5190 17676
5191 17073
5192 23504
5193 23416
5194 14308
5195 6952
5196 10165
5197 16175
5198 24783
5199 9592
5200 30160
5201 6400
5202 25907
5203 18435
5204 20297
5205 22662
5206 5395
5207 30287
5208 28384
5209 19854
5210 16598
5211 16312
5212 25811
5213 19566
5214 7242
5215 13922
5216 12802
5217 27800
5218 21224
5219 17010
5220 7761
5221 5486
5222 12634
5223 13694
5224 20046
5225 19800
5226 2106
5227 12865
5228 23572
5229 32532
5230 11293
5231 15508
5232 30575
5233 10574
5234 14032
5235 1434
5236 20800
5237 11377
5238 28129
5239 18490
5240 22051
5241 10940
5242 29281
5243 18898
5244 31824
5245 11928
5246 7657
5247 21289
5248 10431
5249 2857
5250 12507
5251 13734
5252 28560
5253 11043
5254 13802
5255 12480
5256 13225
5257 16863
5258 16093
5259 19382
5260 27041
5261 4782
5262 24207
5263 30592
5264 477
5265 17005
5266 1083
5267 3333
5268 15864
5269 26457
5270 7158
5271 31630
5272 30056
5273 19237
5274 6269
5275 15227
5276 3423
5277 4938
5278 18993
5279 22837
5280 10224
5281 17311
5282 10080
5283 11363
5284 20083
5285 20265
5286 27078
5287 3937
5288 6954
5289 11060
5290 9556
5291 10989
5292 9765
5293 6306
5294 15408
5295 10788
5296 14690
5297 6020
5298 21500
5299 27310
5300 4153
5301 14567
5302 12379
5303 32053
5304 9719
5305 17136
5306 5809
5307 2587
5308 22474
5309 23340
5310 7979
5311 28268
5312 24029
5313 11041
5314 5888
5315 9489
5316 24515
5317 13097
5318 22518
5319 20551
5320 10265
5321 16256
5322 14631
5323 30544
5324 15207
5325 13211
5326 32005
5327 19560
5328 22088
5329 8123
5330 24732
5331 3835
5332 5835
5333 21699
5334 12311
5335 24085
5336 21784
5337 27206
5338 1158
5339 3866
5340 28503
5341 27365
5342 3806
5343 23735
5344 3277
5345 6872
5346 5185
5347 536
5348 7240
5349 3274
5350 32640
5351 5724
5352 4542
5353 30954
5354 11231
5355 15430
5356 10033
5357 2623
5358 19736
5359 31285
5360 9429
5361 5691
5362 6306
5363 20054
5364 29813
5365 29332
5366 5170
5367 21272
5368 1043
5369 23887
5370 11651
5371 2016
5372 15311
5373 11038
5374 32595
5375 4607
5376 2826
5377 12267
5378 26542
5379 2529
5380 20682
5381 5557
5382 21358
5383 10374
5384 9056
5385 5531
5386 25347
5387 26934
5388 15177
5389 18230
5390 19568
5391 29553
5392 1363
5393 31276
5394 7830
5395 24870
5396 8192
5397 19970
5398 18869
5399 13605
5400 18479
5401 31794
5402 4400
5403 5589
5404 30969
5405 2174
5406 19088
5407 8234
5408 17114
5409 19331
5410 3532
5411 26322
5412 7697
5413 2961
5414 15048
5415 29103
5416 15433
5417 6074
5418 30747
5419 20874
5420 7544
5421 6441
5422 3861
5423 7174
5424 27656
5425 3766
5426 18689
5427 25554
5428 25653
5429 9911
5430 12711
5431 291
5432 19126
5433 27416
5434 25365
5435 15970
5436 13983
5437 29614
5438 16031
5439 15649
5440 12934
5441 4808
5442 14117
5443 10068
5444 30948
5445 12295
5446 4244
5447 190
5448 20415
5449 17776
5450 14511
5451 11433
5452 18310
5453 12992
5454 7440
5455 31706
5456 24893
5457 23295
5458 8809
5459 22212
5460 24537
5461 16472
5462 8464
5463 22524
5464 18670
5465 4648
5466 2747
5467 27373
5468 22663
5469 24917
5470 7560
5471 17101
5472 27733
5473 28385
5474 18496
5475 15824
5476 10765
5477 18623
5478 9180
5479 2203
5480 25867
5481 10469
5482 9800
5483 5627
5484 1851
5485 19106
5486 29288
5487 16087
5488 313
5489 10802
5490 26969
5491 7779
5492 1463
5493 25232
5494 24825
5495 32407
5496 5152
5497 7563
5498 9129
5499 26848
5500 5754
5501 18972
5502 7505
5503 12053
5504 5777
5505 3319
5506 22949
5507 172
5508 20050
5509 8032
5510 14247
5511 24622
5512 6005
5513 4160
5514 30317
5515 3304
5516 32351
5517 7032
5518 32549
5519 13540
5520 31814
5521 2933
5522 4182
5523 791
5524 7318
5525 22788
5526 11881
5527 24028
5528 4499
5529 32104
5530 32103
5531 27041
5532 31808
5533 10923
5534 26628
5535 9184
5536 27520
5537 24113
5538 14301
5539 10834
5540 22140
5541 403
5542 766
5543 607
5544 5700
5545 3498
5546 4775
5547 29912
5548 8889
5549 25577
5550 10064
5551 20968
5552 5802
5553 20976
5554 15850
5555 12616
5556 16189
5557 29535
5558 14952
5559 691
5560 14993
5561 26088
5562 7038
5563 666
5564 27041
5565 937
5566 7080
5567 26392
5568 14700
5569 6072
5570 25455
5571 22824
5572 1875
5573 16639
5574 12520
5575 3606
5576 9410
5577 30538
5578 6269
5579 5427
5580 15890
5581 26270
5582 17135
5583 11725
5584 10414
5585 5325
5586 19612
5587 14686
5588 23669
5589 1351
5590 10750
5591 7684
5592 7264
5593 20275
5594 13685
5595 11569
5596 4709
5597 22974
5598 19014
5599 25252
5600 25243
5601 12979
5602 4323
5603 3992
5604 31134
5605 13133
5606 24685
5607 17979
5608 6709
5609 26441
5610 22903
5611 6497
5612 28210
5613 27198
5614 7693
5615 1146
5616 7834
5617 12081
5618 19188
5619 4033
5620 14086
5621 26212
5622 5684
5623 1207
5624 22601
5625 30064
5626 14036
5627 18128
5628 32339
5629 13715
5630 31205
5631 9324
5632 23894
5633 27723
5634 10434
5635 13320
5636 6695
5637 12836
5638 9365
5639 4534
5640 25062
5641 15310
5642 23325
5643 4298
5644 9441
5645 14706
5646 30895
5647 13783
5648 30902
5649 16454
5650 31611
5651 3290
5652 26040
5653 29280
5654 3089
5655 12212
5656 9108
5657 22728
5658 16164
5659 4318
5660 2357
5661 9168
5662 9357
5663 24152
5664 13284
5665 17832
5666 18322
5667 4322
5668 10676
5669 6957
5670 1129
5671 31599
5672 31517
5673 5890
5674 22264
5675 28375
5676 10215
5677 8930
5678 1759
5679 17868
5680 19273
5681 11060
5682 21688
5683 27919
5684 21331
5685 2272
5686 3229
5687 15331
5688 18313
5689 15714
5690 8683
5691 12483
5692 25297
5693 13597
5694 14406
5695 26192
5696 1167
5697 1009
5698 15838
5699 21645
5700 15630
5701 20495
5702 31472
5703 12878
5704 31010
5705 24332
5706 14991
5707 2798
5708 4363
5709 31029
5710 28836
5711 23617
5712 16029
5713 5923
5714 308
5715 20681
5716 16030
5717 3471
5718 3297
5719 27181
5720 8560
5721 11111
5722 26292
5723 12262
5724 3823
5725 32288
5726 5913
5727 13884
5728 413
5729 12367
5730 4139
5731 4465
5732 15613
5733 13939
5734 30514
5735 2364
5736 828
5737 15893
5738 10090
5739 8313
5740 19990
5741 4884
5742 20999
5743 17694
5744 3832
5745 28474
5746 24437
5747 15473
5748 14946
5749 26642
5750 30180
5751 8056
5752 8848
5753 28414
5754 18692
5755 31665
5756 25945
5757 6020
5758 5901
5759 27652
5760 29015
5761 6121
5762 30467
5763 15862
5764 26184
5765 14337
5766 23608
5767 30495
5768 21684
5769 8773
5770 29458
5771 20190
5772 8401
5773 19238
5774 15118
5775 28747
5776 3235
5777 25249
5778 517
5779 6253
5780 11623
5781 1044
5782 9391
5783 25774
5784 20530
5785 6224
5786 14437
5787 25995
5788 4566
5789 7663
5790 555
5791 18832
5792 11781
5793 19432
5794 24301
5795 13444
5796 18873
5797 16992
5798 265
5799 5857
5800 15570
5801 15811
5802 9998
5803 6535
5804 7937
5805 20
5806 12227
5807 29104
5808 7142
5809 25729
5810 12140
5811 12583
5812 21109
5813 20795
5814 27208
5815 26293
5816 17310
5817 31620
5818 22622
5819 8924
5820 5165
5821 12810
5822 5754
5823 13512
5824 9711
5825 8563
5826 26738
5827 13187
5828 19478
5829 18233
5830 12461
5831 10088
5832 7902
5833 1720
5834 230
5835 26586
5836 12913
5837 5253
5838 10286
5839 310
5840 13576
5841 11266
5842 25136
5843 14085
5844 14420
5845 17199
5846 3001
5847 30327
5848 10780
5849 12483
5850 120
5851 19725
5852 16423
5853 30844
5854 1538
5855 14229
5856 23388
5857 12723
5858 26648
5859 23899
5860 9768
5861 15411
5862 10797
5863 2974
5864 29216
5865 14155
5866 29219
5867 1345
5868 6376
5869 28450
5870 4182
5871 31427
5872 25683
5873 13387
5874 18651
5875 15985
5876 16843
5877 20889
5878 16906
5879 2266
5880 17652
5881 5173
5882 15417
5883 24964
5884 15756
5885 6637
5886 30411
5887 32733
5888 25750
5889 22991
5890 26218
5891 14452
5892 25783
5893 6903
5894 8336
5895 19049
5896 16864
5897 19877
5898 8268
5899 8483
5900 25645
5901 31379
5902 18499
5903 24128
5904 18957
5905 15493
5906 17909
5907 16338
5908 9636
5909 30753
5910 14913
5911 14024
5912 26989
5913 17921
5914 19243
5915 16810
5916 2084
5917 17159
5918 734
5919 24458
5920 27619
5921 15088
5922 8173
5923 12087
5924 26763
5925 24876
5926 15070
5927 3763
5928 11621
5929 3053
5930 25833
5931 20199
5932 31241
5933 9599
5934 9213
5935 20374
5936 6783
5937 18391
5938 28676
5939 6032
5940 28325
5941 13934
5942 5480
5943 15656
5944 208
5945 10832
5946 8406
5947 13031
5948 28598
5949 9327
5950 14402
5951 19586
5952 12172
5953 14910
5954 1323
5955 4106
5956 26219
5957 4219
5958 5152
5959 10083
5960 26616
5961 30796
5962 19843
5963 1527
5964 5188
5965 25230
5966 27533
5967 5803
5968 7665
5969 7530
5970 4498
5971 1555
5972 31639
5973 4137
5974 26758
5975 31969
5976 2149
5977 26953
5978 25793
5979 24228
5980 6156
5981 29392
5982 6399
5983 24751
5984 472
5985 224
5986 15019
5987 3414
5988 26400
5989 11916
5990 15197
5991 1889
5992 14561
5993 23786
5994 7073
5995 8634
5996 16550
5997 10345
5998 23290
5999 8041
6000 12459
6001 18533
6002 10534
6003 12226
6004 32577
6005 3321
6006 15524
6007 31453
6008 4468
6009 28437
6010 29300
6011 21063
6012 30956
6013 26320
6014 6942
6015 23031
6016 18705
6017 31743
6018 6389
6019 15748
6020 18291
6021 17670
6022 13213
6023 17813
6024 31592
6025 18414
6026 17611
6027 24984
6028 24823
6029 29112
6030 8780
6031 31159
6032 17140
6033 6129
6034 26953
6035 7431
6036 109
6037 14471
6038 3785
6039 24579
6040 16709
6041 27611
6042 22903
6043 32570
6044 24095
6045 15639
6046 10406
6047 6724
6048 32637
6049 23746
6050 11410
6051 6906
6052 14377
6053 24978
6054 29672
6055 7399
6056 7893
6057 2945
6058 29321
6059 26873
6060 11006
6061 15650
6062 25995
6063 22908
6064 22806
6065 7990
6066 14465
6067 14921
6068 23009
6069 8827
6070 20477
6071 31035
6072 20768
6073 21444
6074 23891
6075 15075
6076 26477
6077 13902
6078 8095
6079 10109
6080 13158
6081 6226
6082 13833
6083 1058
6084 15885
6085 5591
6086 26439
6087 27711
6088 9839
6089 15818
6090 612
6091 16197
6092 10372
6093 3408
6094 15552
6095 5794
6096 2903
6097 13659
6098 12633
6099 22513
6100 14950
6101 24188
6102 25928
6103 14189
6104 3660
6105 24312
6106 30095
6107 16044
6108 2205
6109 5917
6110 21009
6111 11146
6112 1810
6113 26582
6114 10722
6115 15203
6116 12774
6117 30590
6118 27841
6119 13957
6120 10623
6121 14578
6122 1507
6123 20452
6124 14161
6125 26858
6126 13299
6127 11536
6128 1536
6129 30089
6130 8790
6131 10853
6132 9412
6133 1074
6134 10163
6135 12161
6136 23058
6137 2462
6138 19891
6139 10236
6140 2425
6141 10283
6142 1541
6143 29779
6144 12490
6145 18551
6146 12454
6147 26404
6148 16507
6149 8238
6150 22367
6151 8865
6152 21325
6153 6944
6154 17039
6155 27199
6156 2349
6157 23191
6158 19242
6159 15534
6160 2392
6161 16103
6162 3586
6163 18958
6164 28611
6165 12102
6166 25669
6167 6752
6168 10682
6169 5086
6170 17735
6171 30778
6172 1479
6173 13857
6174 30082
6175 29631
6176 31445
6177 31581
6178 9948
6179 4559
6180 27285
6181 11664
6182 28200
6183 31611
6184 25377
6185 18045
6186 12782
6187 16828
6188 9184
6189 28927
6190 30319
6191 2404
6192 27049
6193 13470
6194 10980
6195 13140
6196 17963
6197 32608
6198 23559
6199 21744
6200 1676
6201 481
6202 28628
6203 5328
6204 27984
6205 4518
6206 20113
6207 16312
6208 17277
6209 1455
6210 7436
6211 10699
6212 1276
6213 16715
6214 27684
6215 12283
6216 11331
6217 24881
6218 394
6219 28100
6220 24881
6221 16075
6222 7625
6223 31514
6224 3897
6225 15829
6226 25476
6227 18080
6228 9923
6229 6183
6230 17407
6231 24602
6232 3535
6233 7119
6234 5346
6235 18213
6236 988
6237 3939
6238 13113
6239 4646
6240 32008
6241 12438
6242 22462
6243 384
6244 14456
6245 264
6246 91
6247 21258
6248 5626
6249 21859
6250 4843
6251 27072
6252 28393
6253 23203
6254 7489
6255 7608
6256 30290
6257 1461
6258 22123
6259 18520
6260 25684
6261 8516
6262 17719
6263 24775
6264 28877
6265 28112
6266 12279
6267 15521
6268 24883
6269 2048
6270 14722
6271 18671
6272 11711
6273 2361
6274 20347
6275 20310
6276 465
6277 5743
6278 19926
6279 7054
6280 7056
6281 20795
6282 31639
6283 5398
6284 20176
6285 24366
6286 17629
6287 8486
6288 12090
6289 31590
6290 22048
6291 24806
6292 9638
6293 18014
6294 31927
6295 8157
6296 29900
6297 18442
6298 28829
6299 1708
6300 28956
6301 22564
6302 27508
6303 26108
6304 28650
6305 24769
6306 12490
6307 11701
6308 12750
6309 12071
6310 27548
6311 25712
6312 19531
6313 18146
6314 1304
6315 13104
6316 22190
6317 27413
6318 22695
6319 22860
6320 24121
6321 21007
6322 26923
6323 7344
6324 25985
6325 14110
6326 31621
6327 2630
6328 29461
6329 16040
6330 14939
6331 6830
6332 29536
6333 24695
6334 18200
6335 3893
6336 29137
6337 19541
6338 23604
6339 6917
6340 27961
6341 31961
6342 25781
6343 11417
6344 19316
6345 27776
6346 11510
6347 27508
6348 12363
6349 8447
6350 4263
6351 15891
6352 15257
6353 216
6354 18965
6355 27680
6356 29357
6357 10028
6358 18091
6359 12520
6360 22768
6361 10704
6362 9401
6363 21007
6364 31687
6365 1443
6366 15989
6367 3714
6368 30139
6369 9502
6370 26176
6371 31150
6372 11480
6373 13612
6374 14378
6375 5872
6376 20562
6377 15420
6378 9399
6379 18764
6380 22895
6381 10133
6382 6372
6383 27489
6384 5024
6385 17130
6386 26469
6387 9116
6388 28657
6389 20015
6390 22321
6391 18605
6392 10148
6393 9643
6394 31552
6395 27191
6396 29209
6397 12365
6398 14227
6399 20940
6400 20978
6401 2115
6402 6006
6403 4120
6404 15732
6405 4553
6406 22786
6407 27228
6408 9775
6409 29759
6410 20965
6411 15391
6412 9185
6413 10623
6414 4454
6415 8480
6416 18072
6417 5997
6418 25507
6419 31630
6420 21527
6421 26576
6422 6685
6423 10875
6424 29819
6425 4704
6426 15735
6427 1167
6428 4638
6429 19743
6430 3195
6431 27385
6432 28860
6433 22253
6434 27742
6435 2219
6436 16340
6437 20567
6438 11845
6439 4551
6440 11345
6441 5809
6442 19975
6443 5972
6444 13674
6445 21860
6446 3637
6447 17206
6448 18631
6449 16776
6450 5464
6451 4189
6452 27109
6453 13238
6454 28793
6455 21308
6456 26811
6457 5143
6458 7911
6459 9853
6460 27550
6461 19649
6462 2868
6463 4083
6464 20578
6465 13892
6466 5505
6467 29136
6468 10434
6469 12927
6470 4859
6471 7192
6472 22017
6473 27065
6474 26278
6475 4693
6476 2002
6477 24045
6478 5978
6479 22925
6480 8822
6481 18532
6482 1803
6483 25201
6484 20516
6485 30089
6486 12109
6487 25559
6488 16813
6489 4858
6490 1814
6491 14698
6492 25184
6493 9179
6494 30150
6495 6816
6496 811
6497 3951
6498 30566
6499 15853
6500 16644
6501 32233
6502 22061
6503 15415
6504 10887
6505 30591
6506 7497
6507 18569
6508 26849
6509 31169
6510 10460
6511 4107
6512 28652
6513 30505
6514 30532
6515 22066
6516 31131
6517 29939
6518 8095
6519 8500
6520 20633
6521 15150
6522 4494
6523 2751
6524 11821
6525 19220
6526 570
6527 2282
6528 12129
6529 3991
6530 10901
6531 17260
6532 9571
6533 31804
6534 15075
6535 18699
6536 17707
6537 3628
6538 10104
6539 14680
6540 31326
6541 25481
6542 12995
6543 13978
6544 24947
6545 23806
6546 22667
6547 13320
6548 11540
6549 32154
6550 32377
6551 29755
6552 31431
6553 31966
6554 3543
6555 19426
6556 23245
6557 16148
6558 23191
6559 31928
6560 3914
6561 10211
6562 31639
6563 15539
6564 18087
6565 31521
6566 30755
6567 15742
6568 21813
6569 16360
6570 28348
6571 18474
6572 12819
6573 23020
6574 6423
6575 16673
6576 15185
6577 19723
6578 20841
6579 10331
6580 1365
6581 24358
6582 31970
6583 27092
6584 14718
6585 3120
6586 32631
6587 4669
6588 18440
6589 132
6590 7397
6591 15345
6592 28976
6593 3452
6594 27379
6595 18476
6596 27032
6597 19519
6598 14583
6599 14455
6600 7660
6601 25306
6602 4251
6603 15463
6604 22982
6605 8083
6606 13281
6607 18311
6608 21967
6609 24185
6610 15461
6611 17299
6612 28968
6613 27968
6614 16355
6615 13031
6616 6664
6617 24908
6618 7672
6619 22326
6620 10662
6621 5132
6622 23341
6623 12415
6624 14169
6625 14729
6626 11569
6627 26685
6628 9981
6629 17727
6630 7270
6631 31967
6632 30362
6633 4395
6634 24223
6635 16759
6636 3904
6637 31525
6638 20265
6639 1462
6640 7477
6641 27760
6642 10248
6643 31256
6644 13139
6645 32656
6646 24706
6647 9308
6648 15787
6649 14427
6650 21730
6651 30775
6652 1902
6653 595
6654 7030
6655 26697
6656 22542
6657 26931
6658 10970
6659 848
6660 27552
6661 16328
6662 13688
6663 29084
6664 19077
6665 10498
6666 24144
6667 26307
6668 17481
6669 14155
6670 10997
6671 23445
6672 4555
6673 5655
6674 22232
6675 9298
6676 25246
6677 29117
6678 27593
6679 14107
6680 22960
6681 4485
6682 17339
6683 13991
6684 15657
6685 22530
6686 22472
6687 5431
6688 23958
6689 7586
6690 117
6691 25548
6692 30791
6693 6531
6694 2870
6695 8599
6696 6389
6697 19592
6698 18741
6699 8113
6700 16041
6701 8877
6702 31567
6703 19724
6704 18392
6705 16023
6706 16223
6707 32426
6708 27091
6709 9072
6710 25280
6711 2060
6712 14175
6713 12529
6714 15885
6715 14318
6716 31391
6717 9664
6718 32299
6719 3377
6720 26171
6721 7165
6722 32394
6723 14361
6724 25019
6725 13335
6726 6311
6727 15288
6728 30004
6729 25061
6730 3286
6731 17322
6732 6183
6733 4082
6734 26686
6735 515
6736 26534
6737 3352
6738 3109
6739 10630
6740 1976
6741 30800
6742 14958
6743 22552
6744 13311
6745 7880
6746 19295
6747 1396
6748 17304
6749 54
6750 28840
6751 18975
6752 9283
6753 28013
6754 10657
6755 4767
6756 4292
6757 29997
6758 19668
6759 4840
6760 1673
6761 4928
6762 19131
6763 3607
6764 16012
6765 21954
6766 3531
6767 18018
6768 11643
6769 27841
6770 7089
6771 10575
6772 20247
6773 22534
6774 23515
6775 3109
6776 16602
6777 10033
6778 10042
6779 3232
6780 28636
6781 12
6782 1350
6783 27113
6784 24055
6785 24345
6786 14915
6787 27077
6788 16937
6789 18029
6790 2755
6791 7693
6792 2107
6793 20161
6794 22637
6795 7774
6796 29600
6797 20167
6798 31740
6799 2577
6800 27040
6801 3258
6802 139
6803 26222
6804 9910
6805 11833
6806 9231
6807 11548
6808 25398
6809 23125
6810 16677
6811 7900
6812 11058
6813 16873
6814 1550
6815 11896
6816 28063
6817 554
6818 7415
6819 6133
6820 1716
6821 5502
6822 10622
6823 30736
6824 18835
6825 18066
6826 16243
6827 30697
6828 19755
6829 22950
6830 14043
6831 24825
6832 93
6833 24620
6834 315
6835 11593
6836 18781
6837 27282
6838 25619
6839 26598
6840 13404
6841 3164
6842 15528
6843 29072
6844 30052
6845 26229
6846 12550
6847 32178
6848 16771
6849 11207
6850 29254
6851 23447
6852 17195
6853 21513
6854 29709
6855 24538
6856 11737
6857 28888
6858 15701
6859 542
6860 13557
6861 22794
6862 13936
6863 768
6864 27129
6865 7743
6866 6217
6867 11850
6868 17878
6869 184
6870 24814
6871 3433
6872 24980
6873 21869
6874 29003
6875 7714
6876 8760
6877 4697
6878 14392
6879 24960
6880 23530
6881 29977
6882 3767
6883 22289
6884 12375
6885 30645
6886 10614
6887 14418
6888 11349
6889 1982
6890 17308
6891 2151
6892 26821
6893 13209
6894 26306
6895 19471
6896 12990
6897 16922
6898 29758
6899 32216
6900 32488
6901 26709
6902 21416
6903 4751
6904 11301
6905 4528
6906 27287
6907 8699
6908 22903
6909 28221
6910 16812
6911 1995
6912 21278
6913 15175
6914 31442
6915 4300
6916 23296
6917 31275
6918 31939
6919 2143
6920 20558
6921 2409
6922 30671
6923 14891
6924 31333
6925 21499
6926 10201
6927 15375
6928 31474
6929 2790
6930 30626
6931 5210
6932 11098
6933 7438
6934 26954
6935 4159
6936 26969
6937 24910
6938 26643
6939 24195
6940 5865
6941 9928
6942 26473
6943 17017
6944 20837
6945 8058
6946 29471
6947 29488
6948 9198
6949 22803
6950 5372
6951 31467
6952 14606
6953 14340
6954 13174
6955 10961
6956 20379
6957 10457
6958 19901
6959 30438
6960 30430
6961 31690
6962 14587
6963 20026
6964 22005
6965 7821
6966 17114
6967 17249
6968 630
6969 10351
6970 23880
6971 6434
6972 10837
6973 27811
6974 14199
6975 1907
6976 5384
6977 1754
6978 26663
6979 19622
6980 16360
6981 5652
6982 3367
6983 24285
6984 6619
6985 6581
6986 1049
6987 20931
6988 8752
6989 9435
6990 8311
6991 17534
6992 28362
6993 23535
6994 723
6995 27615
6996 23937
6997 28794
6998 30051
6999 3292
7000 29893
7001 3898
7002 29116
7003 31553
7004 14212
7005 29814
7006 13278
7007 28834
7008 28750
7009 6798
7010 32369
7011 20372
7012 14264
7013 14038
7014 29774
7015 10013
7016 14846
7017 30884
7018 11073
7019 2664
7020 32748
7021 16040
7022 23565
7023 4285
7024 16126
7025 13948
7026 21425
7027 4529
7028 29894
7029 6780
7030 2538
7031 29082
7032 20878
7033 472
7034 249
7035 4678
7036 13887
7037 30440
7038 21158
7039 15341
7040 18817
7041 18367
7042 3717
7043 4707
7044 26660
7045 17666
7046 19832
7047 27282
7048 29887
7049 25339
7050 7797
7051 5160
7052 19094
7053 28905
7054 12426
7055 27533
7056 22465
7057 23194
7058 24094
7059 18456
7060 8843
7061 10300
7062 32121
7063 6786
7064 15897
7065 12401
7066 6791
7067 20379
7068 29260
7069 12449
7070 32216
7071 19259
7072 6887
7073 16276
7074 9452
7075 3964
7076 501
7077 20032
7078 4014
7079 25638
7080 14693
7081 10975
7082 1854
7083 4715
7084 14328
7085 14917
7086 16883
7087 2261
7088 15709
7089 23409
7090 2209
7091 31612
7092 16794
7093 10594
7094 16663
7095 21628
7096 29613
7097 3884
7098 492
7099 2214
7100 2931
7101 25162
7102 4988
7103 9334
7104 29386
7105 30518
7106 557
7107 9541
7108 2546
7109 25655
7110 9719
7111 29376
7112 2874
7113 26234
7114 17187
7115 3225
7116 20952
7117 7525
7118 10322
7119 16509
7120 2072
7121 4136
7122 28098
7123 31813
7124 185
7125 12693
7126 14797
7127 4208
7128 16275
7129 22065
7130 11954
7131 30417
7132 30078
7133 20619
7134 26008
7135 29061
7136 29552
7137 10188
7138 6864
7139 5672
7140 22757
7141 7312
7142 28507
7143 6472
7144 388
7145 28660
7146 25516
7147 28186
7148 30207
7149 8432
7150 28590
7151 3692
7152 25659
7153 5096
7154 23561
7155 32475
7156 25265
7157 22653
7158 16546
7159 25414
7160 788
7161 425
7162 19552
7163 14211
7164 30771
7165 17419
7166 14902
7167 80
7168 21282
7169 20095
7170 5982
7171 2188
7172 7060
7173 4338
7174 16098
7175 32423
7176 18316
7177 25973
7178 11873
7179 1623
7180 22069
7181 20367
7182 6160
7183 4748
7184 4621
7185 17880
7186 22015
7187 7079
7188 15945
7189 14787
7190 8862
7191 1510
7192 13174
7193 20924
7194 14975
7195 19491
7196 12124
7197 2419
7198 19293
7199 17087
7200 23591
7201 11383
7202 21598
7203 1753
7204 21193
7205 24326
7206 23445
7207 28099
7208 7322
7209 10532
7210 7371
7211 2230
7212 30785
7213 14314
7214 5503
7215 4292
7216 26072
7217 18721
7218 4651
7219 20239
7220 15947
7221 29967
7222 8393
7223 21817
7224 23041
7225 19089
7226 3222
7227 6683
7228 2751
7229 29034
7230 18198
7231 20154
7232 27849
7233 18139
7234 25176
7235 32630
7236 21322
7237 10356
7238 123
7239 21893
7240 21493
7241 24873
7242 23665
7243 3232
7244 13805
7245 27816
7246 20483
7247 28924
7248 18402
7249 1258
7250 31509
7251 31100
7252 24957
7253 11784
7254 28716
7255 21029
7256 5119
7257 13393
7258 2605
7259 27346
7260 20005
7261 20633
7262 20328
7263 24105
7264 30542
7265 26323
7266 1492
7267 17613
7268 17887
7269 4835
7270 23708
7271 18645
7272 21735
7273 30637
7274 20187
7275 3454
7276 15615
7277 1138
7278 9124
7279 16156
7280 13429
7281 9308
7282 12102
7283 24407
7284 31401
7285 3159
7286 14798
7287 8595
7288 4790
7289 6947
7290 11981
7291 27568
7292 4437
7293 32679
7294 31323
7295 20212
7296 511
7297 6537
7298 14171
7299 3397
7300 10066
7301 18427
7302 4865
7303 32412
7304 6838
7305 6872
7306 2450
7307 27318
7308 3904
7309 6639
7310 24683
7311 11021
7312 15319
7313 5791
7314 325
7315 10502
7316 12437
7317 15268
7318 6839
7319 3180
7320 7023
7321 20272
7322 10748
7323 11805
7324 16409
7325 23357
7326 20983
7327 8963
7328 10020
7329 12322
7330 9076
7331 29510
7332 18538
7333 30053
7334 15025
7335 20928
7336 13483
7337 15569
7338 22045
7339 26546
7340 632
7341 19400
7342 19039
7343 2229
7344 592
7345 3802
7346 30618
7347 25331
7348 32266
7349 27542
7350 9200
7351 32662
7352 1906
7353 25759
7354 24389
7355 10113
7356 6711
7357 17411
7358 21573
7359 62
7360 5381
7361 16329
7362 10920
7363 30008
7364 19950
7365 19657
7366 24244
7367 16683
7368 17934
7369 5057
7370 12804
7371 11224
7372 16495
7373 15524
7374 6537
7375 20477
7376 16426
7377 1077
7378 19662
7379 32132
7380 12751
7381 20437
7382 23168
7383 3067
7384 17415
7385 13209
7386 26157
7387 12612
7388 13176
7389 7840
7390 29516
7391 12430
7392 3561
7393 8612
7394 24958
7395 30084
7396 12455
7397 974
7398 32275
7399 28611
7400 1575
7401 6607
7402 20176
7403 17042
7404 18156
7405 4908
7406 31215
7407 7373
7408 16811
7409 12761
7410 28520
7411 19747
7412 28334
7413 8202
7414 14191
7415 26242
7416 21110
7417 22598
7418 2622
7419 2254
7420 29604
7421 21437
7422 5396
7423 8665
7424 26650
7425 29403
7426 4222
7427 14992
7428 15709
7429 21533
7430 3029
7431 9330
7432 16445
7433 3364
7434 4616
7435 6983
7436 26553
7437 31240
7438 2971
7439 12046
7440 26397
7441 5870
7442 496
7443 2615
7444 11117
7445 6109
7446 10182
7447 26642
7448 18438
7449 13005
7450 19199
7451 20360
7452 5763
7453 20481
7454 5030
7455 26121
7456 3550
7457 5271
7458 13360
7459 28357
7460 5335
7461 31582
7462 28418
7463 18975
7464 21402
7465 28647
7466 5428
7467 2398
7468 18588
7469 8159
7470 25237
7471 27302
7472 9414
7473 30363
7474 23279
7475 20776
7476 13013
7477 30453
7478 3212
7479 3477
7480 19969
7481 26455
7482 23544
7483 2776
7484 11228
7485 1045
7486 15625
7487 13060
7488 32126
7489 11264
7490 32029
7491 8331
7492 11231
7493 15160
7494 675
7495 28594
7496 13188
7497 2113
7498 9693
7499 17473
7500 25438
7501 14169
7502 1763
7503 22399
7504 751
7505 22537
7506 1260
7507 8797
7508 9134
7509 251
7510 15049
7511 30706
7512 8621
7513 24075
7514 9394
7515 9255
7516 6009
7517 25760
7518 21317
7519 25268
7520 18753
7521 8765
7522 20428
7523 16971
7524 19259
7525 22867
7526 5567
7527 18450
7528 26436
7529 24666
7530 17802
7531 26455
7532 1479
7533 30495
7534 29839
7535 8576
7536 7647
7537 1632
7538 15983
7539 25152
7540 28864
7541 32150
7542 31621
7543 27665
7544 5203
7545 17170
7546 16564
7547 26846
7548 4384
7549 27211
7550 3171
7551 29439
7552 6001
7553 9335
7554 17605
7555 10859
7556 4020
7557 8024
7558 27486
7559 10793
7560 2594
7561 18009
7562 10691
7563 29192
7564 20894
7565 6617
7566 7073
7567 6288
7568 9696
7569 4295
7570 31232
7571 22840
7572 24786
7573 14447
7574 3017
7575 21210
7576 2874
7577 1683
7578 32646
7579 2659
7580 9370
7581 4542
7582 4714
7583 1487
7584 8788
7585 9173
7586 10385
7587 4949
7588 27154
7589 23279
7590 14984
7591 4318
7592 19301
7593 19558
7594 15376
7595 18364
7596 15533
7597 24111
7598 24607
7599 12441
7600 24376
7601 19046
7602 24104
7603 13229
7604 3758
7605 301
7606 7324
7607 14645
7608 32684
7609 23735
7610 25777
7611 7712
7612 12719
7613 23456
7614 866
7615 24843
7616 14388
7617 21888
7618 31671
7619 7023
7620 7965
7621 23999
7622 11846
7623 6937
7624 28247
7625 18603
7626 6650
7627 12251
7628 4282
7629 1735
7630 6675
7631 386
7632 8752
7633 19046
7634 17774
7635 519
7636 26906
7637 11129
7638 21255
7639 20490
7640 32495
7641 15782
7642 10172
7643 7547
7644 27686
7645 19610
7646 29012
7647 28315
7648 15191
7649 12959
7650 29375
7651 17699
7652 18333
7653 32113
7654 26015
7655 3010
7656 19006
7657 21837
7658 5384
7659 21965
7660 27534
7661 23116
7662 5508
7663 18227
7664 23312
7665 27631
7666 15963
7667 14511
7668 13023
7669 3835
7670 18449
7671 27713
7672 10828
7673 25991
7674 13359
7675 26078
7676 23497
7677 27987
7678 25159
7679 15463
7680 8710
7681 30811
7682 30258
7683 30424
7684 20569
7685 5036
7686 29596
7687 18882
7688 19043
7689 20599
7690 12995
7691 18683
7692 16113
7693 9060
7694 4731
7695 24979
7696 2592
7697 20008
7698 2934
7699 12299
7700 709
7701 1882
7702 2242
7703 1730
7704 14091
7705 21634
7706 10643
7707 14512
7708 23646
7709 19060
7710 20547
7711 31830
7712 30344
7713 10204
7714 8855
7715 31477
7716 31258
7717 32281
7718 24388
7719 24575
7720 28174
7721 23631
7722 11441
7723 31947
7724 20650
7725 12471
7726 17663
7727 21644
7728 17320
7729 21562
7730 9031
7731 9348
7732 17299
7733 29759
7734 5666
7735 15477
7736 28276
7737 20161
7738 23407
7739 15193
7740 7598
7741 29860
7742 10576
7743 1106
7744 22311
7745 1609
7746 18550
7747 32740
7748 22952
7749 7776
7750 9119
7751 32098
7752 18567
7753 24317
7754 28764
7755 18598
7756 14979
7757 21742
7758 21784
7759 18437
7760 12271
7761 9549
7762 12374
7763 13955
7764 13331
7765 14673
7766 25914
7767 20034
7768 11727
7769 23657
7770 20811
7771 30529
7772 9089
7773 140
7774 20343
7775 20035
7776 30249
7777 7370
7778 27736
7779 6156
7780 22475
7781 23080
7782 12213
7783 29907
7784 277
7785 682
7786 8012
7787 26613
7788 27202
7789 26289
7790 24270
7791 2023
7792 2878
7793 11399
7794 4396
7795 27246
7796 26379
7797 15929
7798 24337
7799 8466
7800 26211
7801 18853
7802 18095
7803 22992
7804 17823
7805 1747
7806 6335
7807 30735
7808 6615
7809 14473
7810 18115
7811 14805
7812 12619
7813 6937
7814 26255
7815 15675
7816 21249
7817 13694
7818 3847
7819 31262
7820 8624
7821 16551
7822 29226
7823 1048
7824 9693
7825 6419
7826 22608
7827 10414
7828 17220
7829 28318
7830 24751
7831 15819
7832 7545
7833 9883
7834 11044
7835 13422
7836 12239
7837 9250
7838 20273
7839 17311
7840 7289
7841 27307
7842 17474
7843 16295
7844 30447
7845 20188
7846 7988
7847 29056
7848 3476
7849 10656
7850 18711
7851 651
7852 30357
7853 16761
7854 4915
7855 20609
7856 25620
7857 24087
7858 19530
7859 15788
7860 902
7861 14889
7862 15133
7863 20823
7864 27737
7865 18291
7866 8753
7867 15491
7868 25050
7869 31009
7870 12499
7871 5851
7872 27735
7873 2139
7874 1370
7875 26602
7876 3456
7877 26393
7878 9388
7879 20620
7880 5139
7881 21817
7882 2820
7883 26786
7884 21177
7885 19407
7886 14834
7887 9482
7888 15915
7889 12988
7890 26531
7891 22991
7892 13976
7893 5250
7894 13154
7895 11420
7896 75
7897 17494
7898 863
7899 2935
7900 12169
7901 10871
7902 28591
7903 31659
7904 3000
7905 10943
7906 24213
7907 21766
7908 11719
7909 22903
7910 13824
7911 15685
7912 24009
7913 29296
7914 18004
7915 30669
7916 29667
7917 17999
7918 21101
7919 23964
7920 16489
7921 4649
7922 22754
7923 4478
7924 16196
7925 30032
7926 646
7927 17540
7928 6807
7929 31084
7930 23093
7931 7858
7932 16546
7933 24781
7934 12749
7935 8184
7936 4326
7937 12031
7938 22650
7939 3428
7940 25737
7941 8095
7942 1591
7943 16021
7944 30205
7945 32622
7946 8337
7947 24435
7948 27613
7949 7076
7950 15534
7951 31261
7952 2839
7953 15239
7954 655
7955 23843
7956 21584
7957 22587
7958 21906
7959 12790
7960 4228
7961 1756
7962 26171
7963 22428
7964 4333
7965 18634
7966 4403
7967 21928
7968 9767
7969 13892
7970 12177
7971 31594
7972 4753
7973 14137
7974 15449
7975 32611
7976 31734
7977 15962
7978 29506
7979 13051
7980 8301
7981 14964
7982 19645
7983 7799
7984 21117
7985 12797
7986 31538
7987 6437
7988 133
7989 15597
7990 19853
7991 12761
7992 19291
7993 20687
7994 6905
7995 31645
7996 28724
7997 4887
7998 7147
7999 4773
8000 2500
8001 9654
8002 21603
8003 28033
8004 27814
8005 8684
8006 29551
8007 20118
8008 8957
8009 13661
8010 19440
8011 27087
8012 19292
8013 5480
8014 19104
8015 4752
8016 24291
8017 15540
8018 3412
8019 1516
8020 8875
8021 9995
8022 32639
8023 9495
8024 18533
8025 32620
8026 8184
8027 13342
8028 573
8029 29787
8030 21501
8031 28885
8032 3589
8033 9852
8034 27511
8035 5649
8036 31631
8037 25952
8038 14975
8039 7960
8040 12890
8041 11935
8042 27682
8043 24406
8044 31345
8045 8999
8046 29281
8047 16978
8048 3217
8049 26323
8050 14204
8051 18400
8052 28042
8053 7744
8054 29809
8055 4247
8056 6375
8057 32476
8058 20671
8059 3717
8060 16081
8061 9535
8062 12143
8063 11810
8064 6449
8065 9663
8066 19797
8067 2947
8068 7189
8069 2878
8070 5268
8071 2000
8072 1365
8073 14407
8074 18784
8075 21240
8076 3958
8077 24154
8078 29704
8079 15779
8080 19406
8081 32643
8082 11315
8083 26473
8084 26601
8085 11825
8086 10601
8087 7489
8088 25132
8089 32582
8090 15574
8091 31804
8092 29112
8093 25195
8094 6219
8095 11379
8096 9618
8097 21670
8098 1670
8099 18493
8100 32512
8101 8494
8102 30899
8103 17318
8104 2870
8105 9342
8106 3379
8107 26653
8108 16433
8109 17832
8110 29595
8111 14445
8112 8420
8113 6636
8114 20992
8115 20719
8116 27794
8117 26249
8118 3954
8119 6141
8120 23931
8121 29907
8122 10182
8123 21161
8124 15034
8125 27782
8126 27801
8127 29103
8128 16750
8129 10330
8130 22417
8131 10921
8132 10520
8133 14551
8134 20966
8135 12674
8136 18244
8137 2411
8138 5409
8139 9773
8140 5740
8141 23482
8142 2340
8143 2711
8144 9241
8145 3381
8146 17259
8147 21722
8148 10827
8149 23278
8150 2961
8151 29107
8152 22555
8153 6058
8154 2326
8155 19254
8156 3487
8157 2104
8158 32351
8159 10176
8160 3854
8161 23042
8162 13566
8163 29998
8164 29476
8165 26594
8166 32564
8167 21580
8168 20680
8169 16695
8170 29364
8171 30864
8172 28653
8173 10039
8174 16554
8175 12297
8176 438
8177 29831
8178 20220
8179 10130
8180 9181
8181 8969
8182 30416
8183 16203
8184 13141
8185 25589
8186 3150
8187 842
8188 12846
8189 32299
8190 5031
8191 7309
8192 17594
8193 26311
8194 18262
8195 20019
8196 2542
8197 18422
8198 21414
8199 21228
8200 21258
8201 27145
8202 27508
8203 11951
8204 32381
8205 13000
8206 6710
8207 18603
8208 31234
8209 12041
8210 30524
8211 24959
8212 12304
8213 23169
8214 7734
8215 14765
8216 25713
8217 6617
8218 4343
8219 31820
8220 17456
8221 6916
8222 26232
8223 16894
8224 11449
8225 4049
8226 27424
8227 16418
8228 28220
8229 30396
8230 5698
8231 30795
8232 3410
8233 26122
8234 30952
8235 31728
8236 18403
8237 3349
8238 2511
8239 6245
8240 24903
8241 24548
8242 29362
8243 32521
8244 31147
8245 8446
8246 17099
8247 15810
8248 29879
8249 15744
8250 10904
8251 7078
8252 13166
8253 12142
8254 9435
8255 11771
8256 9557
8257 23111
8258 12516
8259 14690
8260 29911
8261 5596
8262 530
8263 13135
8264 21224
8265 23393
8266 18584
8267 30652
8268 9705
8269 18629
8270 30589
8271 1823
8272 8139
8273 28223
8274 11239
8275 24729
8276 32632
8277 6698
8278 6552
8279 19568
8280 366
8281 5906
8282 8377
8283 10943
8284 17325
8285 4111
8286 28886
8287 6764
8288 8404
8289 3921
8290 23851
8291 3163
8292 18055
8293 19197
8294 17950
8295 5857
8296 2835
8297 13368
8298 15372
8299 7548
8300 18005
8301 31872
8302 16200
8303 8385
8304 12760
8305 1347
8306 16737
8307 19093
8308 5181
8309 28074
8310 19364
8311 2720
8312 15328
8313 12982
8314 28386
8315 22271
8316 3256
8317 5519
8318 24692
8319 25913
8320 9599
8321 15385
8322 26747
8323 28533
8324 24595
8325 16327
8326 1388
8327 23018
8328 12573
8329 7860
8330 26829
8331 19606
8332 10992
8333 17136
8334 12601
8335 5427
8336 10164
8337 5143
8338 1450
8339 25959
8340 24259
8341 18217
8342 30200
8343 16699
8344 26963
8345 24725
8346 17564
8347 12750
8348 31318
8349 7319
8350 32186
8351 4171
8352 19870
8353 12740
8354 32607
8355 32024
8356 4677
8357 8676
8358 22279
8359 22352
8360 21580
8361 3327
8362 6242
8363 18548
8364 10626
8365 15035
8366 4439
8367 14429
8368 9639
8369 19941
8370 32586
8371 15733
8372 22994
8373 22093
8374 10650
8375 23847
8376 25360
8377 13527
8378 1390
8379 12436
8380 19534
8381 1487
8382 18098
8383 16776
8384 18297
8385 1405
8386 604
8387 13228
8388 483
8389 8953
8390 17908
8391 3581
8392 6121
8393 13633
8394 18515
8395 14460
8396 27603
8397 1673
8398 6059
8399 551
8400 25595
8401 10706
8402 26823
8403 17193
8404 21554
8405 20158
8406 27540
8407 28494
8408 5727
8409 1955
8410 18657
8411 11449
8412 5737
8413 13790
8414 11619
8415 17113
8416 21847
8417 4202
8418 1532
8419 30105
8420 10166
8421 30897
8422 20796
8423 8407
8424 13115
8425 4513
8426 10793
8427 10264
8428 28586
8429 19715
8430 28731
8431 3706
8432 12022
8433 25352
8434 12459
8435 19178
8436 28842
8437 26661
8438 13550
8439 11414
8440 1159
8441 29985
8442 23164
8443 25509
8444 16495
8445 5485
8446 6101
8447 550
8448 19842
8449 28595
8450 21190
8451 2375
8452 20614
8453 23729
8454 27624
8455 22216
8456 29068
8457 24648
8458 9067
8459 1711
8460 1744
8461 14544
8462 15121
8463 7484
8464 26338
8465 30895
8466 31101
8467 3359
8468 9731
8469 24106
8470 29358
8471 28137
8472 17106
8473 23931
8474 14791
8475 30401
8476 1576
8477 4387
8478 24593
8479 4440
8480 6720
8481 1153
8482 25922
8483 6431
8484 7451
8485 3236
8486 32000
8487 6839
8488 12834
8489 9054
8490 19873
8491 10152
8492 22286
8493 30873
8494 3125
8495 4695
8496 5
8497 11758
8498 6598
8499 9778
8500 16133
8501 28788
8502 1502
8503 12334
8504 31366
8505 25814
8506 6730
8507 27507
8508 30555
8509 6569
8510 21534
8511 9813
8512 14810
8513 29692
8514 28153
8515 13191
8516 572
8517 18992
8518 24458
8519 31627
8520 26695
8521 8458
8522 30291
8523 17005
8524 23082
8525 16134
8526 27565
8527 30129
8528 680
8529 2542
8530 7181
8531 5770
8532 23160
8533 25260
8534 17285
8535 5197
8536 26860
8537 29533
8538 25486
8539 11044
8540 30674
8541 9126
8542 13828
8543 6919
8544 16024
8545 10059
8546 20850
8547 19176
8548 18611
8549 23293
8550 25232
8551 11310
8552 6976
8553 25460
8554 7946
8555 29285
8556 24044
8557 17086
8558 21891
8559 29492
8560 2834
8561 22487
8562 16090
8563 17039
8564 27428
8565 31865
8566 29868
8567 24365
8568 24396
8569 13621
8570 12570
8571 829
8572 16211
8573 10179
8574 15308
8575 27989
8576 20161
8577 19351
8578 10293
8579 13739
8580 3398
8581 2228
8582 18713
8583 903
8584 26200
8585 14533
8586 32077
8587 14072
8588 1054
8589 15978
8590 14783
8591 23239
8592 18829
8593 9936
8594 29878
8595 29353
8596 14289
8597 2436
8598 22106
8599 31160
8600 17134
8601 6793
8602 21110
8603 9508
8604 22951
8605 8872
8606 3965
8607 16166
8608 9375
8609 20999
8610 16075
8611 11830
8612 16574
8613 8445
8614 18990
8615 31870
8616 30934
8617 13093
8618 31397
8619 29582
8620 17030
8621 28849
8622 31847
8623 8273
8624 607
8625 18945
8626 25639
8627 21312
8628 23366
8629 22901
8630 6551
8631 28885
8632 3353
8633 22399
8634 19243
8635 9795
8636 9878
8637 5372
8638 20255
8639 22116
8640 3704
8641 28612
8642 5563
8643 21235
8644 10210
8645 30079
8646 4310
8647 13819
8648 5633
8649 10427
8650 13465
8651 28559
8652 25326
8653 7228
8654 30085
8655 23484
8656 3537
8657 22675
8658 26551
8659 29884
8660 17484
8661 16371
8662 25451
8663 30060
8664 19223
8665 25663
8666 21184
8667 32769
8668 23015
8669 871
8670 3259
8671 7414
8672 28309
8673 7669
8674 24973
8675 9800
8676 23420
8677 23523
8678 15385
8679 29414
8680 5411
8681 13232
8682 31921
8683 22115
8684 796
8685 1971
8686 28960
8687 18671
8688 22571
8689 11694
8690 3566
8691 19333
8692 13739
8693 5286
8694 19679
8695 23654
8696 7726
8697 31986
8698 21693
8699 4037
8700 31588
8701 30355
8702 20055
8703 8388
8704 15166
8705 6595
8706 2762
8707 3743
8708 18514
8709 11728
8710 24319
8711 6695
8712 24962
8713 12843
8714 22645
8715 14195
8716 5336
8717 32188
8718 12097
8719 18386
8720 25013
8721 26745
8722 6483
8723 12291
8724 17963
8725 13111
8726 25338
8727 7849
8728 15271
8729 8640
8730 28843
8731 5881
8732 26323
8733 31525
8734 3582
8735 5046
8736 32442
8737 25686
8738 11769
8739 22111
8740 12078
8741 18671
8742 145
8743 13991
8744 31334
8745 18005
8746 366
8747 1573
8748 24044
8749 19714
8750 25583
8751 23629
8752 16055
8753 27677
8754 110
8755 24223
8756 24723
8757 31566
8758 9925
8759 22814
8760 27850
8761 5840
8762 31248
8763 15108
8764 19453
8765 8648
8766 14773
8767 19380
8768 22355
8769 17109
8770 7074
8771 11248
8772 9430
8773 3816
8774 7126
8775 30540
8776 29465
8777 22102
8778 25891
8779 6626
8780 30750
8781 18475
8782 14130
8783 11848
8784 6008
8785 24514
8786 28103
8787 30655
8788 17325
8789 20626
8790 3398
8791 19629
8792 3806
8793 25675
8794 30839
8795 1358
8796 11946
8797 32546
8798 13190
8799 17062
8800 30543
8801 15976
8802 22606
8803 8634
8804 4626
8805 25954
8806 8150
8807 12031
8808 29410
8809 3157
8810 9500
8811 11795
8812 20792
8813 17888
8814 17682
8815 2475
8816 10305
8817 11918
8818 16359
8819 32717
8820 575
8821 6828
8822 32647
8823 24127
8824 4909
8825 22104
8826 10085
8827 25407
8828 26273
8829 11227
8830 20856
8831 5748
8832 9463
8833 9273
8834 7299
8835 11813
8836 13228
8837 13830
8838 28570
8839 21673
8840 13576
8841 22138
8842 5858
8843 25118
8844 11008
8845 8392
8846 7576
8847 24158
8848 16730
8849 1964
8850 2389
8851 24367
8852 786
8853 17731
8854 23184
8855 5818
8856 32509
8857 32032
8858 30308
8859 9791
8860 8108
8861 17564
8862 23955
8863 2310
8864 14995
8865 1389
8866 21708
8867 11161
8868 6762
8869 28283
8870 25129
8871 816
8872 2260
8873 26351
8874 17404
8875 14701
8876 6975
8877 14220
8878 17611
8879 16457
8880 18187
8881 24130
8882 4249
8883 25167
8884 238
8885 16384
8886 28519
8887 8968
8888 27543
8889 11467
8890 2299
8891 950
8892 22929
8893 27149
8894 5600
8895 68
8896 9835
8897 14127
8898 8622
8899 22654
8900 11030
8901 105
8902 17036
8903 31102
8904 20878
8905 13273
8906 27122
8907 7014
8908 3004
8909 27859
8910 12980
8911 26453
8912 12700
8913 27001
8914 20540
8915 14739
8916 2715
8917 32395
8918 790
8919 21519
8920 1603
8921 32128
8922 14003
8923 5388
8924 26649
8925 16597
8926 11366
8927 1559
8928 27334
8929 21157
8930 22451
8931 22332
8932 7798
8933 24954
8934 20425
8935 6777
8936 1662
8937 30563
8938 31309
8939 21363
8940 14913
8941 10054
8942 21337
8943 12136
8944 3412
8945 9336
8946 30405
8947 31077
8948 736
8949 30859
8950 20133
8951 7865
8952 4168
8953 19303
8954 2834
8955 22441
8956 29452
8957 29084
8958 18222
8959 18533
8960 7662
8961 13559
8962 32610
8963 11835
8964 339
8965 2900
8966 15594
8967 27915
8968 13035
8969 12210
8970 6804
8971 4347
8972 14484
8973 20877
8974 1732
8975 6251
8976 31356
8977 20072
8978 26300
8979 6700
8980 8326
8981 10665
8982 32538
8983 7148
8984 24304
8985 13993
8986 17826
8987 11509
8988 30258
8989 10508
8990 62
8991 6424
8992 27177
8993 32590
8994 21827
8995 18403
8996 13428
8997 31647
8998 12534
8999 7195
9000 30239
9001 7921
9002 9295
9003 26470
9004 27774
9005 23119
9006 8445
9007 17991
9008 11612
9009 27248
9010 13993
9011 30799
9012 28246
9013 4492
9014 13695
9015 2194
9016 23425
9017 9070
9018 23019
9019 23129
9020 16723
9021 6091
9022 26016
9023 28182
9024 3520
9025 5842
9026 18911
9027 29341
9028 27811
9029 13316
9030 18166
9031 30352
9032 864
9033 19270
9034 9479
9035 19995
9036 4039
9037 13364
9038 27146
9039 226
9040 28220
9041 16313
9042 12565
9043 21560
9044 19221
9045 13276
9046 1755
9047 17810
9048 836
9049 14813
9050 28532
9051 2363
9052 30774
9053 29313
9054 31068
9055 24905
9056 23291
9057 9386
9058 445
9059 24783
9060 12966
9061 14890
9062 3569
9063 28500
9064 8695
9065 32473
9066 24130
9067 8324
9068 12343
9069 21990
9070 7669
9071 13350
9072 6500
9073 22890
9074 21640
9075 21070
9076 27022
9077 6211
9078 31799
9079 22484
9080 26497
9081 26143
9082 25029
9083 18180
9084 4772
9085 29143
9086 12664
9087 12439
9088 14369
9089 5631
9090 21862
9091 10467
9092 25414
9093 6075
9094 2287
9095 7502
9096 11564