9111
2 7299
3 29920
4 2080
5 2122
6 27964
7 5256
8 18666
9 26339
10 28106
11 16395
12 14363
13 22633
14 7986
15 20521
16 30717
17 12363
18 6193
19 3452
20 18517
21 8845
22 8912
23 10169
24 12438
25 5412
26 22583
27 12851
28 6741
29 8356
30 11974
31 18848
32 28669
33 1048
34 11874
35 18208
36 5060
37 4145
38 16141
39 9339
40 17117
41 19876
42 17850
43 30122
44 14575
45 25293
46 863
47 7066
48 10183
49 31896
50 27211
51 5164
52 22346
53 16033
54 23994
55 2944
56 429
57 32410
58 4007
59 4723
60 16360
61 20206
62 28897
63 7782
64 6759
65 7331
66 26465
67 13890
68 4611
69 25733
70 16091
71 28856
72 13618
73 17281
74 1939
75 10190
76 5498
77 26191
78 22386
79 1431
80 12588
81 7252
82 8537
83 20033
84 9550
85 4550
86 5813
87 2902
88 15321
89 29969
90 18260
91 31803
92 10789
93 2937
94 29559
95 28669
96 5025
97 30977
98 17448
99 27724
100 9415
101 16268
102 24013
103 17864
104 23119
105 14659
106 254
107 3452
108 18595
109 4662
110 11668
111 30632
112 30612
113 1350
114 31746
115 8132
116 9803
117 24642
118 8425
119 19905
120 2946
121 4944
122 20198
123 8338
124 26100
125 20367
126 27311
127 16875
128 28945
129 30970
130 17758
131 1865
132 4599
133 28560
134 20748
135 9266
136 20638
137 29618
138 930
139 20926
140 29010
141 10700
142 23532
143 3926
144 16999
145 311
146 15599
147 24764
148 29224
149 606
150 4989
151 11595
152 272
153 18464
154 31238
155 9345
156 9277
157 10358
158 20145
159 19386
160 11297
161 20566
162 28587
163 6462
164 17275
165 22231
166 4543
167 16510
168 6789
169 2965
170 25896
171 5019
172 21103
173 1111
174 31907
175 7720
176 15629
177 11759
178 10952
179 23857
180 17613
181 25698
182 18841
183 14460
184 4331
185 22089
186 8284
187 8462
188 14824
189 14199
190 23462
191 30961
192 8760
193 1756
194 19385
195 10293
196 18235
197 27561
198 23823
199 821
200 7790
201 28085
202 32567
203 26140
204 21219
205 3360
206 28128
207 10663
208 30446
209 32054
210 4148
211 21804
212 32290
213 1686
214 25191
215 12763
216 4987
217 21651
218 7567
219 9028
220 8157
221 12762
222 4534
223 26905
224 5309
225 30805
226 26157
227 11829
228 20254
229 14416
230 13348
231 2270
232 9920
233 23259
234 12152
235 20551
236 32148
237 17263
238 20940
239 27481
240 25458
241 13524
242 15323
243 31923
244 8718
245 32065
246 16652
247 4080
248 17705
249 11718
250 20808
251 11304
252 29444
253 24807
254 13576
255 28601
256 10522
257 21642
258 20402
259 6471
260 12558
261 23315
262 23589
263 8705
264 25059
265 26573
266 22418
267 19750
268 363
269 14988
270 3727
271 20680
272 23042
273 28304
274 102
275 31697
276 22652
277 28845
278 3251
279 32067
280 18011
281 8361
282 7982
283 12484
284 29765
285 8678
286 19909
287 5209
288 26806
289 8000
290 7406
291 19314
292 26355
293 1593
294 24123
295 21287
296 25151
297 32084
298 23854
299 19393
300 12624
301 6590
302 20048
303 31612
304 5636
305 6195
306 13437
307 28299
308 27985
309 7456
310 12418
311 22621
312 7034
313 16389
314 28394
315 6687
316 2185
317 26142
318 10260
319 4738
320 16633
321 12354
322 26249
323 6846
324 3763
325 11
326 1933
327 21719
328 7740
329 22583
330 10740
331 12062
332 1068
333 7246
334 32567
335 16636
336 14050
337 29573
338 12999
339 25835
340 20598
341 21219
342 23457
343 13253
344 11503
345 29346
346 11299
347 17729
348 14518
349 13016
350 21534
351 22970
352 843
353 13143
354 18732
355 20787
356 27191
357 8913
358 26948
359 5017
360 28738
361 2368
362 11147
363 20039
364 5349
365 4484
366 21357
367 10960
368 16386
369 5710
370 23021
371 25336
372 5587
373 30270
374 313
375 22019
376 18209
377 29512
378 18050
379 819
380 12726
381 8540
382 9738
383 3468
384 25876
385 10310
386 25983
387 11482
388 24423
389 23763
390 22663
391 12277
392 5817
393 30005
394 21404
395 29764
396 8805
397 23720
398 16666
399 30336
400 6350
401 27222
402 3222
403 24762
404 30032
405 32632
406 22642
407 14752
408 6775
409 20671
410 12718
411 6396
412 17519
413 24306
414 13825
415 1405
416 32700
417 25304
418 24617
419 24506
420 30763
421 12376
422 28287
423 32372
424 13321
425 21727
426 6094
427 24603
428 3986
429 29954
430 613
431 5524
432 3244
433 11621
434 12651
435 19002
436 19158
437 31451
438 23667
439 3363
440 15195
441 28110
442 25936
443 16292
444 26059
445 11490
446 24619
447 19735
448 20651
449 2773
450 25043
451 4059
452 25196
453 13226
454 2131
455 1949
456 20122
457 13574
458 29130
459 17622
460 25430
461 26074
462 5495
463 11669
464 19206
465 28994
466 13076
467 32639
468 5707
469 2221
470 19557
471 13076
472 8756
473 319
474 23824
475 9268
476 11953
477 24691
478 17583
479 9185
480 14666
481 7173
482 5924
483 22342
484 28688
485 4367
486 18220
487 2040
488 20692
489 30322
490 24376
491 18813
492 18584
493 20087
494 15480
495 6155
496 26435
497 7094
498 56
499 21649
500 31641
501 23863
502 11119
503 16892
504 11113
505 5592
506 6293
507 26547
508 23560
509 25326
510 18358
511 32099
512 32511
513 26159
514 12485
515 17410
516 5889
517 1744
518 4146
519 28686
520 2336
521 19946
522 25022
523 2326
524 3648
525 25122
526 32143
527 25212
528 22731
529 26249
530 2943
531 4473
532 17062
533 16577
534 16570
535 1121
536 5988
537 2658
538 7048
539 7977
540 20154
541 12699
542 4455
543 294
544 19251
545 3357
546 25437
547 22551
548 28965
549 26420
550 3212
551 25702
552 10724
553 17463
554 32519
555 4779
556 10037
557 26659
558 8932
559 20082
560 31494
561 24451
562 19347
563 29246
564 22364
565 3987
566 5998
567 30926
568 2700
569 4516
570 28048
571 21406
572 2990
573 24002
574 3563
575 2737
576 11087
577 2197
578 26517
579 2446
580 15462
581 6277
582 10595
583 15753
584 18825
585 13857
586 16569
587 26947
588 10849
589 15298
590 15008
591 20852
592 3420
593 26731
594 15129
595 9960
596 18849
597 14836
598 32434
599 20936
600 3401
601 12904
602 6742
603 539
604 15308
605 3243
606 28009
607 10636
608 4281
609 9312
610 31253
611 17006
612 23211
613 5385
614 6110
615 2045
616 25208
617 21616
618 13437
619 999
620 21163
621 19527
622 5867
623 5387
624 13109
625 14091
626 22716
627 21376
628 19807
629 17454
630 2478
631 30169
632 3075
633 18292
634 12674
635 7079
636 11260
637 30622
638 9226
639 8512
640 20699
641 70
642 23428
643 24767
644 20955
645 27402
646 19750
647 1100
648 21272
649 9196
650 27642
651 19870
652 32507
653 7417
654 19948
655 30397
656 29689
657 21801
658 10018
659 4109
660 14973
661 18055
662 3979
663 32648
664 22306
665 32657
666 18107
667 1355
668 19750
669 27618
670 27126
671 26964
672 9500
673 4110
674 20618
675 13962
676 19424
677 15566
678 610
679 9981
680 24016
681 32093
682 31961
683 9584
684 12857
685 17697
686 14796
687 2069
688 15120
689 8334
690 11507
691 26775
692 3299
693 27976
694 11121
695 15709
696 8974
697 23943
698 29097
699 6158
700 13362
701 19136
702 15188
703 11600
704 10979
705 7042
706 8656
707 2518
708 5793
709 16542
710 13499
711 6297
712 10506
713 3466
714 193
715 24165
716 4941
717 28679
718 30898
719 3736
720 22498
721 19202
722 29912
723 23847
724 25721
725 30904
726 15495
727 12769
728 2096
729 14366
730 19957
731 8440
732 6664
733 2432
734 22604
735 19645
736 25498
737 15976
738 7166
739 5291
740 9222
741 16577
742 9561
743 13735
744 16173
745 21820
746 5467
747 16262
748 27936
749 23795
750 27847
751 976
752 32215
753 23117
754 3448
755 25027
756 1319
757 15649
758 26102
759 5019
760 750
761 14878
762 31559
763 24849
764 23441
765 12650
766 17672
767 23330
768 13480
769 26761
770 4028
771 1297
772 2551
773 7041
774 22883
775 3759
776 3745
777 10555
778 23631
779 986
780 11928
781 24365
782 15411
783 5444
784 17496
785 10294
786 2429
787 24182
788 22229
789 8905
790 3813
791 19732
792 29617
793 25166
794 7494
795 3426
796 31155
797 24517
798 18861
799 8199
800 26485
801 23981
802 20912
803 32017
804 604
805 17188
806 6658
807 26682
808 27085
809 12879
810 31556
811 23145
812 27294
813 24060
814 20765
815 9340
816 9931
817 25222
818 32652
819 12101
820 25963
821 9721
822 25213
823 31954
824 7906
825 887
826 23451
827 20210
828 6487
829 17883
830 29286
831 5876
832 10601
833 13723
834 14981
835 4786
836 27421
837 15859
838 29789
839 15055
840 1819
841 27968
842 7138
843 26172
844 22555
845 21674
846 22957
847 18177
848 1178
849 2821
850 2640
851 9274
852 24785
853 22265
854 20454
855 30047
856 11495
857 17505
858 25070
859 17097
860 870
861 10482
862 3929
863 28530
864 3052
865 23581
866 9953
867 20477
868 17955
869 9782
870 14749
871 13046
872 242
873 10965
874 27602
875 15962
876 20981
877 21117
878 18445
879 18010
880 8491
881 30587
882 18542
883 348
884 7407
885 23057
886 2631
887 15683
888 10794
889 8148
890 24550
891 31216
892 9414
893 25171
894 13486
895 3336
896 1126
897 4345
898 30573
899 13048
900 14676
901 10805
902 32489
903 12599
904 21946
905 4055
906 7356
907 28107
908 22294
909 31422
910 21090
911 8207
912 9192
913 20912
914 23697
915 32435
916 4525
917 26505
918 2248
919 3844
920 1809
921 25752
922 2347
923 31086
924 3681
925 24390
926 14990
927 1855
928 27711
929 26616
930 4304
931 11693
932 3737
933 3127
934 7530
935 18971
936 26588
937 5391
938 25671
939 29592
940 2660
941 1204
942 29399
943 1449
944 6200
945 5996
946 27999
947 18504
948 23284
949 19368
950 1683
951 22828
952 6150
953 13684
954 5478
955 14923
956 29981
957 8466
958 15649
959 10654
960 223
961 18658
962 23474
963 9764
964 13275
965 8838
966 12871
967 17961
968 32190
969 1858
970 31772
971 17096
972 13001
973 15273
974 26513
975 23727
976 28034
977 6774
978 9600
979 32290
980 14506
981 26296
982 717
983 15939
984 5488
985 2354
986 16447
987 10640
988 12772
989 15617
990 7310
991 29613
992 25518
993 28543
994 17597
995 30308
996 15104
997 22376
998 7849
999 8682
1000 16841
1001 1851
1002 8675
1003 16995
1004 15148
1005 32483
1006 12987
1007 16041
1008 30512
1009 151
1010 13213
1011 13385
1012 3769
1013 11519
1014 16545
1015 5327
1016 7095
1017 10904
1018 18781
1019 10308
1020 16797
1021 23641
1022 31998
1023 6388
1024 6677
1025 27543
1026 15511
1027 27765
1028 23025
1029 10534
1030 1976
1031 3556
1032 16997
1033 2497
1034 5955
1035 19826
1036 12916
1037 16811
1038 6779
1039 31007
1040 27817
1041 17303
1042 19038
1043 29382
1044 25863
1045 9926
1046 18229
1047 26458
1048 11074
1049 14447
1050 29801
1051 2927
1052 17712
1053 15459
1054 18072
1055 252
1056 3450
1057 8433
1058 14312
1059 19039
1060 27287
1061 10759
1062 22171
1063 28321
1064 29179
1065 22427
1066 8676
1067 13052
1068 19339
1069 2889
1070 10489
1071 3482
1072 26965
1073 12606
1074 8298
1075 13728
1076 26494
1077 28756
1078 25009
1079 29803
1080 10363
1081 9598
1082 2314
1083 7193
1084 388
1085 11879
1086 9605
1087 18252
1088 2886
1089 18262
1090 12121
1091 17962
1092 27353
1093 85
1094 14459
1095 23721
1096 9969
1097 3474
1098 2927
1099 13833
1100 23896
1101 30469
1102 11359
1103 12706
1104 27804
1105 27475
1106 28778
1107 27871
1108 26117
1109 14835
1110 7998
1111 11915
1112 23497
1113 14479
1114 21225
1115 5963
1116 24451
1117 6061
1118 2540
1119 15212
1120 17634
1121 27278
1122 8081
1123 2527
1124 31902
1125 26198
1126 7807
1127 9346
1128 7089
1129 7278
1130 8588
1131 3490
1132 25283
1133 13351
1134 14034
1135 20157
1136 23014
1137 26528
1138 30981
1139 31884
1140 21635
1141 18409
1142 21252
1143 15424
1144 29076
1145 3176
1146 8621
1147 11789
1148 27668
1149 29052
1150 10230
1151 24805
1152 20404
1153 27233
1154 2361
1155 13190
1156 26064
1157 10836
1158 15824
1159 18102
1160 28321
1161 18679
1162 13794
1163 25805
1164 31412
1165 1526
1166 7804
1167 629
1168 30875
1169 28651
1170 31972
1171 15534
1172 19170
1173 29311
1174 5162
1175 30741
1176 31301
1177 4050
1178 18687
1179 1381
1180 22559
1181 18718
1182 30666
1183 28478
1184 9510
1185 31383
1186 28921
1187 21797
1188 4182
1189 11925
1190 3989
1191 30669
1192 8747
1193 11252
1194 7706
1195 23188
1196 26643
1197 17339
1198 32133
1199 7761
1200 29731
1201 8701
1202 17070
1203 31053
1204 1289
1205 9725
1206 15832
1207 28815
1208 27202
1209 1429
1210 8327
1211 13917
1212 30861
1213 16345
1214 13714
1215 20991
1216 8863
1217 8951
1218 24440
1219 29894
1220 2584
1221 26978
1222 20727
1223 8269
1224 7350
1225 12847
1226 13275
1227 511
1228 4552
1229 22719
1230 12821
1231 10201
1232 23526
1233 28574
1234 5388
1235 29297
1236 25312
1237 25259
1238 28472
1239 26680
1240 6644
1241 1145
1242 1004
1243 19964
1244 17988
1245 2806
1246 24947
1247 10417
1248 2439
1249 16202
1250 24927
1251 3184
1252 1278
1253 25858
1254 798
1255 23744
1256 10409
1257 7278
1258 21710
1259 25109
1260 700
1261 17479
1262 24146
1263 22678
1264 9037
1265 7829
1266 17062
1267 23587
1268 26703
1269 15568
1270 2927
1271 21911
1272 17859
1273 30534
1274 21207
1275 19786
1276 24109
1277 29628
1278 16279
1279 18139
1280 32581
1281 32600
1282 1877
1283 2604
1284 22256
1285 16319
1286 27441
1287 32173
1288 29806
1289 32634
1290 25243
1291 30174
1292 27093
1293 6558
1294 26727
1295 7695
1296 8638
1297 18604
1298 7715
1299 24170
1300 15678
1301 23734
1302 14760
1303 25396
1304 3608
1305 7363
1306 28911
1307 10576
1308 304
1309 22389
1310 22566
1311 13317
1312 3395
1313 26345
1314 26115
1315 20481
1316 31190
1317 11231
1318 4697
1319 1949
1320 4716
1321 17435
1322 17129
1323 11362
1324 6652
1325 11
1326 31354
1327 6604
1328 4770
1329 23465
1330 32300
1331 5455
1332 11669
1333 32419
1334 25865
1335 28568
1336 30553
1337 1977
1338 17885
1339 19221
1340 5174
1341 10087
1342 30535
1343 11191
1344 8424
1345 19909
1346 5649
1347 13303
1348 2968
1349 28587
1350 17853
1351 13079
1352 30987
1353 10008
1354 24416
1355 26794
1356 2586
1357 13013
1358 692
1359 8534
1360 5474
1361 6485
1362 15720
1363 4313
1364 10556
1365 29408
1366 15546
1367 3402
1368 27120
1369 7921
1370 15688
1371 4001
1372 8229
1373 26844
1374 11555
1375 7546
1376 2972
1377 24499
1378 13350
1379 22
1380 19998
1381 25963
1382 5766
1383 27811
1384 691
1385 14651
1386 9641
1387 445
1388 21781
1389 325
1390 13116
1391 15924
1392 11620
1393 6008
1394 14976
1395 21776
1396 17435
1397 7605
1398 13284
1399 722
1400 12867
1401 7472
1402 18137
1403 18429
1404 20967
1405 13594
1406 19938
1407 11477
1408 711
1409 7293
1410 24810
1411 29287
1412 10064
1413 31591
1414 23003
1415 21705
1416 28108
1417 24394
1418 1900
1419 17059
1420 14807
1421 20131
1422 571
1423 11758
1424 16914
1425 16346
1426 22555
1427 23036
1428 13851
1429 30569
1430 431
1431 19129
1432 188
1433 4417
1434 22072
1435 14640
1436 31330
1437 14697
1438 29099
1439 12625
1440 8145
1441 22505
1442 16647
1443 15601
1444 8471
1445 13286
1446 10469
1447 16402
1448 23742
1449 21006
1450 31312
1451 27237
1452 6982
1453 4663
1454 10712
1455 25101
1456 7891
1457 20546
1458 31970
1459 2982
1460 23330
1461 3142
1462 8514
1463 4998
1464 27073
1465 24043
1466 25356
1467 7234
1468 3712
1469 14099
1470 29862
1471 13940
1472 24611
1473 14784
1474 32034
1475 1468
1476 26969
1477 9522
1478 24779
1479 14085
1480 22002
1481 7759
1482 30718
1483 11274
1484 76
1485 22344
1486 10300
1487 24
1488 29454
1489 23162
1490 4988
1491 18965
1492 13081
1493 31890
1494 20934
1495 16321
1496 26044
1497 14837
1498 26877
1499 7740
1500 10023
1501 863
1502 30461
1503 31689
1504 9507
1505 15817
1506 16870
1507 26321
1508 20992
1509 31121
1510 8886
1511 30251
1512 17358
1513 9429
1514 32286
1515 11930
1516 5072
1517 15647
1518 16270
1519 24983
1520 21037
1521 17480
1522 2707
1523 26961
1524 25065
1525 31894
1526 5730
1527 26099
1528 20756
1529 12328
1530 26549
1531 24613
1532 321
1533 1940
1534 23765
1535 29909
1536 13370
1537 13262
1538 16376
1539 28215
1540 20722
1541 28492
1542 21454
1543 28170
1544 29883
1545 6759
1546 3671
1547 3358
1548 9401
1549 30469
1550 30199
1551 5139
1552 13207
1553 18293
1554 21708
1555 12643
1556 12152
1557 21658
1558 13887
1559 20643
1560 27697
1561 8012
1562 25305
1563 30469
1564 32181
1565 16635
1566 20057
1567 18722
1568 14032
1569 16277
1570 11267
1571 7670
1572 25
1573 22698
1574 7482
1575 17196
1576 6946
1577 1999
1578 11857
1579 22172
1580 9713
1581 19520
1582 5535
1583 22803
1584 29364
1585 29129
1586 26833
1587 24146
1588 1968
1589 24806
1590 15492
1591 32345
1592 23419
1593 14889
1594 25108
1595 27621
1596 8555
1597 16604
1598 14254
1599 21559
1600 14926
1601 22760
1602 16045
1603 27671
1604 7515
1605 7157
1606 27683
1607 19993
1608 19817
1609 18899
1610 26549
1611 3615
1612 11871
1613 6168
1614 11437
1615 9759
1616 20204
1617 9483
1618 16714
1619 8230
1620 31352
1621 4545
1622 30810
1623 8605
1624 10074
1625 1926
1626 28939
1627 15308
1628 5451
1629 11391
1630 18687
1631 9628
1632 12314
1633 19341
1634 13470
1635 17057
1636 2722
1637 13171
1638 29104
1639 6999
1640 1530
1641 4412
1642 18475
1643 10924
1644 30955
1645 18903
1646 3401
1647 9407
1648 27559
1649 5893
1650 23774
1651 6888
1652 15287
1653 27509
1654 31977
1655 8440
1656 15414
1657 25132
1658 8041
1659 22466
1660 9789
1661 15659
1662 30322
1663 218
1664 28062
1665 14156
1666 20095
1667 32668
1668 19925
1669 11630
1670 8970
1671 27504
1672 9019
1673 25297
1674 24922
1675 5965
1676 25725
1677 25795
1678 19869
1679 12924
1680 20557
1681 20861
1682 15926
1683 26271
1684 9047
1685 1608
1686 8536
1687 5873
1688 27255
1689 30948
1690 212
1691 9423
1692 17705
1693 16425
1694 30767
1695 23928
1696 11329
1697 4079
1698 20728
1699 29969
1700 4316
1701 11308
1702 14680
1703 13036
1704 26518
1705 5980
1706 18667
1707 13065
1708 29693
1709 38
1710 18382
1711 24797
1712 26694
1713 12860
1714 27642
1715 3923
1716 11583
1717 3715
1718 208
1719 21009
1720 26245
1721 20084
1722 11508
1723 31740
1724 1783
1725 5826
1726 19039
1727 26366
1728 2410
1729 7484
1730 1200
1731 26887
1732 8607
1733 26102
1734 12739
1735 6737
1736 31090
1737 23459
1738 6277
1739 20713
1740 20051
1741 18246
1742 6663
1743 30059
1744 762
1745 27402
1746 28881
1747 5388
1748 31063
1749 17517
1750 31352
1751 21726
1752 18632
1753 14756
1754 16243
1755 10832
1756 9359
1757 13883
1758 11562
1759 31988
1760 1667
1761 31485
1762 13904
1763 5510
1764 29189
1765 9491
1766 19827
1767 32297
1768 25398
1769 12400
1770 28113
1771 14323
1772 15976
1773 31084
1774 9838
1775 27052
1776 21458
1777 430
1778 23395
1779 27603
1780 19335
1781 31824
1782 12665
1783 21986
1784 3497
1785 25918
1786 22518
1787 28884
1788 31449
1789 10207
1790 9399
1791 13027
1792 2291
1793 6392
1794 13951
1795 10390
1796 6136
1797 18381
1798 4495
1799 28411
1800 4940
1801 27273
1802 27255
1803 9009
1804 13090
1805 27103
1806 4907
1807 27434
1808 29236
1809 20466
1810 15961
1811 31663
1812 2999
1813 7794
1814 3322
1815 16293
1816 5518
1817 20488
1818 6696
1819 1166
1820 2750
1821 2293
1822 31023
1823 20563
1824 23074
1825 15094
1826 23014
1827 17472
1828 19808
1829 16490
1830 18240
1831 12624
1832 23579
1833 12982
1834 13342
1835 16811
1836 16234
1837 32745
1838 19047
1839 23405
1840 22921
1841 924
1842 12379
1843 8361
1844 17871
1845 10013
1846 14372
1847 12462
1848 9440
1849 19660
1850 11694
1851 3720
1852 31012
1853 2756
1854 14009
1855 20682
1856 10104
1857 30910
1858 31021
1859 32395
1860 28707
1861 5427
1862 31661
1863 15791
1864 29707
1865 1473
1866 29806
1867 13928
1868 6697
1869 14032
1870 31306
1871 20475
1872 26938
1873 7797
1874 19472
1875 10952
1876 10679
1877 9879
1878 8735
1879 31621
1880 25608
1881 592
1882 15923
1883 11210
1884 3829
1885 29333
1886 11646
1887 25554
1888 605
1889 15898
1890 28923
1891 24960
1892 554
1893 24688
1894 32767
1895 16544
1896 30084
1897 13424
1898 22801
1899 6256
1900 7749
1901 7645
1902 5371
1903 4702
1904 25773
1905 30277
1906 12321
1907 24084
1908 2904
1909 16680
1910 32274
1911 9906
1912 24428
1913 27485
1914 31581
1915 27994
1916 14615
1917 6576
1918 29094
1919 27890
1920 24633
1921 19152
1922 8696
1923 27429
1924 10589
1925 20585
1926 26973
1927 6827
1928 24302
1929 25485
1930 5036
1931 29387
1932 19112
1933 22616
1934 20643
1935 8222
1936 29516
1937 13524
1938 32565
1939 29333
1940 25240
1941 12058
1942 17189
1943 27837
1944 1910
1945 22202
1946 6356
1947 22594
1948 2164
1949 27997
1950 23384
1951 947
1952 6772
1953 12969
1954 28877
1955 3460
1956 12196
1957 10085
1958 4336
1959 24665
1960 4785
1961 3038
1962 23018
1963 17538
1964 16952
1965 7561
1966 10089
1967 10945
1968 8318
1969 22505
1970 24565
1971 5204
1972 19296
1973 15539
1974 11394
1975 15407
1976 12429
1977 26417
1978 20033
1979 25994
1980 12786
1981 28388
1982 1724
1983 29595
1984 28278
1985 23917
1986 17954
1987 11941
1988 744
1989 15278
1990 5087
1991 23089
1992 22325
1993 31276
1994 25968
1995 155
1996 19423
1997 14519
1998 22390
1999 6097
2000 23466
2001 12622
2002 32009
2003 25432
2004 1433
2005 19005
2006 14670
2007 14224
2008 4888
2009 5000
2010 22348
2011 568
2012 3707
2013 13196
2014 21499
2015 15412
2016 32167
2017 1764
2018 3742
2019 10382
2020 13583
2021 30602
2022 21331
2023 1212
2024 22243
2025 20286
2026 29673
2027 3617
2028 21123
2029 2348
2030 25329
2031 214
2032 30778
2033 26313
2034 1304
2035 29609
2036 29993
2037 19454
2038 11444
2039 13670
2040 19329
2041 9864
2042 29596
2043 3926
2044 6902
2045 25759
2046 26429
2047 4358
2048 19824
2049 16085
2050 15082
2051 18761
2052 31747
2053 22850
2054 29812
2055 4224
2056 8225
2057 32734
2058 18171
2059 18457
2060 25870
2061 558
2062 4099
2063 13142
2064 11669
2065 29219
2066 10954
2067 19792
2068 8698
2069 19007
2070 3546
2071 16443
2072 23087
2073 16121
2074 26330
2075 25067
2076 30794
2077 16227
2078 10409
2079 22935
2080 18231
2081 26890
2082 16302
2083 21214
2084 12714
2085 29469
2086 24681
2087 25095
2088 9560
2089 21714
2090 9294
2091 32141
2092 13927
2093 11014
2094 26836
2095 12507
2096 5923
2097 8484
2098 9417
2099 27732
2100 14322
2101 24903
2102 10216
2103 5782
2104 9098
2105 20387
2106 30893
2107 17152
2108 27489
2109 5409
2110 17512
2111 12658
2112 14437
2113 15689
2114 5521
2115 31571
2116 21486
2117 27493
2118 17499
2119 4569
2120 15601
2121 27363
2122 21899
2123 29060
2124 7542
2125 7932
2126 15243
2127 12012
2128 13388
2129 5523
2130 11706
2131 16573
2132 1787
2133 16736
2134 2567
2135 11008
2136 28666
2137 8013
2138 29886
2139 28572
2140 23842
2141 19232
2142 10913
2143 26652
2144 21091
2145 18267
2146 14651
2147 27826
2148 1206
2149 31840
2150 4465
2151 27772
2152 8530
2153 13017
2154 10330
2155 23303
2156 5411
2157 3415
2158 6737
2159 5906
2160 26744
2161 17721
2162 1096
2163 11924
2164 764
2165 11984
2166 1887
2167 9216
2168 27623
2169 18625
2170 10933
2171 6343
2172 23157
2173 23210
2174 3965
2175 286
2176 10904
2177 26376
2178 11093
2179 17667
2180 2537
2181 29784
2182 31956
2183 29306
2184 28901
2185 29052
2186 28258
2187 25885
2188 15446
2189 14689
2190 23373
2191 1747
2192 31503
2193 31199
2194 27417
2195 3552
2196 17372
2197 480
2198 14103
2199 23582
2200 10169
2201 15045
2202 28217
2203 25481
2204 5186
2205 20741
2206 27428
2207 13313
2208 14955
2209 20503
2210 28807
2211 5708
2212 19825
2213 13715
2214 32683
2215 22619
2216 11793
2217 16276
2218 32076
2219 11982
2220 22007
2221 31328
2222 6312
2223 20410
2224 6009
2225 20811
2226 10453
2227 10921
2228 1413
2229 9944
2230 29783
2231 25058
2232 6104
2233 14370
2234 5874
2235 26859
2236 24433
2237 20346
2238 31165
2239 27725
2240 24390
2241 2642
2242 4472
2243 26263
2244 23861
2245 13914
2246 22303
2247 1701
2248 16189
2249 2536
2250 11967
2251 19234
2252 18670
2253 15261
2254 12425
2255 30540
2256 19742
2257 15686
2258 2085
2259 17655
2260 10206
2261 7680
2262 24137
2263 30677
2264 5293
2265 22432
2266 137
2267 13812
2268 13547
2269 2897
2270 15217
2271 18824
2272 23184
2273 29055
2274 6865
2275 12267
2276 27421
2277 244
2278 1112
2279 6626
2280 28371
2281 4417
2282 24676
2283 16674
2284 8227
2285 31840
2286 17689
2287 14099
2288 3943
2289 919
2290 22449
2291 4307
2292 11983
2293 31647
2294 22546
2295 5246
2296 23198
2297 1030
2298 2726
2299 19373
2300 12694
2301 19922
2302 29799
2303 7996
2304 20912
2305 13671
2306 7481
2307 24657
2308 19729
2309 13227
2310 19581
2311 25241
2312 27450
2313 27239
2314 29667
2315 3029
2316 2687
2317 20465
2318 15487
2319 31894
2320 13754
2321 15880
2322 27168
2323 13892
2324 16960
2325 26623
2326 2269
2327 25189
2328 2580
2329 31774
2330 6384
2331 7964
2332 5723
2333 29765
2334 11464
2335 29936
2336 19984
2337 22994
2338 11609
2339 22991
2340 31993
2341 197
2342 14519
2343 25939
2344 18138
2345 32290
2346 20195
2347 6724
2348 23272
2349 23959
2350 16612
2351 26973
2352 31616
2353 23135
2354 5658
2355 20819
2356 11801
2357 8038
2358 23504
2359 16403
2360 10104
2361 21166
2362 4880
2363 6475
2364 18467
2365 28657
2366 12475
2367 1581
2368 15639
2369 13960
2370 25561
2371 29296
2372 6333
2373 11915
2374 5677
2375 23191
2376 30747
2377 2362
2378 23308
2379 20341
2380 2119
2381 24731
2382 16496
2383 21233
2384 34
2385 6757
2386 13897
2387 29191
2388 25154
2389 29213
2390 19
2391 16399
2392 6960
2393 28287
2394 25773
2395 5954
2396 20436
2397 17951
2398 4201
2399 17018
2400 28717
2401 30544
2402 23904
2403 29753
2404 25158
2405 5957
2406 30216
2407 12013
2408 22885
2409 7286
2410 1544
2411 626
2412 11653
2413 10309
2414 27978
2415 17113
2416 18182
2417 5090
2418 10578
2419 7272
2420 29348
2421 17516
2422 26831
2423 10465
2424 12710
2425 2649
2426 32112
2427 27144
2428 23127
2429 4119
2430 8185
2431 19807
2432 7354
2433 7155
2434 14998
2435 7476
2436 16250
2437 10555
2438 11631
2439 733
2440 10528
2441 7327
2442 16764
2443 32323
2444 2440
2445 6109
2446 15771
2447 30365
2448 14230
2449 12446
2450 20960
2451 18558
2452 5925
2453 3738
2454 19756
2455 29970
2456 6976
2457 13571
2458 20737
2459 22180
2460 14485
2461 31521
2462 30612
2463 32356
2464 23590
2465 30778
2466 8228
2467 8040
2468 14914
2469 26292
2470 21899
2471 10992
2472 2484
2473 17021
2474 787
2475 494
2476 32570
2477 9899
2478 27530
2479 24518
2480 7481
2481 11872
2482 5785
2483 25170
2484 11182
2485 23793
2486 10321
2487 21289
2488 27752
2489 20807
2490 22279
2491 5665
2492 24437
2493 18565
2494 29538
2495 24850
2496 11226
2497 13290
2498 14002
2499 8413
2500 135
2501 26106
2502 19331
2503 12205
2504 393
2505 6872
2506 17523
2507 16509
2508 5506
2509 24567
2510 30016
2511 9179
2512 10070
2513 7921
2514 25125
2515 18923
2516 12328
2517 20407
2518 14695
2519 9646
2520 7557
2521 5611
2522 2859
2523 21892
2524 26590
2525 19850
2526 13194
2527 13552
2528 27964
2529 19150
2530 10983
2531 15260
2532 25647
2533 20819
2534 12416
2535 19869
2536 31495
2537 1656
2538 836
2539 24823
2540 30535
2541 25352
2542 7397
2543 7268
2544 26967
2545 26650
2546 9005
2547 21329
2548 18553
2549 6965
2550 917
2551 810
2552 2814
2553 3512
2554 27924
2555 13783
2556 3770
2557 29561
2558 7221
2559 28039
2560 26037
2561 3245
2562 11628
2563 32172
2564 23331
2565 26376
2566 27050
2567 30022
2568 17559
2569 14885
2570 16687
2571 32357
2572 29555
2573 25383
2574 26784
2575 22249
2576 23203
2577 17313
2578 19545
2579 18061
2580 15499
2581 1971
2582 19972
2583 13860
2584 30013
2585 6006
2586 106
2587 19490
2588 13552
2589 14234
2590 21898
2591 12893
2592 16046
2593 7502
2594 29416
2595 26901
2596 32588
2597 31072
2598 8232
2599 19250
2600 4255
2601 16038
2602 987
2603 10190
2604 31981
2605 10140
2606 8857
2607 5363
2608 22178
2609 16206
2610 21584
2611 24486
2612 30788
2613 29049
2614 9179
2615 15652
2616 169
2617 26093
2618 19671
2619 8555
2620 24424
2621 11061
2622 19378
2623 24316
2624 1421
2625 29818
2626 13316
2627 29664
2628 3729
2629 28325
2630 16675
2631 10217
2632 30089
2633 28868
2634 21746
2635 24634
2636 10909
2637 2991
2638 22777
2639 19465
2640 7356
2641 15595
2642 13755
2643 20132
2644 2958
2645 18638
2646 21571
2647 19122
2648 13738
2649 32740
2650 24065
2651 12988
2652 14090
2653 29586
2654 11988
2655 748
2656 11195
2657 24057
2658 11624
2659 2068
2660 27353
2661 16669
2662 32194
2663 6129
2664 28091
2665 327
2666 16921
2667 7858
2668 14187
2669 32424
2670 24040
2671 9652
2672 20569
2673 29246
2674 28481
2675 14224
2676 10832
2677 4604
2678 29284
2679 17751
2680 168
2681 16421
2682 17296
2683 28956
2684 2238
2685 18937
2686 29465
2687 25011
2688 1697
2689 31123
2690 8123
2691 953
2692 6670
2693 32530
2694 19246
2695 23508
2696 22431
2697 29943
2698 23802
2699 20028
2700 575
2701 974
2702 18317
2703 32635
2704 30945
2705 26897
2706 907
2707 12913
2708 11378
2709 25929
2710 21861
2711 18330
2712 12811
2713 21878
2714 4397
2715 16788
2716 17772
2717 31665
2718 20649
2719 29403
2720 20390
2721 15120
2722 20390
2723 14552
2724 17943
2725 19146
2726 25230
2727 26650
2728 30107
2729 9371
2730 15165
2731 19939
2732 3585
2733 12906
2734 28689
2735 27366
2736 444
2737 32554
2738 31040
2739 19279
2740 3547
2741 28414
2742 6255
2743 8196
2744 32316
2745 17056
2746 24192
2747 32042
2748 508
2749 27139
2750 17323
2751 25068
2752 9265
2753 27191
2754 1488
2755 28023
2756 15580
2757 23182
2758 16651
2759 25929
2760 28185
2761 15613
2762 30346
2763 28844
2764 409
2765 13764
2766 30107
2767 11645
2768 14930
2769 26193
2770 23305
2771 562
2772 28277
2773 28514
2774 6825
2775 20764
2776 32161
2777 24171
2778 18224
2779 28904
2780 30550
2781 2615
2782 3143
2783 3692
2784 1452
2785 8913
2786 3810
2787 23457
2788 28741
2789 30885
2790 10189
2791 12267
2792 19328
2793 16099
2794 11399
2795 32161
2796 10223
2797 19748
2798 14932
2799 16585
2800 22028
2801 9296
2802 14222
2803 19235
2804 4647
2805 15039
2806 32572
2807 4458
2808 11427
2809 21406
2810 27366
2811 24022
2812 610
2813 26005
2814 11943
2815 3045
2816 22910
2817 21670
2818 15235
2819 12635
2820 30266
2821 857
2822 7163
2823 22663
2824 31800
2825 32534
2826 32479
2827 12233
2828 28652
2829 19410
2830 25700
2831 21073
2832 27728
2833 4846
2834 8566
2835 3625
2836 24793
2837 14683
2838 11599
2839 19318
2840 27562
2841 8451
2842 27977
2843 30971
2844 9225
2845 6500
2846 29424
2847 8670
2848 26895
2849 17278
2850 24668
2851 4271
2852 2211
2853 27888
2854 26302
2855 9126
2856 21161
2857 9822
2858 4920
2859 13868
2860 27766
2861 6421
2862 24050
2863 17309
2864 30855
2865 24562
2866 12138
2867 10061
2868 26227
2869 26496
2870 20491
2871 7625
2872 32543
2873 6496
2874 30210
2875 27487
2876 305
2877 22254
2878 25933
2879 19424
2880 25031
2881 1825
2882 22036
2883 4004
2884 1384
2885 15283
2886 5437
2887 2511
2888 1339
2889 12674
2890 4923
2891 13267
2892 21622
2893 12343
2894 21798
2895 10806
2896 23066
2897 3365
2898 31761
2899 26262
2900 21214
2901 21876
2902 22168
2903 23274
2904 3944
2905 25470
2906 12472
2907 21002
2908 25283
2909 25465
2910 21988
2911 14706
2912 21774
2913 2903
2914 31060
2915 14402
2916 28273
2917 2538
2918 30881
2919 14218
2920 11862
2921 29004
2922 11407
2923 16325
2924 725
2925 8318
2926 15401
2927 20387
2928 21615
2929 28751
2930 9748
2931 4108
2932 31232
2933 10111
2934 29725
2935 2401
2936 10479
2937 31269
2938 19732
2939 15877
2940 13736
2941 6222
2942 22749
2943 19996
2944 14412
2945 4071
2946 10948
2947 2194
2948 27046
2949 1501
2950 9745
2951 3423
2952 19554
2953 2690
2954 4316
2955 25866
2956 30329
2957 3379
2958 18723
2959 12652
2960 3824
2961 13112
2962 20506
2963 23479
2964 21442
2965 5611
2966 8130
2967 25527
2968 15387
2969 11292
2970 32445
2971 13399
2972 2758
2973 25269
2974 18017
2975 8550
2976 25833
2977 10394
2978 20235
2979 29339
2980 16624
2981 29139
2982 30390
2983 8151
2984 16839
2985 30189
2986 30156
2987 8875
2988 21068
2989 11677
2990 30267
2991 282
2992 5380
2993 21415
2994 8396
2995 30112
2996 31756
2997 27902
2998 5297
2999 22643
3000 7507
3001 7213
3002 32092
3003 11784
3004 5895
3005 17397
3006 15000
3007 32473
3008 6221
3009 15672
3010 20178
3011 23654
3012 25141
3013 9238
3014 1975
3015 14201
3016 21741
3017 85
3018 5381
3019 27567
3020 23861
3021 19718
3022 410
3023 9268
3024 22034
3025 9061
3026 17106
3027 32206
3028 12999
3029 3330
3030 21007
3031 2589
3032 1281
3033 16670
3034 1177
3035 6177
3036 13138
3037 20824
3038 5545
3039 26108
3040 29664
3041 2441
3042 5824
3043 8185
3044 24415
3045 1772
3046 14909
3047 20686
3048 12348
3049 19074
3050 11311
3051 10014
3052 539
3053 19124
3054 28008
3055 13378
3056 9604
3057 18491
3058 25811
3059 2121
3060 23513
3061 27197
3062 6919
3063 20285
3064 3980
3065 26040
3066 21531
3067 21416
3068 23694
3069 13348
3070 31676
3071 2647
3072 32011
3073 7508
3074 6014
3075 2910
3076 28244
3077 6302
3078 13168
3079 7261
3080 25117
3081 18747
3082 31987
3083 12289
3084 20456
3085 6640
3086 32716
3087 32461
3088 15041
3089 15342
3090 14711
3091 7450
3092 32556
3093 3320
3094 30398
3095 12892
3096 15708
3097 10435
3098 12171
3099 13736
3100 13221
3101 10658
3102 21755
3103 21363
3104 7476
3105 23651
3106 17843
3107 24733
3108 26878
3109 27507
3110 23671
3111 32430
3112 23798
3113 17737
3114 19705
3115 21855
3116 31107
3117 16898
3118 17134
3119 1372
3120 12593
3121 19529
3122 30567
3123 14408
3124 18599
3125 4474
3126 12383
3127 29185
3128 29401
3129 32007
3130 24208
3131 1830
3132 32126
3133 794
3134 19852
3135 23767
3136 8645
3137 32380
3138 6664
3139 21948
3140 19779
3141 9653
3142 25211
3143 4169
3144 30512
3145 23413
3146 26088
3147 23104
3148 21972
3149 24114
3150 1271
3151 32119
3152 2108
3153 6931
3154 22859
3155 18907
3156 2097
3157 10253
3158 22288
3159 181
3160 30827
3161 10572
3162 11475
3163 1324
3164 8961
3165 9684
3166 21911
3167 30219
3168 15396
3169 3944
3170 4389
3171 5317
3172 15629
3173 426
3174 13987
3175 7607
3176 27444
3177 31877
3178 5480
3179 30124
3180 24515
3181 7624
3182 22543
3183 20646
3184 9034
3185 7699
3186 7626
3187 13788
3188 12724
3189 5367
3190 15865
3191 1279
3192 31354
3193 18521
3194 27132
3195 24769
3196 12566
3197 2839
3198 8517
3199 8856
3200 443
3201 28399
3202 11185
3203 15295
3204 32323
3205 19868
3206 3608
3207 10111
3208 22377
3209 27969
3210 11555
3211 21164
3212 13880
3213 17419
3214 4701
3215 7282
3216 18883
3217 7954
3218 1933
3219 21586
3220 23831
3221 12417
3222 31812
3223 22887
3224 2414
3225 18679
3226 27058
3227 16110
3228 22693
3229 16429
3230 10429
3231 6661
3232 27632
3233 20696
3234 28245
3235 23731
3236 31437
3237 27601
3238 25089
3239 25129
3240 15926
3241 18035
3242 702
3243 4167
3244 7195
3245 10308
3246 19978
3247 12898
3248 9999
3249 15320
3250 23868
3251 28997
3252 17986
3253 26355
3254 27926
3255 3189
3256 6575
3257 28142
3258 925
3259 14522
3260 28310
3261 26204
3262 10280
3263 18394
3264 22573
3265 15597
3266 25016
3267 32168
3268 16531
3269 21138
3270 28551
3271 13885
3272 1541
3273 29921
3274 28644
3275 16774
3276 30804
3277 13756
3278 26941
3279 6143
3280 19094
3281 26157
3282 27006
3283 19645
3284 19740
3285 14485
3286 12186
3287 24754
3288 933
3289 19974
3290 4966
3291 23341
3292 27601
3293 13037
3294 8110
3295 19360
3296 2009
3297 3828
3298 4739
3299 6310
3300 380
3301 3110
3302 14290
3303 16452
3304 31037
3305 14676
3306 21051
3307 28015
3308 21963
3309 27576
3310 1567
3311 1743
3312 10177
3313 25561
3314 31483
3315 6851
3316 30095
3317 14766
3318 9973
3319 19621
3320 952
3321 21510
3322 30901
3323 10063
3324 27967
3325 28456
3326 21366
3327 30942
3328 8283
3329 30390
3330 4445
3331 7094
3332 4978
3333 14039
3334 9
3335 20678
3336 17989
3337 10388
3338 2923
3339 3853
3340 25449
3341 23939
3342 2776
3343 27740
3344 5622
3345 20131
3346 25692
3347 862
3348 26499
3349 4744
3350 31314
3351 31447
3352 14929
3353 16056
3354 5937
3355 4649
3356 13254
3357 30804
3358 19369
3359 22300
3360 11037
3361 30715
3362 29423
3363 26846
3364 28765
3365 1259
3366 20821
3367 27721
3368 32647
3369 11113
3370 285
3371 5477
3372 29716
3373 12900
3374 8591
3375 27182
3376 20638
3377 5205
3378 31817
3379 8855
3380 28382
3381 32617
3382 5335
3383 18894
3384 11222
3385 8418
3386 22147
3387 1218
3388 9295
3389 16314
3390 21614
3391 8675
3392 5510
3393 27274
3394 20448
3395 22056
3396 13859
3397 15531
3398 30941
3399 19287
3400 7018
3401 32411
3402 7417
3403 25473
3404 32437
3405 9634
3406 14445
3407 21963
3408 30498
3409 30389
3410 7529
3411 2165
3412 31625
3413 20634
3414 9644
3415 19476
3416 16561
3417 24909
3418 8787
3419 23586
3420 18371
3421 19107
3422 32238
3423 18617
3424 12542
3425 31277
3426 17625
3427 11676
3428 9901
3429 14431
3430 1994
3431 23159
3432 29782
3433 13041
3434 19622
3435 20584
3436 7733
3437 1670
3438 409
3439 14525
3440 3304
3441 2956
3442 9829
3443 14592
3444 8556
3445 27235
3446 8186
3447 18481
3448 17736
3449 15041
3450 27208
3451 26962
3452 19208
3453 12885
3454 7249
3455 28457
3456 13037
3457 9898
3458 29314
3459 11585
3460 10211
3461 26191
3462 21315
3463 14898
3464 18611
3465 11573
3466 461
3467 10018
3468 4474
3469 14424
3470 29499
3471 20620
3472 31066
3473 15521
3474 31204
3475 11328
3476 6255
3477 17675
3478 15081
3479 14507
3480 27141
3481 15366
3482 8714
3483 29017
3484 32520
3485 9241
3486 18366
3487 27832
3488 13499
3489 17354
3490 32130
3491 1823
3492 17325
3493 18626
3494 29809
3495 16142
3496 15082
3497 9773
3498 12821
3499 9912
3500 15214
3501 12896
3502 18301
3503 3774
3504 2015
3505 18366
3506 32399
3507 20030
3508 15483
3509 27868
3510 29088
3511 19468
3512 17231
3513 18403
3514 16706
3515 11583
3516 22697
3517 24886
3518 23645
3519 19696
3520 13265
3521 31061
3522 3714
3523 24894
3524 10228
3525 30210
3526 18555
3527 29077
3528 20833
3529 10914
3530 22311
3531 561
3532 8952
3533 32741
3534 31877
3535 6365
3536 26590
3537 16041
3538 7950
3539 32513
3540 3446
3541 540
3542 840
3543 25819
3544 18829
3545 5409
3546 17304
3547 18957
3548 28885
3549 16118
3550 31319
3551 20312
3552 4501
3553 17171
3554 21033
3555 21927
3556 9886
3557 6229
3558 28810
3559 3663
3560 30337
3561 7003
3562 28330
3563 24725
3564 29439
3565 16433
3566 21627
3567 18545
3568 11457
3569 1835
3570 18952
3571 4753
3572 12106
3573 14612
3574 29448
3575 6561
3576 22825
3577 11912
3578 10419
3579 26826
3580 1139
3581 9887
3582 1492
3583 26488
3584 4976
3585 28876
3586 31008
3587 29281
3588 13717
3589 28164
3590 20934
3591 1475
3592 30898
3593 11554
3594 31303
3595 23788
3596 31341
3597 9866
3598 21896
3599 11008
3600 19951
3601 23308
3602 29222
3603 20727
3604 27101
3605 23052
3606 2057
3607 13541
3608 12938
3609 29408
3610 29756
3611 7806
3612 29803
3613 5498
3614 9979
3615 15577
3616 25291
3617 9799
3618 14350
3619 14708
3620 28351
3621 18774
3622 5462
3623 31865
3624 2653
3625 26813
3626 32678
3627 1599
3628 11305
3629 31289
3630 18900
3631 532
3632 9936
3633 18452
3634 3599
3635 30266
3636 10521
3637 16716
3638 19826
3639 13615
3640 31256
3641 5361
3642 11738
3643 29745
3644 17829
3645 7375
3646 18933
3647 11010
3648 3340
3649 23373
3650 18332
3651 8425
3652 4102
3653 4245
3654 10339
3655 19193
3656 16872
3657 10997
3658 2158
3659 24469
3660 7963
3661 5765
3662 16262
3663 17204
3664 30412
3665 12299
3666 6251
3667 12898
3668 31972
3669 24347
3670 4716
3671 19720
3672 14395
3673 7043
3674 24886
3675 26348
3676 8456
3677 25062
3678 7914
3679 16763
3680 925
3681 23462
3682 25714
3683 4807
3684 31569
3685 15879
3686 15380
3687 32204
3688 6589
3689 9362
3690 8775
3691 24567
3692 3627
3693 27320
3694 2246
3695 6121
3696 24907
3697 18616
3698 4068
3699 10616
3700 6440
3701 14275
3702 27167
3703 25334
3704 22875
3705 24925
3706 7671
3707 26550
3708 21374
3709 7686
3710 6657
3711 17357
3712 7140
3713 18202
3714 20279
3715 27926
3716 13959
3717 24566
3718 17810
3719 21881
3720 28738
3721 23132
3722 24283
3723 29292
3724 22593
3725 31257
3726 15294
3727 23993
3728 28085
3729 7140
3730 30496
3731 29570
3732 21964
3733 25482
3734 11186
3735 4483
3736 11744
3737 5448
3738 30662
3739 23448
3740 19951
3741 7800
3742 29538
3743 10623
3744 3915
3745 4465
3746 19603
3747 478
3748 27538
3749 6312
3750 32260
3751 18056
3752 2017
3753 9499
3754 21455
3755 30204
3756 69
3757 23535
3758 12947
3759 9775
3760 1906
3761 1879
3762 21703
3763 7307
3764 11960
3765 3769
3766 29262
3767 10039
3768 27186
3769 14860
3770 1611
3771 7065
3772 9537
3773 17541
3774 10038
3775 7705
3776 31544
3777 626
3778 9520
3779 5928
3780 26713
3781 7782
3782 25235
3783 31105
3784 1793
3785 12694
3786 6862
3787 15791
3788 11551
3789 15235
3790 2928
3791 14032
3792 32234
3793 15577
3794 13186
3795 9368
3796 17364
3797 31127
3798 7450
3799 9881
3800 9913
3801 9841
3802 25901
3803 29889
3804 4701
3805 1395
3806 30117
3807 292
3808 24853
3809 13798
3810 9651
3811 26363
3812 7876
3813 15223
3814 13415
3815 19181
3816 30729
3817 150
3818 20862
3819 4238
3820 10679
3821 22557
3822 10363
3823 2342
3824 1158
3825 16946
3826 8697
3827 32691
3828 22792
3829 30830
3830 20287
3831 17969
3832 24542
3833 1343
3834 13333
3835 10264
3836 29227
3837 27274
3838 25302
3839 26151
3840 9801
3841 7061
3842 7879
3843 8032
3844 9403
3845 20005
3846 30887
3847 19284
3848 18787
3849 26339
3850 6535
3851 10656
3852 25845
3853 1284
3854 12252
3855 19128
3856 12972
3857 28969
3858 13011
3859 5603
3860 22076
3861 29572
3862 28644
3863 28807
3864 30215
3865 21821
3866 5802
3867 27303
3868 17811
3869 4372
3870 14066
3871 5290
3872 5180
3873 30535
3874 25874
3875 25182
3876 13350
3877 18614
3878 30844
3879 16188
3880 19830
3881 3397
3882 6290
3883 14318
3884 29122
3885 10626
3886 3004
3887 23822
3888 965
3889 30600
3890 31928
3891 17201
3892 18264
3893 26403
3894 10802
3895 17444
3896 11678
3897 26932
3898 13461
3899 25973
3900 12670
3901 10839
3902 32288
3903 2101
3904 22614
3905 24772
3906 20796
3907 17917
3908 10989
3909 12659
3910 16653
3911 7983
3912 15018
3913 28804
3914 30791
3915 24190
3916 1796
3917 16605
3918 27203
3919 21937
3920 22330
3921 22293
3922 6738
3923 22435
3924 23620
3925 25489
3926 27985
3927 5007
3928 12041
3929 26604
3930 14717
3931 13706
3932 32466
3933 31644
3934 2185
3935 28753
3936 1023
3937 17363
3938 16366
3939 21573
3940 2809
3941 8868
3942 9091
3943 6068
3944 11111
3945 24935
3946 26189
3947 13402
3948 32677
3949 23134
3950 15768
3951 32296
3952 28785
3953 26009
3954 10822
3955 5956
3956 26856
3957 3350
3958 27752
3959 25936
3960 1714
3961 19501
3962 21771
3963 27631
3964 6777
3965 24107
3966 27220
3967 12421
3968 3231
3969 24638
3970 4560
3971 2879
3972 31280
3973 19089
3974 13573
3975 2388
3976 7701
3977 1207
3978 5197
3979 17546
3980 23179
3981 6477
3982 15332
3983 21499
3984 30420
3985 19675
3986 20287
3987 14873
3988 25900
3989 7164
3990 7839
3991 29680
3992 9471
3993 25791
3994 15079
3995 3499
3996 5465
3997 16204
3998 31658
3999 24666
4000 19358
4001 18891
4002 11145
4003 23794
4004 17019
4005 27521
4006 20156
4007 2197
4008 29980
4009 21308
4010 14318
4011 3604
4012 15008
4013 13554
4014 24398
4015 2227
4016 30154
4017 2725
4018 12259
4019 27692
4020 27897
4021 23689
4022 16159
4023 11766
4024 24154
4025 21609
4026 8888
4027 5062
4028 9308
4029 8263
4030 22707
4031 19287
4032 32356
4033 26691
4034 30146
4035 12135
4036 20931
4037 23486
4038 3535
4039 24066
4040 30437
4041 6590
4042 2777
4043 1026
4044 26314
4045 30868
4046 26111
4047 471
4048 23738
4049 28861
4050 30426
4051 19844
4052 16437
4053 12039
4054 19728
4055 13802
4056 27434
4057 4596
4058 18470
4059 27465
4060 8297
4061 5731
4062 24982
4063 28932
4064 18009
4065 30573
4066 23842
4067 23716
4068 14830
4069 1422
4070 21351
4071 1568
4072 19926
4073 30981
4074 19125
4075 3420
4076 18931
4077 17277
4078 21022
4079 22767
4080 32526
4081 9452
4082 21197
4083 29225
4084 17098
4085 1980
4086 2970
4087 25173
4088 26582
4089 26665
4090 27355
4091 30011
4092 1639
4093 19178
4094 14972
4095 1257
4096 10470
4097 1811
4098 21074
4099 12979
4100 12517
4101 26426
4102 17580
4103 12665
4104 2136
4105 26072
4106 14635
4107 1320
4108 29442
4109 2291
4110 27092
4111 23427
4112 5165
4113 8442
4114 30308
4115 25124
4116 31902
4117 28401
4118 483
4119 15805
4120 21704
4121 30157
4122 20092
4123 1700
4124 30528
4125 31522
4126 19340
4127 28303
4128 3953
4129 31483
4130 18937
4131 29596
4132 4241
4133 4873
4134 19141
4135 17556
4136 6356
4137 10497
4138 7139
4139 14960
4140 5343
4141 20543
4142 14153
4143 2844
4144 14207
4145 12975
4146 6214
4147 6524
4148 6555
4149 237
4150 31510
4151 1709
4152 5735
4153 11691
4154 15028
4155 26765
4156 14299
4157 30804
4158 16623
4159 18813
4160 18276
4161 2798
4162 15552
4163 21861
4164 22233
4165 12101
4166 4827
4167 22521
4168 21936
4169 24390
4170 15492
4171 28731
4172 1650
4173 13481
4174 2212
4175 7489
4176 26732
4177 31699
4178 29468
4179 2105
4180 27048
4181 28154
4182 1625
4183 12202
4184 29979
4185 22154
4186 31528
4187 22525
4188 12576
4189 10183
4190 2764
4191 25915
4192 549
4193 17076
4194 10063
4195 536
4196 9636
4197 30260
4198 3605
4199 14385
4200 31062
4201 31088
4202 26807
4203 23954
4204 17059
4205 25976
4206 28686
4207 31611
4208 2652
4209 29229
4210 17805
4211 4708
4212 24748
4213 31326
4214 30420
4215 24382
4216 7500
4217 2865
4218 24451
4219 1532
4220 28663
4221 709
4222 23884
4223 17746
4224 21790
4225 533
4226 2637
4227 6076
4228 17116
4229 13856
4230 29084
4231 26051
4232 8748
4233 15431
4234 29219
4235 11644
4236 26714
4237 9718
4238 17326
4239 17233
4240 25783
4241 24454
4242 21058
4243 4099
4244 5777
4245 32354
4246 25521
4247 28656
4248 8034
4249 14953
4250 15211
4251 6034
4252 9544
4253 5780
4254 12439
4255 8521
4256 14773
4257 31961
4258 27234
4259 10330
4260 6248
4261 20815
4262 13975
4263 5431
4264 21148
4265 16530
4266 11889
4267 32513
4268 14975
4269 19817
4270 7597
4271 17995
4272 8933
4273 24998
4274 24546
4275 19745
4276 18238
4277 26190
4278 10261
4279 28744
4280 28613
4281 9978
4282 26248
4283 9672
4284 9723
4285 1149
4286 16596
4287 25768
4288 3412
4289 15047
4290 20535
4291 14841
4292 13360
4293 15882
4294 6703
4295 12054
4296 28940
4297 29467
4298 30536
4299 25897
4300 8186
4301 18202
4302 23602
4303 2545
4304 21582
4305 27221
4306 14614
4307 2499
4308 21147
4309 12906
4310 25386
4311 8911
4312 26334
4313 26540
4314 15492
4315 15781
4316 27384
4317 456
4318 3628
4319 12024
4320 4450
4321 6057
4322 18548
4323 18081
4324 18460
4325 1688
4326 7564
4327 20454
4328 18406
4329 5288
4330 10833
4331 26365
4332 9139
4333 4689
4334 8550
4335 18380
4336 27739
4337 16219
4338 11398
4339 31219
4340 15504
4341 30461
4342 30744
4343 32268
4344 16659
4345 26439
4346 7428
4347 24625
4348 4391
4349 22461
4350 23750
4351 21439
4352 27463
4353 17221
4354 25537
4355 15450
4356 10772
4357 18755
4358 1493
4359 18482
4360 1425
4361 14850
4362 10547
4363 32644
4364 29842
4365 16982
4366 21360
4367 28003
4368 17010
4369 31359
4370 3289
4371 17848
4372 11525
4373 23633
4374 3591
4375 11400
4376 7885
4377 25746
4378 27571
4379 629
4380 22897
4381 25508
4382 13515
4383 23176
4384 9322
4385 16739
4386 14020
4387 32045
4388 21504
4389 14417
4390 23603
4391 7295
4392 15477
4393 19441
4394 22935
4395 7622
4396 25984
4397 32368
4398 7289
4399 7230
4400 4605
4401 2442
4402 12472
4403 2331
4404 28642
4405 7852
4406 4126
4407 3273
4408 1141
4409 29270
4410 4150
4411 3448
4412 10428
4413 5828
4414 25186
4415 32472
4416 10805
4417 27085
4418 23080
4419 24353
4420 25544
4421 6667
4422 28109
4423 1367
4424 25338
4425 1852
4426 9509
4427 9420
4428 28003
4429 488
4430 27305
4431 10726
4432 31330
4433 11845
4434 29386
4435 21538
4436 29967
4437 3671
4438 11653
4439 12633
4440 23153
4441 30555
4442 30264
4443 24131
4444 2034
4445 30310
4446 30132
4447 12345
4448 19983
4449 26698
4450 27283
4451 11327
4452 6996
4453 18617
4454 19404
4455 28481
4456 21384
4457 31917
4458 31108
4459 27549
4460 10021
4461 7174
4462 28711
4463 8162
4464 32523
4465 32373
4466 12728
4467 10967
4468 20596
4469 3994
4470 22885
4471 24768
4472 27947
4473 11881
4474 3423
4475 17884
4476 9209
4477 7122
4478 17128
4479 4658
4480 17760
4481 15521
4482 2222
4483 8846
4484 24716
4485 12963
4486 19287
4487 31430
4488 19591
4489 4362
4490 18525
4491 15681
4492 20908
4493 12306
4494 8988
4495 15290
4496 1886
4497 25573
4498 20521
4499 1346
4500 14842
4501 6844
4502 19174
4503 5508
4504 27913
4505 9800
4506 18771
4507 2381
4508 19899
4509 13392
4510 25127
4511 31820
4512 10641
4513 15003
4514 22816
4515 29718
4516 15705
4517 23056
4518 1431
4519 31852
4520 28767
4521 32028
4522 1879
4523 22721
4524 20450
4525 13652
4526 15791
4527 28407
4528 24261
4529 7260
4530 13510
4531 20330
4532 3463
4533 15367
4534 32047
4535 32303
4536 28277
4537 16831
4538 8637
4539 24990
4540 31262
4541 296
4542 12185
4543 31245
4544 30728
4545 2560
4546 1169
4547 18143
4548 24481
4549 21834
4550 22451
4551 31934
4552 17784
4553 19883
4554 12315
4555 28964
4556 10413
4557 14100
4558 15881
4559 24352
4560 13479
4561 14753
4562 18999
4563 26967
4564 19204
4565 5057
4566 12137
4567 32073
4568 27094
4569 14232
4570 4677
4571 31701
4572 16908
4573 22433
4574 19301
4575 19199
4576 4654
4577 9880
4578 14251
4579 13554
4580 6478
4581 20119
4582 25300
4583 14401
4584 13883
4585 25471
4586 16464
4587 11634
4588 1783
4589 21657
4590 26193
4591 26045
4592 7275
4593 8573
4594 32547
4595 10001
4596 5722
4597 22067
4598 25787
4599 10584
4600 15252
4601 4761
4602 6802
4603 30972
4604 25196
4605 8452
4606 6580
4607 25258
4608 15723
4609 24618
4610 8979
4611 19542
4612 24646
4613 1088
4614 3106
4615 8063
4616 4366
4617 29535
4618 14751
4619 10420
4620 14759
4621 16684
4622 15536
4623 4183
4624 3451
4625 3512
4626 17970
4627 20641
4628 14191
4629 19365
4630 25678
4631 19686
4632 9239
4633 12683
4634 15949
4635 28186
4636 15397
4637 23193
4638 17069
4639 26773
4640 9000
4641 23168
4642 31604
4643 3859
4644 20083
4645 18572
4646 31940
4647 22271
4648 2138
4649 1556
4650 8624
4651 29169
4652 13221
4653 17429
4654 2894
4655 8309
4656 25406
4657 3098
4658 5645
4659 8718
4660 6701
4661 20575
4662 14665
4663 26234
4664 18374
4665 18229
4666 1309
4667 25656
4668 21537
4669 5544
4670 12921
4671 14408
4672 20683
4673 3424
4674 31092
4675 29490
4676 8635
4677 453
4678 8675
4679 14153
4680 12936
4681 30823
4682 554
4683 3121
4684 3033
4685 14492
4686 24658
4687 2975
4688 23836
4689 32363
4690 26972
4691 19296
4692 20091
4693 21672
4694 13013
4695 10397
4696 12043
4697 23137
4698 31403
4699 22621
4700 21319
4701 30585
4702 6463
4703 24907
4704 14270
4705 17555
4706 22971
4707 25274
4708 15368
4709 10801
4710 11430
4711 19686
4712 2558
4713 31517
4714 26806
4715 28284
4716 32043
4717 3593
4718 3557
4719 31581
4720 7805
4721 6770
4722 16070
4723 28831
4724 2112
4725 23754
4726 25626
4727 31189
4728 17997
4729 17877
4730 11935
4731 15249
4732 1663
4733 14676
4734 27432
4735 10023
4736 11623
4737 8161
4738 23794
4739 15283
4740 9025
4741 20506
4742 4662
4743 22621
4744 27942
4745 4865
4746 26363
4747 987
4748 26243
4749 18339
4750 10798
4751 19768
4752 11977
4753 27128
4754 6388
4755 10708
4756 8038
4757 267
4758 9279
4759 29869
4760 24053
4761 14426
4762 13472
4763 29404
4764 24241
4765 10368
4766 24668
4767 355
4768 27440
4769 4881
4770 18369
4771 20517
4772 334
4773 5574
4774 3002
4775 20022
4776 7783
4777 6362
4778 4770
4779 11093
4780 19145
4781 31923
4782 3926
4783 4791
4784 31080
4785 19141
4786 32398
4787 775
4788 4052
4789 28084
4790 3693
4791 26538
4792 10857
4793 13496
4794 9302
4795 22343
4796 28869
4797 9798
4798 29954
4799 7047
4800 3712
4801 26093
4802 25295
4803 26137
4804 9239
4805 12670
4806 5723
4807 22266
4808 17448
4809 14703
4810 1362
4811 14323
4812 20709
4813 22657
4814 23428
4815 4451
4816 19907
4817 28321
4818 31291
4819 31806
4820 31090
4821 25356
4822 459
4823 21846
4824 17426
4825 4535
4826 6506
4827 13785
4828 30116
4829 10222
4830 26946
4831 21787
4832 6334
4833 13371
4834 31429
4835 14230
4836 32131
4837 28041
4838 29505
4839 20272
4840 26835
4841 30089
4842 23732
4843 28860
4844 17343
4845 6741
4846 28897
4847 17090
4848 24384
4849 23380
4850 6819
4851 2435
4852 8232
4853 13661
4854 8578
4855 29752
4856 10072
4857 31263
4858 13188
4859 20379
4860 18996
4861 14016
4862 16709
4863 16808
4864 28500
4865 28100
4866 24650
4867 29349
4868 9084
4869 10289
4870 10131
4871 18272
4872 31439
4873 8688
4874 14959
4875 4280
4876 4671
4877 5495
4878 30101
4879 21598
4880 17736
4881 27301
4882 29295
4883 4829
4884 27614
4885 19693
4886 21689
4887 11992
4888 13476
4889 27831
4890 5707
4891 22931
4892 28510
4893 28675
4894 17715
4895 10422
4896 23465
4897 22096
4898 26631
4899 14669
4900 20458
4901 21436
4902 31866
4903 1042
4904 19588
4905 26476
4906 17452
4907 18159
4908 20302
4909 12590
4910 21447
4911 10175
4912 31556
4913 19037
4914 6215
4915 29781
4916 26748
4917 9734
4918 18073
4919 9151
4920 12380
4921 15432
4922 26984
4923 31947
4924 2571
4925 1281
4926 308
4927 1483
4928 2853
4929 1447
4930 27300
4931 8598
4932 24755
4933 30323
4934 32541
4935 32207
4936 5210
4937 17093
4938 9107
4939 13930
4940 12754
4941 26820
4942 14751
4943 21099
4944 24730
4945 31812
4946 9938
4947 32241
4948 17898
4949 20718
4950 26186
4951 9588
4952 17130
4953 3994
4954 22658
4955 22091
4956 25377
4957 15104
4958 17774
4959 2161
4960 3888
4961 26512
4962 17608
4963 13704
4964 22464
4965 10910
4966 165
4967 24862
4968 27833
4969 1218
4970 1611
4971 30256
4972 5300
4973 19327
4974 6470
4975 7660
4976 14516
4977 22050
4978 15545
4979 29627
4980 22544
4981 29165
4982 26355
4983 14975
4984 30900
4985 24949
4986 4930
4987 30489
4988 26506
4989 27465
4990 9740
4991 5167
4992 23858
4993 15316
4994 22299
4995 29484
4996 23289
4997 7813
4998 5689
4999 3720
5000 21513
5001 21037
5002 7677
5003 4425
5004 30429
5005 31912
5006 10468
5007 1994
5008 11000
5009 447
5010 31907
5011 3515
5012 5847
5013 16717
5014 16316
5015 7529
5016 16932
5017 161
5018 19792
5019 25663
5020 10284
5021 804
5022 31540
5023 16525
5024 20115
5025 5691
5026 1607
5027 19593
5028 13382
5029 5231
5030 6402
5031 6804
5032 11442
5033 9164
5034 8272
5035 1726
5036 31540
5037 13190
5038 25248
5039 16779
5040 17104
5041 31971
5042 3385
5043 30712
5044 7717
5045 2900
5046 11214
5047 15545
5048 29600
5049 4069
5050 15955
5051 5829
5052 23025
5053 984
5054 24847
5055 22804
5056 8379
5057 24205
5058 15089
5059 10151
5060 20880
5061 25254
5062 9767
5063 19914
5064 15644
5065 18024
5066 18157
5067 18838
5068 26784
5069 15203
5070 1187
5071 12473
5072 28579
5073 6485
5074 6435
5075 21114
5076 11748
5077 12364
5078 10833
5079 15095
5080 17810
5081 1547
5082 8692
5083 31665
5084 21951
5085 687
5086 14276
5087 23883
5088 29971
5089 20626
5090 25027
5091 24207
5092 17597
5093 29552
5094 7889
5095 9394
5096 12207
5097 23240
5098 20347
5099 16601
5100 10763
5101 29573
5102 4373
5103 28379
5104 1240
5105 31966
5106 20232
5107 12617
5108 10746
5109 9339
5110 32364
5111 28332
5112 21601
5113 11737
5114 14298
5115 29709
5116 6272
5117 10479
5118 9083
5119 187
5120 20737
5121 31762
5122 27493
5123 16200
5124 17335
5125 17686
5126 10280
5127 20437
5128 4820
5129 21942
5130 31651
5131 18319
5132 20060
5133 20277
5134 19997
5135 18810
5136 14809
5137 8518
5138 24977
5139 7278
5140 6737
5141 28714
5142 12104
5143 25183
5144 8309
5145 9752
5146 17325
5147 21729
5148 17179
5149 13281
5150 3166
5151 10986
5152 7662
5153 17620
5154 19583
5155 3034
5156 10340
5157 27103
5158 11091
5159 13242
5160 22769
5161 32760
5162 4365
5163 11457
5164 2171
5165 21947
5166 17891
5167 16925
5168 10765
5169 21589
5170 1893
5171 4080
5172 10959
5173 12192
5174 2061
5175 21656
5176 3638
5177 24975
5178 3351
5179 26419
5180 6776
5181 29901
5182 7826
5183 30562
5184 10563
5185 25249
5186 32184
5187 31310
5188 28846
5189 2069
5190 21883
5191 26857
5192 22640
5193 30295
5194 22880
5195 13175
5196 12111
5197 8799
5198 18064
5199 3660
5200 21724
5201 14290
5202 31533
5203 31703
5204 11102
5205 4903
5206 6114
5207 14303
5208 26124
5209 9992
5210 24510
5211 26637
5212 1919
5213 20731
5214 19010
5215 13739
5216 9318
5217 24897
5218 31672
5219 13483
5220 15996
5221 23038
5222 6087
5223 15339
5224 19383
5225 10651
5226 8773
5227 4791
5228 15810
5229 25705
5230 25164
5231 6032
5232 7598
5233 16775
5234 31632
5235 17451
5236 4069
5237 24325
5238 12783
5239 12989
5240 21599
5241 4425
5242 2890
5243 2166
5244 5912
5245 16818
5246 17300
5247 26955
5248 9409
5249 8316
5250 18216
5251 22777
5252 22453
5253 11748
5254 10080
5255 11591
5256 20784
5257 24204
5258 15715
5259 30091
5260 21179
5261 24352
5262 28478
5263 31599
5264 19435
5265 15162
5266 19255
5267 16629
5268 28747
5269 27523
5270 27997
5271 8121
5272 27031
5273 3868
5274 25444
5275 28023
5276 31275
5277 21564
5278 688
5279 18892
5280 9146
5281 21530
5282 25776
5283 31041
5284 9795
5285 26125
5286 32109
5287 29061
5288 27457
5289 11761
5290 99
5291 31482
5292 12579
5293 27086
5294 1935
5295 2931
5296 2811
5297 17076
5298 12489
5299 15933
5300 2170
5301 9449
5302 9556
5303 3420
5304 6684
5305 25415
5306 16308
5307 12310
5308 1440
5309 10719
5310 17343
5311 17078
5312 32443
5313 994
5314 23799
5315 7050
5316 14349
5317 30914
5318 22295
5319 28974
5320 84
5321 1172
5322 17644
5323 13836
5324 16352
5325 28601
5326 2406
5327 19748
5328 27207
5329 18877
5330 30447
5331 31753
5332 14425
5333 2943
5334 30971
5335 15916
5336 15958
5337 9362
5338 31713
5339 23901
5340 12895
5341 30692
5342 1769
5343 29583
5344 30507
5345 2973
5346 15526
5347 14812
5348 16123
5349 28746
5350 13702
5351 18633
5352 23248
5353 9019
5354 26791
5355 11722
5356 2523
5357 28713
5358 5868
5359 31241
5360 23861
5361 5661
5362 27729
5363 11875
5364 976
5365 13196
5366 19323
5367 10419
5368 4782
5369 15815
5370 30612
5371 30292
5372 7504
5373 1939
5374 4181
5375 12257
5376 12914
5377 6931
5378 5220
5379 16959
5380 4341
5381 27375
5382 24033
5383 18654
5384 10525
5385 7855
5386 19771
5387 23867
5388 15868
5389 32360
5390 5705
5391 32682
5392 15150
5393 16795
5394 25494
5395 32082
5396 4807
5397 17754
5398 17404
5399 30585
5400 14218
5401 28076
5402 5748
5403 28674
5404 1884
5405 13875
5406 26668
5407 32563
5408 14840
5409 13836
5410 30938
5411 5820
5412 10211
5413 6903
5414 22865
5415 30197
5416 32163
5417 24504
5418 22609
5419 13160
5420 12076
5421 16829
5422 12708
5423 32655
5424 16283
5425 14848
5426 13158
5427 1247
5428 12582
5429 32047
5430 19877
5431 2309
5432 12627
5433 18187
5434 16426
5435 13167
5436 21865
5437 29966
5438 23189
5439 7438
5440 31524
5441 13392
5442 688
5443 3418
5444 8621
5445 18091
5446 29949
5447 2199
5448 20169
5449 8989
5450 29585
5451 4951
5452 21585
5453 30063
5454 22309
5455 20289
5456 2530
5457 16660
5458 13931
5459 21776
5460 20181
5461 11092
5462 6046
5463 28639
5464 26738
5465 12458
5466 24669
5467 7587
5468 4192
5469 18794
5470 30649
5471 30969
5472 18272
5473 16806
5474 20109
5475 28706
5476 16444
5477 18515
5478 16910
5479 27979
5480 30457
5481 31144
5482 3234
5483 21522
5484 18516
5485 26823
5486 14582
5487 30791
5488 7533
5489 27807
5490 19274
5491 29167
5492 32701
5493 13329
5494 5392
5495 29327
5496 10573
5497 25937
5498 26294
5499 32679
5500 25898
5501 19600
5502 5056
5503 13948
5504 21524
5505 24024
5506 32025
5507 32026
5508 26998
5509 3639
5510 5547
5511 17562
5512 13467
5513 18463
5514 5421
5515 16545
5516 18974
5517 32525
5518 19772
5519 14377
5520 24994
5521 9833
5522 21678
5523 21380
5524 31684
5525 4013
5526 32035
5527 2973
5528 9294
5529 29642
5530 18140
5531 7810
5532 9389
5533 11208
5534 18129
5535 11551
5536 15014
5537 23724
5538 13053
5539 26188
5540 10052
5541 6814
5542 2301
5543 25355
5544 10773
5545 18251
5546 729
5547 6154
5548 15510
5549 12169
5550 20002
5551 112
5552 8683
5553 11321
5554 14653
5555 26070
5556 7891
5557 19058
5558 19198
5559 27026
5560 28124
5561 16092
5562 30841
5563 13116
5564 17363
5565 10329
5566 27924
5567 26731
5568 30847
5569 26091
5570 6369
5571 20928
5572 10127
5573 978
5574 31019
5575 20774
5576 24016
5577 1012
5578 20303
5579 3415
5580 9891
5581 1410
5582 14797
5583 30371
5584 3503
5585 4057
5586 25503
5587 2285
5588 26835
5589 1190
5590 15818
5591 28406
5592 32350
5593 32078
5594 30514
5595 27358
5596 23427
5597 6029
5598 9906
5599 10215
5600 28423
5601 30045
5602 23404
5603 22909
5604 15421
5605 29721
5606 1886
5607 19315
5608 14900
5609 24290
5610 30775
5611 18320
5612 13103
5613 8258
5614 21096
5615 29770
5616 14421
5617 14095
5618 17021
5619 4305
5620 32170
5621 29330
5622 22702
5623 12879
5624 12862
5625 14825
5626 17073
5627 26222
5628 10405
5629 25258
5630 22483
5631 24348
5632 25510
5633 23241
5634 11079
5635 2955
5636 23351
5637 10684
5638 6334
5639 17019
5640 3498
5641 3292
5642 32568
5643 25019
5644 12577
5645 13071
5646 7705
5647 1773
5648 6471
5649 23460
5650 18559
5651 17803
5652 9538
5653 23678
5654 25299
5655 32295
5656 18915
5657 21365
5658 24222
5659 15095
5660 3104
5661 1785
5662 10398
5663 13712
5664 32709
5665 14840
5666 15642
5667 27122
5668 7782
5669 30466
5670 22130
5671 23237
5672 2712
5673 5804
5674 27130
5675 27362
5676 4961
5677 1330
5678 26376
5679 28693
5680 3052
5681 2912
5682 27724
5683 25377
5684 19329
5685 7858
5686 26464
5687 20741
5688 27061
5689 31930
5690 21152
5691 29054
5692 2782
5693 5570
5694 1340
5695 1741
5696 20682
5697 2739
5698 18828
5699 27322
5700 17329
5701 16949
5702 11683
5703 27865
5704 18279
5705 22808
5706 16934
5707 26124
5708 28886
5709 29171
5710 15199
5711 9545
5712 20396
5713 10250
5714 10381
5715 6558
5716 81
5717 10613
5718 13694
5719 23922
5720 6684
5721 15487
5722 10848
5723 1805
5724 19910
5725 13389
5726 7637
5727 25179
5728 18463
5729 6336
5730 3397
5731 30700
5732 11519
5733 1435
5734 20344
5735 1344
5736 16000
5737 1257
5738 5476
5739 19010
5740 1130
5741 26777
5742 27971
5743 20498
5744 2031
5745 26476
5746 31721
5747 3335
5748 30617
5749 273
5750 24661
5751 2549
5752 18304
5753 28046
5754 30086
5755 27819
5756 8640
5757 7137
5758 26256
5759 3008
5760 15146
5761 999
5762 18670
5763 28560
5764 24634
5765 20350
5766 12570
5767 25729
5768 20041
5769 7910
5770 30043
5771 651
5772 11524
5773 27758
5774 4830
5775 19959
5776 15389
5777 21324
5778 26889
5779 21862
5780 2369
5781 15820
5782 16140
5783 28950
5784 16969
5785 16045
5786 18361
5787 1889
5788 30644
5789 6599
5790 6037
5791 31366
5792 25429
5793 16370
5794 16687
5795 9132
5796 1865
5797 16932
5798 2992
5799 32548
5800 14636
5801 32729
5802 30644
5803 28143
5804 28044
5805 5304
5806 1624
5807 12416
5808 22430
5809 18803
5810 30356
5811 32450
5812 12592
5813 3055
5814 27852
5815 24925
5816 16095
5817 12965
5818 14497
5819 12342
5820 25738
5821 3912
5822 11533
5823 23092
5824 24071
5825 5287
5826 16047
5827 23114
5828 28692
5829 5078
5830 23651
5831 32178
5832 9616
5833 21640
5834 13846
5835 24438
5836 27883
5837 3264
5838 26073
5839 15669
5840 10715
5841 31657
5842 12083
5843 2340
5844 3920
5845 11201
5846 18620
5847 23891
5848 21931
5849 8253
5850 25575
5851 13362
5852 8490
5853 29098
5854 26400
5855 2643
5856 11431
5857 7632
5858 3607
5859 19825
5860 3203
5861 3803
5862 25691
5863 15538
5864 7645
5865 7613
5866 20010
5867 7721
5868 30215
5869 5070
5870 5000
5871 28063
5872 26170
5873 28597
5874 8590
5875 26771
5876 26504
5877 29068
5878 30213
5879 7039
5880 787
5881 12863
5882 26931
5883 21597
5884 2685
5885 18997
5886 18933
5887 7786
5888 13471
5889 19251
5890 14
5891 11050
5892 29310
5893 4477
5894 10431
5895 19628
5896 4218
5897 12350
5898 24984
5899 25871
5900 30665
5901 32041
5902 13709
5903 28485
5904 9252
5905 32609
5906 24652
5907 1303
5908 8640
5909 17814
5910 23502
5911 1641
5912 10112
5913 26481
5914 27692
5915 17856
5916 8553
5917 13875
5918 7605
5919 24065
5920 16214
5921 24729
5922 26941
5923 5500
5924 23533
5925 3586
5926 29367
5927 29224
5928 20433
5929 13523
5930 5639
5931 25392
5932 1305
5933 12315
5934 13841
5935 9135
5936 24322
5937 22643
5938 534
5939 15032
5940 18912
5941 9257
5942 9536
5943 15514
5944 1883
5945 4765
5946 5243
5947 12642
5948 2775
5949 26346
5950 28295
5951 17569
5952 31284
5953 30153
5954 8779
5955 8815
5956 9912
5957 2739
5958 20333
5959 9647
5960 4681
5961 10310
5962 5407
5963 15253
5964 21728
5965 10218
5966 17212
5967 8294
5968 30266
5969 31924
5970 8595
5971 22911
5972 4049
5973 7563
5974 16771
5975 4249
5976 19210
5977 23177
5978 3528
5979 13387
5980 4016
5981 8611
5982 3220
5983 464
5984 30369
5985 30349
5986 2017
5987 23563
5988 21703
5989 8664
5990 4102
5991 5064
5992 29258
5993 23390
5994 3209
5995 1349
5996 16900
5997 29663
5998 20277
5999 12017
6000 11574
6001 16876
6002 23916
6003 9587
6004 18297
6005 22020
6006 25534
6007 2286
6008 32503
6009 14846
6010 1978
6011 24452
6012 7386
6013 16294
6014 3075
6015 31001
6016 10757
6017 8875
6018 31399
6019 16473
6020 3074
6021 441
6022 18861
6023 7420
6024 28220
6025 29410
6026 11757
6027 19272
6028 19311
6029 14146
6030 4133
6031 19672
6032 11100
6033 20963
6034 22600
6035 22173
6036 26817
6037 1502
6038 793
6039 24610
6040 5000
6041 32707
6042 13817
6043 14356
6044 17215
6045 11835
6046 17661
6047 16897
6048 28104
6049 3564
6050 24388
6051 16736
6052 5714
6053 27805
6054 21896
6055 21970
6056 26760
6057 26523
6058 12018
6059 3239
6060 5127
6061 10587
6062 51
6063 11172
6064 31766
6065 10848
6066 14544
6067 6403
6068 3985
6069 31071
6070 23229
6071 1212
6072 23847
6073 20130
6074 20526
6075 14083
6076 14278
6077 28330
6078 21418
6079 10258
6080 32594
6081 8216
6082 7777
6083 17704
6084 24989
6085 14542
6086 20671
6087 1746
6088 10132
6089 1617
6090 18753
6091 15465
6092 25270
6093 5489
6094 23944
6095 12508
6096 3787
6097 7469
6098 10668
6099 3247
6100 31698
6101 4305
6102 27090
6103 6468
6104 5179
6105 7521
6106 4609
6107 18778
6108 21334
6109 5690
6110 6193
6111 10963
6112 12
6113 5367
6114 9381
6115 9658
6116 32717
6117 20626
6118 7291
6119 11396
6120 21961
6121 28619
6122 14978
6123 16790
6124 8803
6125 23246
6126 10827
6127 30216
6128 14050
6129 20496
6130 22915
6131 17833
6132 4458
6133 16506
6134 29567
6135 29763
6136 21804
6137 14025
6138 15129
6139 20512
6140 4825
6141 20021
6142 14011
6143 32204
6144 30044
6145 31824
6146 25273
6147 12573
6148 9928
6149 12850
6150 24036
6151 30577
6152 399
6153 6355
6154 17500
6155 30519
6156 25078
6157 27832
6158 11429
6159 18609
6160 11205
6161 15570
6162 31485
6163 19447
6164 22595
6165 4259
6166 32493
6167 8256
6168 8289
6169 14754
6170 3871
6171 8285
6172 5942
6173 21473
6174 5999
6175 2182
6176 18603
6177 14829
6178 19780
6179 10585
6180 12408
6181 28661
6182 32289
6183 19488
6184 7503
6185 18991
6186 11383
6187 11347
6188 21590
6189 21112
6190 28350
6191 10846
6192 2267
6193 12603
6194 17603
6195 7075
6196 31812
6197 7571
6198 22340
6199 23491
6200 23108
6201 6324
6202 21946
6203 793
6204 9557
6205 30855
6206 26230
6207 26248
6208 18274
6209 1428
6210 23791
6211 17527
6212 6851
6213 12325
6214 10843
6215 17177
6216 32623
6217 8360
6218 15484
6219 9202
6220 20589
6221 10070
6222 16061
6223 20631
6224 19852
6225 20242
6226 29053
6227 9397
6228 19796
6229 6036
6230 2987
6231 6484
6232 19260
6233 6854
6234 23187
6235 13661
6236 9758
6237 8558
6238 5111
6239 26458
6240 8935
6241 27406
6242 3682
6243 11390
6244 1939
6245 11528
6246 21433
6247 10469
6248 25177
6249 3334
6250 16915
6251 5404
6252 20770
6253 6809
6254 11978
6255 9444
6256 23872
6257 3105
6258 16339
6259 19251
6260 16221
6261 17132
6262 28490
6263 32636
6264 8113
6265 23202
6266 27985
6267 26672
6268 9849
6269 18400
6270 21531
6271 3717
6272 28836
6273 18979
6274 25156
6275 32630
6276 15567
6277 13544
6278 12132
6279 32267
6280 25715
6281 21521
6282 3811
6283 10970
6284 30045
6285 28555
6286 5391
6287 17614
6288 32607
6289 12846
6290 29291
6291 26407
6292 27206
6293 30692
6294 6474
6295 26818
6296 26635
6297 18190
6298 24989
6299 16539
6300 22350
6301 31011
6302 7946
6303 5008
6304 10751
6305 22170
6306 23870
6307 20328
6308 9311
6309 10763
6310 13955
6311 30483
6312 2087
6313 3729
6314 30869
6315 1075
6316 6
6317 32114
6318 2993
6319 476
6320 24401
6321 24322
6322 20464
6323 17560
6324 2551
6325 8900
6326 25811
6327 25519
6328 6323
6329 8915
6330 3871
6331 22437
6332 3461
6333 22144
6334 12523
6335 25091
6336 11362
6337 6205
6338 2039
6339 8795
6340 19499
6341 698
6342 9791
6343 31878
6344 13276
6345 10573
6346 22736
6347 13360
6348 22534
6349 12183
6350 28891
6351 24983
6352 3199
6353 1125
6354 8968
6355 9103
6356 32343
6357 17364
6358 28940
6359 13002
6360 2575
6361 1209
6362 20862
6363 14934
6364 16902
6365 5439
6366 2534
6367 6503
6368 14644
6369 27346
6370 28440
6371 29271
6372 26138
6373 18748
6374 32704
6375 10987
6376 12793
6377 25870
6378 3389
6379 16856
6380 2115
6381 1346
6382 26291
6383 7557
6384 31311
6385 26654
6386 14939
6387 14355
6388 19280
6389 28508
6390 8478
6391 19611
6392 30856
6393 22407
6394 2147
6395 27062
6396 4537
6397 32424
6398 28197
6399 3395
6400 30173
6401 32290
6402 9032
6403 11620
6404 18454
6405 7131
6406 2093
6407 21194
6408 12520
6409 22172
6410 30596
6411 10291
6412 16294
6413 4539
6414 21345
6415 9008
6416 42
6417 9207
6418 26770
6419 10796
6420 6345
6421 19875
6422 7217
6423 23466
6424 1159
6425 23047
6426 6005
6427 23246
6428 15750
6429 28675
6430 26061
6431 17695
6432 27589
6433 22005
6434 14640
6435 13707
6436 27655
6437 11485
6438 18606
6439 30892
6440 17168
6441 26303
6442 32076
6443 22089
6444 20759
6445 31817
6446 24846
6447 5152
6448 22905
6449 9654
6450 1109
6451 5602
6452 12971
6453 6898
6454 19819
6455 16000
6456 12914
6457 7935
6458 26205
6459 30373
6460 10838
6461 23191
6462 15625
6463 31875
6464 2132
6465 18963
6466 18807
6467 24787
6468 28627
6469 17035
6470 3693
6471 21783
6472 24281
6473 21055
6474 2109
6475 12067
6476 13183
6477 53
6478 32226
6479 17883
6480 9634
6481 12068
6482 26699
6483 2878
6484 2268
6485 10129
6486 25591
6487 1956
6488 27314
6489 3384
6490 24770
6491 6723
6492 24847
6493 17325
6494 1023
6495 8952
6496 7410
6497 1603
6498 28870
6499 31045
6500 5475
6501 14125
6502 27279
6503 21654
6504 24235
6505 10723
6506 1536
6507 2504
6508 452
6509 27848
6510 23556
6511 16875
6512 26639
6513 22025
6514 29469
6515 3655
6516 12101
6517 22472
6518 21243
6519 32158
6520 31152
6521 24442
6522 30285
6523 5809
6524 3739
6525 17549
6526 3799
6527 23557
6528 24327
6529 2638
6530 20421
6531 15591
6532 17055
6533 30987
6534 12863
6535 6062
6536 238
6537 21108
6538 26685
6539 12608
6540 31440
6541 9543
6542 29085
6543 17880
6544 2086
6545 1069
6546 1907
6547 5894
6548 24014
6549 9183
6550 20896
6551 6903
6552 4051
6553 9356
6554 6822
6555 12534
6556 992
6557 2687
6558 30138
6559 32563
6560 26619
6561 10749
6562 2843
6563 24003
6564 367
6565 2668
6566 32419
6567 29417
6568 26634
6569 1211
6570 9371
6571 25748
6572 393
6573 8445
6574 30932
6575 17192
6576 20817
6577 30551
6578 3059
6579 4481
6580 28768
6581 6173
6582 23309
6583 3638
6584 16770
6585 16184
6586 17780
6587 8730
6588 13768
6589 22219
6590 5328
6591 6153
6592 13622
6593 3350
6594 19313
6595 481
6596 32700
6597 410
6598 11491
6599 28366
6600 6760
6601 19837
6602 13507
6603 22219
6604 7385
6605 27441
6606 28626
6607 24421
6608 29431
6609 16721
6610 27464
6611 24002
6612 26337
6613 21707
6614 11883
6615 14819
6616 1831
6617 26180
6618 29279
6619 5926
6620 15674
6621 32440
6622 3136
6623 26127
6624 10272
6625 12129
6626 15726
6627 17223
6628 3948
6629 2267
6630 24104
6631 18405
6632 622
6633 3461
6634 5725
6635 12013
6636 30631
6637 9002
6638 6334
6639 29718
6640 127
6641 18401
6642 5144
6643 20433
6644 25915
6645 3633
6646 20193
6647 13446
6648 15657
6649 9337
6650 8465
6651 12577
6652 22301
6653 27535
6654 16435
6655 23757
6656 1569
6657 24744
6658 4539
6659 12287
6660 9833
6661 24184
6662 30618
6663 28343
6664 28293
6665 31130
6666 19216
6667 2051
6668 24794
6669 31793
6670 31169
6671 3780
6672 29011
6673 17616
6674 30988
6675 12212
6676 13140
6677 3223
6678 920
6679 18600
6680 9200
6681 22687
6682 21807
6683 1299
6684 25691
6685 6809
6686 22736
6687 9164
6688 30882
6689 17585
6690 31999
6691 18961
6692 24217
6693 21689
6694 8800
6695 1995
6696 4373
6697 6787
6698 22660
6699 28947
6700 19292
6701 15758
6702 23811
6703 28918
6704 8410
6705 17893
6706 4299
6707 14709
6708 15638
6709 11333
6710 22455
6711 29904
6712 24548
6713 13694
6714 5732
6715 7173
6716 27099
6717 7451
6718 16960
6719 5779
6720 3337
6721 21317
6722 14307
6723 1923
6724 30182
6725 20965
6726 19363
6727 27561
6728 135
6729 19721
6730 18530
6731 27944
6732 19988
6733 17033
6734 20651
6735 4148
6736 20092
6737 11498
6738 22014
6739 7452
6740 4711
6741 23938
6742 6759
6743 27527
6744 31085
6745 16861
6746 28757
6747 29437
6748 4229
6749 6240
6750 11434
6751 17578
6752 13504
6753 22572
6754 32527
6755 21087
6756 20023
6757 20550
6758 9354
6759 9946
6760 14145
6761 16884
6762 10322
6763 29511
6764 9194
6765 31338
6766 9954
6767 5639
6768 7585
6769 12197
6770 18252
6771 32431
6772 26417
6773 9368
6774 24272
6775 4948
6776 23795
6777 22662
6778 29357
6779 31494
6780 9537
6781 17839
6782 3127
6783 29082
6784 17709
6785 29486
6786 4906
6787 2221
6788 28019
6789 24098
6790 8766
6791 31205
6792 5037
6793 32268
6794 2555
6795 28282
6796 11206
6797 26744
6798 30159
6799 24565
6800 5553
6801 22496
6802 26462
6803 30264
6804 4955
6805 6605
6806 31769
6807 1727
6808 23262
6809 10303
6810 12562
6811 6437
6812 6391
6813 29263
6814 6414
6815 5354
6816 30650
6817 6163
6818 14556
6819 31859
6820 32132
6821 7618
6822 32230
6823 22866
6824 22578
6825 23064
6826 774
6827 15816
6828 26768
6829 9212
6830 6043
6831 32648
6832 8724
6833 865
6834 15579
6835 4030
6836 4813
6837 26986
6838 3435
6839 5200
6840 10134
6841 13265
6842 17197
6843 9828
6844 143
6845 32649
6846 20313
6847 23074
6848 27086
6849 3746
6850 14543
6851 29627
6852 19537
6853 17774
6854 13483
6855 28074
6856 11063
6857 738
6858 11546
6859 13370
6860 304
6861 22590
6862 10861
6863 14920
6864 4659
6865 25585
6866 21100
6867 19274
6868 1391
6869 21430
6870 29165
6871 16016
6872 23427
6873 20996
6874 17573
6875 28618
6876 5361
6877 25253
6878 28477
6879 8395
6880 7376
6881 29348
6882 24488
6883 10380
6884 19394
6885 8045
6886 1973
6887 4980
6888 5926
6889 31024
6890 9696
6891 6358
6892 16527
6893 17542
6894 4206
6895 2492
6896 6516
6897 32599
6898 14009
6899 7395
6900 12073
6901 11515
6902 19656
6903 15366
6904 29453
6905 11679
6906 21794
6907 13919
6908 13062
6909 9451
6910 31972
6911 31852
6912 30250
6913 13282
6914 32274
6915 18671
6916 4543
6917 2569
6918 31787
6919 23352
6920 2662
6921 4555
6922 3840
6923 9894
6924 5523
6925 15388
6926 28613
6927 7020
6928 20288
6929 12125
6930 31849
6931 27793
6932 30691
6933 23935
6934 1315
6935 30523
6936 20125
6937 17772
6938 6222
6939 12076
6940 23476
6941 25506
6942 16502
6943 13453
6944 16195
6945 5665
6946 26803
6947 30442
6948 22576
6949 30600
6950 23349
6951 2431
6952 22367
6953 30075
6954 3617
6955 3250
6956 4901
6957 9799
6958 12956
6959 20704
6960 12032
6961 8649
6962 14884
6963 5724
6964 27525
6965 24972
6966 17959
6967 3765
6968 12953
6969 27697
6970 13774
6971 824
6972 13284
6973 20500
6974 17946
6975 17590
6976 9603
6977 12588
6978 30771
6979 18568
6980 31997
6981 28211
6982 12797
6983 5839
6984 13433
6985 8455
6986 19691
6987 28160
6988 28718
6989 32337
6990 1816
6991 16289
6992 6170
6993 22628
6994 2708
6995 27213
6996 14839
6997 18792
6998 32507
6999 21758
7000 18283
7001 18615
7002 22861
7003 20364
7004 1151
7005 12167
7006 24057
7007 23664
7008 14930
7009 28874
7010 2363
7011 18382
7012 527
7013 2130
7014 20904
7015 12211
7016 15388
7017 25913
7018 30984
7019 24987
7020 1940
7021 21376
7022 24419
7023 12598
7024 19960
7025 10486
7026 3167
7027 11371
7028 14113
7029 14683
7030 25289
7031 20638
7032 6521
7033 21958
7034 12913
7035 9518
7036 14955
7037 23364
7038 7227
7039 24386
7040 29464
7041 5314
7042 31859
7043 29382
7044 3404
7045 29741
7046 20321
7047 13488
7048 27824
7049 26327
7050 17437
7051 29320
7052 22593
7053 18717
7054 29093
7055 8999
7056 30720
7057 15687
7058 25133
7059 5311
7060 23275
7061 27055
7062 26806
7063 15387
7064 6445
7065 25126
7066 29922
7067 2344
7068 26258
7069 16531
7070 22791
7071 25781
7072 10557
7073 12509
7074 13954
7075 15223
7076 26781
7077 29707
7078 1102
7079 14928
7080 10397
7081 7850
7082 25557
7083 8144
7084 1307
7085 5743
7086 14341
7087 18173
7088 8604
7089 4894
7090 12967
7091 20303
7092 16702
7093 9898
7094 19436
7095 1535
7096 6894
7097 4254
7098 22601
7099 29826
7100 15834
7101 24763
7102 12421
7103 14416
7104 6697
7105 11491
7106 8209
7107 2025
7108 490
7109 24118
7110 3479
7111 2330
7112 13899
7113 22906
7114 4565
7115 23676
7116 21772
7117 1728
7118 28844
7119 575
7120 14899
7121 31812
7122 10356
7123 31781
7124 10752
7125 20630
7126 2963
7127 20689
7128 22307
7129 22519
7130 6222
7131 21570
7132 6445
7133 20742
7134 735
7135 22939
7136 26437
7137 17564
7138 9671
7139 12837
7140 27420
7141 7412
7142 19557
7143 7574
7144 16419
7145 14351
7146 3016
7147 3988
7148 13051
7149 31062
7150 7618
7151 28277
7152 5420
7153 7810
7154 29245
7155 12105
7156 31003
7157 23481
7158 27346
7159 29466
7160 27190
7161 761
7162 29848
7163 2418
7164 30066
7165 15034
7166 29754
7167 31774
7168 5623
7169 1999
7170 14413
7171 2098
7172 23065
7173 11918
7174 26080
7175 10317
7176 21643
7177 12080
7178 4948
7179 5150
7180 11727
7181 24955
7182 1390
7183 22823
7184 27121
7185 29598
7186 17066
7187 28865
7188 13941
7189 20572
7190 28882
7191 30561
7192 21646
7193 12396
7194 12496
7195 26905
7196 29585
7197 23328
7198 27841
7199 1890
7200 4008
7201 23110
7202 19530
7203 19480
7204 10443
7205 9548
7206 17199
7207 3526
7208 26092
7209 1959
7210 28193
7211 14628
7212 30834
7213 18036
7214 12760
7215 17374
7216 21481
7217 18784
7218 20578
7219 15511
7220 3576
7221 19142
7222 26811
7223 7214
7224 31379
7225 21272
7226 5277
7227 15424
7228 22641
7229 896
7230 6297
7231 5870
7232 8641
7233 29639
7234 23143
7235 13280
7236 21785
7237 10101
7238 4475
7239 26249
7240 19119
7241 24122
7242 26072
7243 16813
7244 27083
7245 17292
7246 28969
7247 25633
7248 21116
7249 16786
7250 22030
7251 723
7252 20363
7253 31553
7254 25012
7255 21514
7256 9389
7257 12741
7258 27560
7259 16366
7260 3324
7261 6434
7262 26605
7263 31306
7264 32168
7265 24603
7266 24396
7267 27025
7268 234
7269 28499
7270 16875
7271 32543
7272 15674
7273 9138
7274 18465
7275 25794
7276 31938
7277 2058
7278 21897
7279 9081
7280 18706
7281 20986
7282 4693
7283 10107
7284 28437
7285 9747
7286 12005
7287 17787
7288 32580
7289 26426
7290 1433
7291 9515
7292 7705
7293 5453
7294 3811
7295 13567
7296 14535
7297 32522
7298 23456
7299 2867
7300 29224
7301 19244
7302 2472
7303 22543
7304 23543
7305 7382
7306 26275
7307 19818
7308 20543
7309 22325
7310 13599
7311 8045
7312 32531
7313 17506
7314 18400
7315 665
7316 1152
7317 9093
7318 26487
7319 19211
7320 6848
7321 25152
7322 13847
7323 4351
7324 15536
7325 1355
7326 1443
7327 32404
7328 19589
7329 1115
7330 21515
7331 10959
7332 4794
7333 7497
7334 25049
7335 9697
7336 10572
7337 25200
7338 5895
7339 6829
7340 10026
7341 2135
7342 10772
7343 10629
7344 8167
7345 13968
7346 15703
7347 24628
7348 19379
7349 24543
7350 26258
7351 29506
7352 27529
7353 26015
7354 21706
7355 7283
7356 15786
7357 2658
7358 2134
7359 17041
7360 5705
7361 30680
7362 20791
7363 20075
7364 28808
7365 23538
7366 1959
7367 20766
7368 2979
7369 24902
7370 13044
7371 24467
7372 26731
7373 1718
7374 4751
7375 18249
7376 15095
7377 6732
7378 15712
7379 85
7380 9366
7381 23401
7382 19293
7383 167
7384 18951
7385 2079
7386 15707
7387 21646
7388 6637
7389 23003
7390 5924
7391 8319
7392 22397
7393 13639
7394 24521
7395 28690
7396 15738
7397 4462
7398 31802
7399 30285
7400 19811
7401 23074
7402 6163
7403 8997
7404 7915
7405 20890
7406 4281
7407 12866
7408 17321
7409 13664
7410 5798
7411 5891
7412 4881
7413 10859
7414 30977
7415 27074
7416 29347
7417 13447
7418 20338
7419 14937
7420 28258
7421 15614
7422 30260
7423 27620
7424 13704
7425 27761
7426 4204
7427 32201
7428 20344
7429 23559
7430 1209
7431 26102
7432 7412
7433 25034
7434 10252
7435 24682
7436 31120
7437 31821
7438 2746
7439 22519
7440 4454
7441 8594
7442 7119
7443 19526
7444 16140
7445 29996
7446 5798
7447 22811
7448 1475
7449 10657
7450 28342
7451 17114
7452 31729
7453 4370
7454 11695
7455 11339
7456 14802
7457 8478
7458 30662
7459 22938
7460 8298
7461 28163
7462 10828
7463 9378
7464 3262
7465 24838
7466 18566
7467 1642
7468 19267
7469 11798
7470 10937
7471 23024
7472 24471
7473 19628
7474 9092
7475 15398
7476 29807
7477 30709
7478 3954
7479 11579
7480 2001
7481 31283
7482 720
7483 22299
7484 10115
7485 18273
7486 2492
7487 7481
7488 20931
7489 11029
7490 11903
7491 22924
7492 20024
7493 3499
7494 14877
7495 27351
7496 4905
7497 5280
7498 25386
7499 30766
7500 2797
7501 8764
7502 24286
7503 3510
7504 19874
7505 30836
7506 2156
7507 30380
7508 8994
7509 782
7510 4752
7511 30889
7512 24883
7513 3334
7514 30567
7515 21540
7516 31230
7517 25905
7518 6788
7519 11832
7520 20163
7521 13856
7522 20800
7523 18343
7524 6858
7525 5447
7526 17745
7527 9504
7528 2717
7529 3422
7530 26015
7531 3261
7532 21364
7533 10248
7534 22867
7535 31952
7536 24305
7537 15027
7538 10544
7539 32735
7540 24333
7541 31423
7542 4902
7543 493
7544 24147
7545 7394
7546 15396
7547 2811
7548 8268
7549 971
7550 13359
7551 719
7552 26170
7553 16901
7554 177
7555 25076
7556 27656
7557 29471
7558 8467
7559 29698
7560 12674
7561 12298
7562 16781
7563 3872
7564 25538
7565 8898
7566 4157
7567 25798
7568 31466
7569 32048
7570 26743
7571 20424
7572 24601
7573 22352
7574 18525
7575 17296
7576 12183
7577 14479
7578 17583
7579 16554
7580 27475
7581 20599
7582 28388
7583 29319
7584 12688
7585 8845
7586 24953
7587 23162
7588 19419
7589 10618
7590 26249
7591 11271
7592 10816
7593 13674
7594 27806
7595 15965
7596 7869
7597 2482
7598 15815
7599 14113
7600 27895
7601 32181
7602 11498
7603 21101
7604 556
7605 9480
7606 11612
7607 27673
7608 26985
7609 17108
7610 2223
7611 11833
7612 20477
7613 3196
7614 9931
7615 2278
7616 11821
7617 32640
7618 7232
7619 22338
7620 26665
7621 20130
7622 29403
7623 21942
7624 31551
7625 10823
7626 24696
7627 19838
7628 2895
7629 26655
7630 24598
7631 6504
7632 25727
7633 19976
7634 24881
7635 26584
7636 17711
7637 1072
7638 332
7639 24080
7640 1072
7641 29306
7642 973
7643 174
7644 26416
7645 3364
7646 31757
7647 1398
7648 15737
7649 21670
7650 23984
7651 29266
7652 4828
7653 3293
7654 26418
7655 11671
7656 3815
7657 28520
7658 6851
7659 25482
7660 21599
7661 23891
7662 14677
7663 25891
7664 29930
7665 21490
7666 29683
7667 25617
7668 19723
7669 10512
7670 18260
7671 12285
7672 23635
7673 21066
7674 13744
7675 22803
7676 28118
7677 15285
7678 21202
7679 23487
7680 9437
7681 29127
7682 22127
7683 14772
7684 16858
7685 8820
7686 10422
7687 9267
7688 13217
7689 14743
7690 7464
7691 7050
7692 18644
7693 7316
7694 20394
7695 10203
7696 5535
7697 18747
7698 22488
7699 3870
7700 24998
7701 23536
7702 18077
7703 11369
7704 12860
7705 16649
7706 8704
7707 19567
7708 17622
7709 5496
7710 21313
7711 13128
7712 3519
7713 31402
7714 15141
7715 12144
7716 3853
7717 25007
7718 24718
7719 24081
7720 7123
7721 4506
7722 27982
7723 1157
7724 23448
7725 27947
7726 27965
7727 8982
7728 8712
7729 15275
7730 906
7731 9481
7732 28394
7733 31000
7734 2638
7735 20956
7736 10834
7737 29058
7738 20583
7739 25547
7740 28952
7741 11189
7742 27011
7743 26521
7744 1416
7745 26392
7746 17531
7747 18828
7748 14427
7749 12501
7750 31715
7751 13242
7752 24039
7753 21562
7754 5343
7755 8579
7756 9106
7757 10848
7758 8247
7759 19551
7760 22924
7761 3338
7762 29102
7763 21978
7764 1214
7765 28879
7766 24976
7767 21212
7768 19709
7769 27260
7770 19595
7771 7214
7772 7044
7773 9140
7774 17855
7775 2106
7776 32161
7777 729
7778 12056
7779 29202
7780 8110
7781 2608
7782 11228
7783 12724
7784 29763
7785 12863
7786 8576
7787 27021
7788 23466
7789 17274
7790 15040
7791 19771
7792 24467
7793 29471
7794 8431
7795 17815
7796 22281
7797 18271
7798 24459
7799 5619
7800 1701
7801 1726
7802 9748
7803 26272
7804 4354
7805 14012
7806 23582
7807 22708
7808 19312
7809 28085
7810 15270
7811 1801
7812 19181
7813 31750
7814 26018
7815 6281
7816 15697
7817 12401
7818 9435
7819 18345
7820 25288
7821 15299
7822 21247
7823 820
7824 15237
7825 30643
7826 5106
7827 3146
7828 15797
7829 5390
7830 23398
7831 13736
7832 10162
7833 29969
7834 28843
7835 10282
7836 17018
7837 12822
7838 25800
7839 20621
7840 10335
7841 7028
7842 11978
7843 23162
7844 25600
7845 10400
7846 25180
7847 23744
7848 31607
7849 10136
7850 13464
7851 6882
7852 15316
7853 10881
7854 17181
7855 32721
7856 22731
7857 30862
7858 20834
7859 13818
7860 13481
7861 1573
7862 28746
7863 131
7864 25740
7865 14397
7866 17400
7867 14802
7868 17620
7869 30475
7870 23524
7871 6992
7872 12757
7873 21469
7874 20782
7875 12908
7876 14542
7877 17990
7878 7987
7879 9954
7880 21791
7881 17531
7882 27231
7883 13885
7884 3510
7885 15101
7886 10562
7887 2202
7888 1739
7889 10104
7890 25573
7891 17072
7892 23501
7893 23275
7894 32094
7895 30989
7896 21916
7897 9994
7898 15266
7899 26786
7900 20728
7901 31457
7902 411
7903 6274
7904 26938
7905 12985
7906 28538
7907 18663
7908 15169
7909 7999
7910 23887
7911 21366
7912 21680
7913 2019
7914 25558
7915 24772
7916 9047
7917 11391
7918 26516
7919 5912
7920 30958
7921 2617
7922 23075
7923 9843
7924 30473
7925 26538
7926 9675
7927 21965
7928 30536
7929 27712
7930 30546
7931 30114
7932 17358
7933 18144
7934 23060
7935 23469
7936 13301
7937 10192
7938 23126
7939 19444
7940 320
7941 4565
7942 8663
7943 29444
7944 26770
7945 18072
7946 17064
7947 21886
7948 27549
7949 21070
7950 9278
7951 22738
7952 18076
7953 31384
7954 18118
7955 18763
7956 28229
7957 5288
7958 20664
7959 332
7960 10745
7961 1702
7962 6831
7963 5593
7964 7743
7965 30802
7966 11640
7967 11352
7968 23408
7969 30442
7970 26216
7971 23961
7972 17588
7973 4174
7974 13811
7975 18965
7976 25388
7977 10594
7978 11387
7979 17267
7980 31089
7981 5044
7982 18790
7983 12113
7984 27454
7985 9823
7986 16499
7987 1856
7988 19817
7989 24111
7990 10574
7991 6672
7992 12824
7993 18693
7994 19810
7995 29263
7996 1329
7997 16509
7998 2030
7999 1548
8000 3346
8001 14287
8002 27739
8003 5088
8004 25475
8005 8435
8006 9933
8007 20784
8008 31464
8009 11529
8010 19192
8011 19884
8012 956
8013 27639
8014 1333
8015 12315
8016 17978
8017 3924
8018 25044
8019 12379
8020 17501
8021 21637
8022 7860
8023 29347
8024 14347
8025 23077
8026 15122
8027 10252
8028 16781
8029 25771
8030 14751
8031 6224
8032 23107
8033 22086
8034 18645
8035 30929
8036 24470
8037 24076
8038 17802
8039 13533
8040 18989
8041 8788
8042 19398
8043 2864
8044 25956
8045 27232
8046 18898
8047 9402
8048 6906
8049 2880
8050 18833
8051 2211
8052 9993
8053 7154
8054 25619
8055 4493
8056 18492
8057 13518
8058 4968
8059 18457
8060 16444
8061 15906
8062 22194
8063 18092
8064 14443
8065 4633
8066 23678
8067 2675
8068 24277
8069 30177
8070 10069
8071 21924
8072 20324
8073 11788
8074 24717
8075 1799
8076 7507
8077 12855
8078 19813
8079 2742
8080 4324
8081 17386
8082 6738
8083 18465
8084 27990
8085 27840
8086 28819
8087 12628
8088 21265
8089 10184
8090 2571
8091 22397
8092 4645
8093 14890
8094 14160
8095 10408
8096 242
8097 32526
8098 3072
8099 15054
8100 11048
8101 10937
8102 9556
8103 18446
8104 27891
8105 18681
8106 16119
8107 16442
8108 20079
8109 31428
8110 2584
8111 5013
8112 13154
8113 14108
8114 31422
8115 6875
8116 13098
8117 4917
8118 32603
8119 16514
8120 11508
8121 21978
8122 22181
8123 20288
8124 27695
8125 23053
8126 30625
8127 2509
8128 28993
8129 1262
8130 16384
8131 28650
8132 12920
8133 21214
8134 23727
8135 21666
8136 26947
8137 16355
8138 8362
8139 10704
8140 16290
8141 3918
8142 15889
8143 9441
8144 29147
8145 13980
8146 5501
8147 8411
8148 14447
8149 28571
8150 3988
8151 24990
8152 3660
8153 13774
8154 13531
8155 7275
8156 10052
8157 13073
8158 30668
8159 27042
8160 10942
8161 24448
8162 25897
8163 976
8164 1707
8165 22678
8166 11919
8167 30696
8168 28348
8169 13202
8170 17230
8171 10961
8172 23506
8173 20255
8174 27512
8175 22561
8176 8119
8177 26675
8178 6456
8179 28201
8180 24843
8181 30264
8182 25701
8183 27441
8184 4993
8185 4714
8186 25687
8187 8196
8188 16459
8189 28288
8190 23546
8191 31664
8192 13010
8193 7822
8194 27680
8195 17543
8196 23979
8197 14890
8198 16412
8199 25193
8200 3014
8201 6350
8202 26764
8203 7750
8204 12777
8205 11645
8206 22646
8207 31454
8208 29789
8209 17833
8210 14487
8211 2763
8212 13544
8213 12117
8214 1271
8215 26562
8216 15611
8217 2679
8218 10433
8219 12054
8220 22571
8221 18848
8222 3154
8223 10109
8224 29413
8225 9694
8226 18832
8227 29719
8228 4446
8229 2530
8230 31357
8231 30892
8232 13002
8233 14430
8234 22028
8235 21302
8236 29902
8237 12721
8238 3891
8239 3743
8240 2871
8241 7366
8242 10817
8243 29387
8244 24556
8245 14137
8246 15474
8247 5593
8248 28449
8249 4284
8250 18880
8251 4774
8252 13262
8253 5562
8254 13565
8255 2195
8256 14432
8257 11578
8258 30239
8259 18569
8260 8110
8261 28165
8262 2779
8263 21306
8264 14894
8265 12043
8266 21877
8267 3241
8268 31593
8269 30467
8270 24022
8271 18668
8272 25516
8273 3922
8274 10463
8275 5680
8276 12801
8277 15918
8278 6653
8279 26623
8280 29277
8281 27651
8282 4861
8283 1982
8284 15387
8285 14357
8286 17954
8287 28282
8288 13481
8289 16488
8290 28277
8291 27620
8292 10882
8293 8413
8294 25181
8295 16025
8296 23644
8297 28061
8298 13423
8299 423
8300 16546
8301 11450
8302 22151
8303 4941
8304 24868
8305 4884
8306 29464
8307 22787
8308 7950
8309 2170
8310 28864
8311 1210
8312 29462
8313 14098
8314 21536
8315 16229
8316 32250
8317 10747
8318 29674
8319 23736
8320 32042
8321 16176
8322 13115
8323 31792
8324 30657
8325 28848
8326 13868
8327 15187
8328 14266
8329 14556
8330 17572
8331 23865
8332 25441
8333 5664
8334 20336
8335 2891
8336 19207
8337 29141
8338 19349
8339 4939
8340 16122
8341 28262
8342 22500
8343 18069
8344 437
8345 24754
8346 24784
8347 24228
8348 10835
8349 30898
8350 13949
8351 2775
8352 2890
8353 23900
8354 18713
8355 2933
8356 29013
8357 16327
8358 32623
8359 32240
8360 20146
8361 10639
8362 23481
8363 15974
8364 9870
8365 2683
8366 25270
8367 621
8368 19646
8369 18781
8370 30973
8371 4368
8372 19887
8373 23610
8374 10897
8375 15381
8376 4768
8377 11179
8378 4277
8379 32386
8380 5646
8381 17795
8382 18946
8383 25695
8384 15472
8385 8882
8386 14518
8387 8124
8388 9509
8389 1130
8390 31567
8391 28406
8392 1963
8393 11392
8394 21337
8395 14391
8396 28945
8397 29972
8398 28292
8399 32316
8400 30127
8401 2932
8402 17913
8403 4699
8404 11028
8405 21054
8406 2030
8407 10180
8408 32320
8409 11973
8410 16248
8411 11271
8412 14868
8413 17846
8414 11937
8415 2262
8416 20998
8417 27388
8418 3771
8419 13068
8420 17689
8421 18656
8422 10996
8423 10991
8424 11533
8425 629
8426 2346
8427 20914
8428 19922
8429 21811
8430 5376
8431 14399
8432 14659
8433 32226
8434 305
8435 19251
8436 23313
8437 25786
8438 21284
8439 41
8440 253
8441 21704
8442 19649
8443 26683
8444 13131
8445 17043
8446 10372
8447 19398
8448 29043
8449 26112
8450 23503
8451 13166
8452 10009
8453 11123
8454 21381
8455 610
8456 27967
8457 16439
8458 24276
8459 1505
8460 27578
8461 15904
8462 15442
8463 7678
8464 28386
8465 14958
8466 32076
8467 25504
8468 1422
8469 15349
8470 13146
8471 28620
8472 15168
8473 23675
8474 7223
8475 10279
8476 17052
8477 6498
8478 16336
8479 13494
8480 9247
8481 6023
8482 13467
8483 745
8484 17677
8485 24169
8486 32298
8487 31192
8488 23211
8489 20110
8490 14848
8491 17356
8492 7599
8493 22306
8494 3747
8495 20737
8496 20981
8497 12002
8498 4339
8499 30634
8500 30323
8501 5176
8502 5049
8503 21814
8504 12655
8505 22695
8506 5507
8507 21714
8508 19695
8509 15210
8510 16560
8511 32559
8512 22386
8513 22360
8514 12743
8515 30597
8516 15581
8517 10251
8518 30733
8519 18904
8520 27576
8521 27201
8522 1110
8523 28282
8524 23194
8525 23426
8526 31259
8527 9937
8528 482
8529 7428
8530 5837
8531 5978
8532 7592
8533 15819
8534 9065
8535 17134
8536 19444
8537 12308
8538 9293
8539 19268
8540 23341
8541 11764
8542 15178
8543 6840
8544 23764
8545 20797
8546 28666
8547 23370
8548 20594
8549 25249
8550 21075
8551 24298
8552 31438
8553 9242
8554 11133
8555 23795
8556 15716
8557 6793
8558 12513
8559 10485
8560 531
8561 6813
8562 28035
8563 18103
8564 3862
8565 7414
8566 21905
8567 32636
8568 22325
8569 7562
8570 14396
8571 23686
8572 6716
8573 2632
8574 966
8575 10969
8576 27053
8577 1276
8578 4060
8579 27713
8580 26034
8581 31859
8582 25127
8583 22934
8584 18005
8585 24799
8586 8478
8587 23103
8588 1267
8589 30588
8590 10526
8591 5365
8592 14830
8593 4468
8594 30652
8595 32201
8596 675
8597 10753
8598 24922
8599 1385
8600 924
8601 12241
8602 17656
8603 19871
8604 23302
8605 32174
8606 12877
8607 1818
8608 5989
8609 18014
8610 13846
8611 23665
8612 1670
8613 30664
8614 16559
8615 3685
8616 28853
8617 22873
8618 23264
8619 9575
8620 5169
8621 27046
8622 7417
8623 23642
8624 29917
8625 16211
8626 7201
8627 10393
8628 21560
8629 28979
8630 16875
8631 828
8632 25999
8633 18864
8634 16938
8635 22423
8636 4722
8637 18798
8638 8967
8639 15108
8640 25444
8641 15659
8642 2896
8643 20963
8644 24790
8645 27370
8646 19219
8647 1502
8648 87
8649 6736
8650 21100
8651 29042
8652 29189
8653 31822
8654 2715
8655 9386
8656 25159
8657 13824
8658 17753
8659 10030
8660 958
8661 4821
8662 13933
8663 23421
8664 30072
8665 8689
8666 11130
8667 10103
8668 22887
8669 17103
8670 30235
8671 1566
8672 12050
8673 25899
8674 15409
8675 26269
8676 18059
8677 31
8678 8828
8679 31882
8680 24481
8681 1164
8682 1385
8683 25960
8684 18774
8685 20155
8686 13355
8687 18288
8688 5524
8689 23364
8690 25101
8691 19857
8692 13595
8693 17199
8694 16903
8695 9397
8696 4030
8697 17242
8698 143
8699 24134
8700 27855
8701 21274
8702 4017
8703 23536
8704 16344
8705 3621
8706 31074
8707 10409
8708 11659
8709 30128
8710 11282
8711 25327
8712 23804
8713 19668
8714 30080
8715 7249
8716 26894
8717 5174
8718 8146
8719 21041
8720 1579
8721 26855
8722 25829
8723 25544
8724 12345
8725 19081
8726 11234
8727 10603
8728 29897
8729 3252
8730 17682
8731 4364
8732 11665
8733 30616
8734 6131
8735 25603
8736 16156
8737 23523
8738 30603
8739 6671
8740 12224
8741 7653
8742 4348
8743 23959
8744 10961
8745 31729
8746 10329
8747 9526
8748 17428
8749 5127
8750 6072
8751 1655
8752 3958
8753 27825
8754 17544
8755 9693
8756 24830
8757 1323
8758 32549
8759 26663
8760 18689
8761 12486
8762 170
8763 18641
8764 8341
8765 16782
8766 31495
8767 31198
8768 14919
8769 17963
8770 28499
8771 12501
8772 2833
8773 24325
8774 15971
8775 17674
8776 24454
8777 28332
8778 10139
8779 798
8780 29008
8781 10614
8782 10756
8783 22985
8784 28892
8785 18538
8786 31647
8787 17367
8788 22356
8789 25436
8790 2809
8791 4977
8792 5326
8793 13914
8794 16128
8795 670
8796 28355
8797 22087
8798 26901
8799 11530
8800 8898
8801 6342
8802 7522
8803 22277
8804 8549
8805 13146
8806 25966
8807 9678
8808 30085
8809 21963
8810 238
8811 11538
8812 11178
8813 17355
8814 10463
8815 30128
8816 19909
8817 12761
8818 2257
8819 25023
8820 18210
8821 26982
8822 25222
8823 4562
8824 17560
8825 30774
8826 4027
8827 12154
8828 25859
8829 28426
8830 22086
8831 16653
8832 19956
8833 29564
8834 16993
8835 27302
8836 30886
8837 10538
8838 31558
8839 16493
8840 19252
8841 13846
8842 17916
8843 3609
8844 21002
8845 26189
8846 10864
8847 14259
8848 11673
8849 12999
8850 28359
8851 6044
8852 2128
8853 12175
8854 23795
8855 32209
8856 10439
8857 9507
8858 1668
8859 13422
8860 29757
8861 22814
8862 31425
8863 11633
8864 30020
8865 18964
8866 8952
8867 15809
8868 15035
8869 25278
8870 14610
8871 2415
8872 8957
8873 26711
8874 3178
8875 1339
8876 26456
8877 10309
8878 2272
8879 12634
8880 31681
8881 10492
8882 13353
8883 29046
8884 5829
8885 25120
8886 5481
8887 9719
8888 30147
8889 16361
8890 15107
8891 27265
8892 12633
8893 30156
8894 21167
8895 7613
8896 13852
8897 25688
8898 1998
8899 5725
8900 13708
8901 5726
8902 7163
8903 10586
8904 9031
8905 6484
8906 28131
8907 25984
8908 4732
8909 13563
8910 25174
8911 10285
8912 1955
8913 17984
8914 25502
8915 28502
8916 4715
8917 16736
8918 27407
8919 3274
8920 17396
8921 8016
8922 18655
8923 7867
8924 21823
8925 14940
8926 7736
8927 29050
8928 4579
8929 24078
8930 15756
8931 11906
8932 23297
8933 3665
8934 25897
8935 31928
8936 22137
8937 18902
8938 2061
8939 30193
8940 7774
8941 19383
8942 6395
8943 5557
8944 1192
8945 4187
8946 3022
8947 1347
8948 16169
8949 8601
8950 270
8951 26836
8952 4035
8953 28192
8954 20417
8955 4644
8956 15575
8957 12310
8958 24963
8959 15407
8960 28160
8961 9983
8962 5337
8963 13368
8964 16642
8965 10465
8966 6595
8967 5136
8968 11005
8969 20133
8970 31888
8971 29077
8972 31207
8973 16321
8974 21238
8975 10105
8976 2616
8977 24852
8978 16226
8979 6981
8980 1255
8981 27409
8982 16013
8983 9373
8984 14742
8985 11040
8986 29520
8987 31173
8988 26890
8989 29761
8990 25785
8991 17764
8992 5085
8993 755
8994 25182
8995 18824
8996 8567
8997 22612
8998 753
8999 13291
9000 29498
9001 20617
9002 28949
9003 1909
9004 14333
9005 30816
9006 31344
9007 16129
9008 5052
9009 26164
9010 5378
9011 3428
9012 28557
9013 6674
9014 20149
9015 24235
9016 1494
9017 10521
9018 23349
9019 32421
9020 32446
9021 14375
9022 13313
9023 2210
9024 12513
9025 2482
9026 32451
9027 1145
9028 23112
9029 8947
9030 11741
9031 21712
9032 26008
9033 19530
9034 3908
9035 23191
9036 3977
9037 28894
9038 15761
9039 29142
9040 154
9041 8580
9042 10069
9043 11177
9044 12036
9045 16098
9046 8365
9047 27016
9048 7404
9049 3796
9050 13079
9051 15820
9052 18140
9053 16654
9054 8068
9055 13679
9056 22132
9057 9987
9058 18095
9059 28436
9060 27997
9061 8966
9062 27564
9063 9031
9064 7295
9065 4783
9066 1220
9067 517
9068 23412
9069 14465
9070 3712
9071 2431
9072 5180
9073 26825
9074 5380
9075 14875
9076 5938
9077 32201
9078 26526
9079 19388
9080 2878
9081 22294
9082 10911
9083 18499
9084 11853
9085 26687
9086 15210
9087 12118
9088 31230
9089 6831
9090 6858
9091 1888
9092 158
9093 1749
9094 20873
9095 32728
9096 5719
9097 18562
9098 830
9099 2247
9100 6820
9101 29330
9102 9062
9103 900
9104 30216
9105 26062
9106 182
9107 28866
9108 8192
9109 3857
9110 6832
9111 16333
9112 16694