9127
2 28273
3 20936
4 24093
5 20926
6 14830
7 20818
8 4029
9 10593
10 30134
11 15655
12 14583
13 2255
14 25182
15 410
16 19103
17 15381
18 15
19 12606
20 5068
21 386
22 20780
23 19707
24 14743
25 12891
26 12341
27 21089
28 23583
29 25552
30 15596
31 1085
32 3281
33 5167
34 9398
35 8554
36 31206
37 14424
38 19011
39 32234
40 29484
41 15729
42 4209
43 12853
44 11274
45 21211
46 19566
47 21713
48 24254
49 4196
50 8989
51 29219
52 13546
53 19646
54 21948
55 13957
56 6479
57 14384
58 16835
59 32409
60 22232
61 3979
62 6159
63 16860
64 10458
65 31584
66 3903
67 2942
68 8346
69 28528
70 5471
71 30065
72 1040
73 7780
74 17604
75 22976
76 2538
77 21950
78 8246
79 11810
80 5844
81 22032
82 23125
83 15823
84 24567
85 31595
86 11317
87 13714
88 5823
89 18971
90 32588
91 13855
92 482
93 13201
94 28302
95 24744
96 10142
97 10145
98 25302
99 4523
100 27970
101 17902
102 20104
103 15886
104 20463
105 17314
106 19572
107 9837
108 6816
109 22882
110 9726
111 21683
112 15720
113 19841
114 1148
115 6119
116 10747
117 28275
118 20960
119 29257
120 22896
121 4485
122 3223
123 11678
124 24389
125 27084
126 4785
127 2504
128 11684
129 19291
130 10305
131 14745
132 28388
133 11961
134 15623
135 8681
136 6227
137 2195
138 13644
139 3814
140 6707
141 18861
142 14862
143 21420
144 20738
145 6942
146 21597
147 2070
148 7167
149 10941
150 22533
151 22739
152 15593
153 7127
154 24941
155 7612
156 25866
157 28707
158 27327
159 10852
160 4980
161 31991
162 15433
163 3313
164 10379
165 16571
166 15396
167 12075
168 21187
169 11423
170 24851
171 3539
172 14507
173 13961
174 19629
175 31286
176 1067
177 18257
178 20671
179 6658
180 13065
181 22833
182 25580
183 6487
184 20658
185 23159
186 18838
187 17185
188 32056
189 10365
190 28930
191 29606
192 26007
193 14043
194 20406
195 6491
196 4412
197 14043
198 15142
199 14332
200 10440
201 21294
202 1424
203 8667
204 6673
205 21469
206 25125
207 23417
208 15721
209 16002
210 21609
211 23891
212 24612
213 18103
214 11996
215 10238
216 22612
217 8911
218 25818
219 24182
220 1495
221 6340
222 13248
223 23220
224 25748
225 22385
226 26448
227 28798
228 5121
229 28673
230 15703
231 21123
232 30697
233 936
234 11404
235 19879
236 22124
237 31121
238 4796
239 20124
240 5959
241 20759
242 3620
243 26034
244 2133
245 25655
246 1567
247 15600
248 19286
249 11845
250 9985
251 13411
252 20720
253 27359
254 21826
255 6326
256 1267
257 8480
258 23519
259 10243
260 4065
261 28437
262 23037
263 22761
264 20910
265 10613
266 13263
267 6111
268 31172
269 9100
270 2747
271 28359
272 24650
273 13177
274 184
275 19143
276 1190
277 18073
278 19195
279 21588
280 21824
281 6723
282 22482
283 3471
284 9353
285 27830
286 3024
287 10965
288 28477
289 14927
290 23082
291 22929
292 22501
293 23296
294 15457
295 26965
296 31647
297 5117
298 19745
299 2858
300 1057
301 29112
302 2666
303 6948
304 6908
305 32272
306 749
307 10297
308 8734
309 9925
310 29369
311 11858
312 21915
313 26672
314 4886
315 13987
316 15021
317 4145
318 8625
319 21048
320 32761
321 11624
322 25338
323 8913
324 13075
325 32424
326 9163
327 26096
328 28485
329 30376
330 32330
331 13872
332 27020
333 10236
334 26128
335 30424
336 32228
337 11588
338 16267
339 7600
340 8645
341 24996
342 1696
343 20244
344 24558
345 32116
346 18581
347 70
348 16737
349 27448
350 29999
351 5129
352 18351
353 26834
354 19223
355 9579
356 23669
357 18678
358 25474
359 29922
360 23079
361 26847
362 8465
363 11162
364 4620
365 11840
366 1526
367 26894
368 29578
369 8574
370 13657
371 20182
372 14500
373 30748
374 9210
375 32447
376 15297
377 9079
378 15383
379 16161
380 23215
381 14259
382 30864
383 14701
384 2791
385 16117
386 15177
387 1798
388 787
389 19666
390 25296
391 82
392 7629
393 26120
394 25408
395 528
396 22954
397 4204
398 26213
399 7404
400 6775
401 7972
402 14112
403 25424
404 4034
405 3862
406 31757
407 18814
408 25757
409 1952
410 1380
411 19420
412 7326
413 21386
414 12829
415 20366
416 16938
417 26169
418 12376
419 29002
420 18931
421 16677
422 7419
423 13928
424 20416
425 19853
426 18077
427 21561
428 4205
429 32361
430 6051
431 410
432 17714
433 20128
434 27560
435 1737
436 17448
437 28539
438 21539
439 32631
440 2568
441 15193
442 4163
443 798
444 4406
445 16549
446 15390
447 10132
448 6655
449 30982
450 31499
451 4577
452 18463
453 213
454 8524
455 2382
456 14727
457 25300
458 8433
459 16574
460 31325
461 19485
462 15864
463 19009
464 31299
465 15448
466 19897
467 26855
468 26332
469 1585
470 1410
471 13522
472 3980
473 13322
474 7294
475 17807
476 13952
477 9452
478 17627
479 22183
480 29423
481 30148
482 16427
483 6768
484 2207
485 2764
486 4875
487 12073
488 22698
489 19783
490 7171
491 27206
492 20354
493 29041
494 4526
495 28169
496 29747
497 22710
498 11291
499 15698
500 31976
501 25634
502 32114
503 16824
504 3249
505 19225
506 15835
507 30680
508 32387
509 19016
510 3739
511 13805
512 24961
513 16091
514 30848
515 16546
516 2681
517 496
518 10624
519 8740
520 24242
521 6220
522 13725
523 30586
524 15333
525 2637
526 24332
527 10265
528 8585
529 30752
530 10645
531 15283
532 32595
533 15924
534 15677
535 16977
536 19710
537 15855
538 23587
539 673
540 20296
541 7839
542 28584
543 25233
544 11837
545 6835
546 28882
547 15900
548 16567
549 11563
550 12275
551 8292
552 12582
553 13133
554 16261
555 4866
556 24461
557 22170
558 1625
559 30618
560 9421
561 21248
562 15601
563 8114
564 23334
565 27985
566 23082
567 5828
568 20475
569 11764
570 13085
571 21137
572 725
573 13275
574 21064
575 15801
576 21931
577 13236
578 18921
579 20617
580 4705
581 30564
582 1451
583 11284
584 27022
585 29105
586 24452
587 27525
588 20098
589 14910
590 31710
591 8115
592 21640
593 1469
594 12533
595 10486
596 29032
597 28256
598 32128
599 25402
600 18736
601 8336
602 21139
603 22609
604 26420
605 16354
606 13508
607 27790
608 2132
609 6215
610 30861
611 14735
612 23165
613 28547
614 7665
615 2906
616 21875
617 2784
618 3938
619 13228
620 4301
621 15651
622 18403
623 10125
624 15169
625 4287
626 9322
627 6952
628 5921
629 25161
630 25736
631 4058
632 8230
633 32556
634 7755
635 2185
636 15981
637 7326
638 10596
639 22583
640 10943
641 15058
642 17797
643 16086
644 26645
645 18543
646 13
647 18526
648 30299
649 6722
650 7399
651 8734
652 8821
653 2863
654 1711
655 23119
656 6016
657 22638
658 2583
659 15855
660 5466
661 3572
662 24714
663 18637
664 28772
665 5934
666 19983
667 23520
668 16006
669 18421
670 22127
671 11740
672 21876
673 29119
674 19866
675 10759
676 32304
677 22802
678 18247
679 12617
680 465
681 7999
682 10715
683 29059
684 29570
685 29772
686 26764
687 18210
688 23501
689 9522
690 10438
691 23796
692 10522
693 23113
694 22221
695 32314
696 2418
697 6656
698 28069
699 20222
700 4489
701 25553
702 30255
703 24231
704 21756
705 30580
706 404
707 18634
708 21463
709 7251
710 8934
711 22595
712 24922
713 32063
714 11269
715 24709
716 26621
717 27745
718 12736
719 16686
720 11953
721 9075
722 6973
723 18399
724 873
725 21552
726 16539
727 25674
728 28377
729 7432
730 23765
731 25228
732 21885
733 13849
734 22250
735 8126
736 10718
737 27227
738 9787
739 27846
740 5137
741 12570
742 22068
743 4979
744 12928
745 31658
746 27950
747 12746
748 22509
749 2902
750 14996
751 24474
752 27315
753 25497
754 20549
755 21079
756 18767
757 11409
758 11066
759 29476
760 22560
761 6576
762 20329
763 6962
764 7275
765 10421
766 23273
767 27209
768 2210
769 19674
770 21590
771 27556
772 24038
773 23119
774 14455
775 32002
776 18122
777 17896
778 2846
779 11258
780 3930
781 3347
782 28496
783 32143
784 7772
785 23052
786 2726
787 21508
788 5077
789 14420
790 14323
791 26354
792 12495
793 27999
794 19751
795 407
796 27738
797 18828
798 30836
799 31601
800 22993
801 1371
802 30895
803 7947
804 17502
805 32475
806 13560
807 29464
808 9152
809 27489
810 30621
811 6590
812 20044
813 20863
814 20540
815 14900
816 3122
817 24372
818 24872
819 10383
820 28674
821 28769
822 7182
823 16345
824 6255
825 22908
826 12761
827 8804
828 16210
829 19080
830 14802
831 21597
832 14834
833 24133
834 21516
835 25764
836 20098
837 10660
838 19199
839 6107
840 747
841 24445
842 30835
843 18878
844 18636
845 23684
846 29088
847 30898
848 10943
849 12154
850 16019
851 12192
852 24287
853 29088
854 8403
855 16899
856 25223
857 881
858 11589
859 3648
860 860
861 400
862 15693
863 14903
864 31117
865 1536
866 31542
867 7703
868 30553
869 2451
870 3540
871 20854
872 20946
873 31141
874 10087
875 3745
876 9953
877 22025
878 31683
879 24624
880 9355
881 27460
882 25006
883 19678
884 21874
885 31993
886 9098
887 30104
888 5791
889 29861
890 17204
891 22996
892 6782
893 26765
894 13611
895 13860
896 7466
897 3828
898 22261
899 12555
900 11755
901 29072
902 9406
903 18959
904 12798
905 30015
906 29251
907 16143
908 1172
909 2551
910 10990
911 23511
912 22556
913 5883
914 23874
915 26610
916 15557
917 30549
918 5498
919 9919
920 28735
921 6784
922 19309
923 7624
924 23234
925 7525
926 26549
927 5454
928 23890
929 28553
930 9232
931 1833
932 21825
933 22660
934 19206
935 28623
936 30965
937 29109
938 6861
939 13746
940 29164
941 26676
942 20329
943 6863
944 22524
945 6920
946 6167
947 27779
948 29152
949 27034
950 31724
951 26017
952 24304
953 18026
954 29114
955 30403
956 3632
957 25089
958 12083
959 26845
960 9868
961 551
962 29521
963 3608
964 17506
965 22869
966 20469
967 29917
968 12353
969 29293
970 14030
971 20783
972 29425
973 1193
974 19836
975 4159
976 27315
977 17361
978 19701
979 19002
980 17865
981 178
982 28712
983 1638
984 1593
985 11723
986 13793
987 1389
988 29391
989 7241
990 31213
991 1529
992 6497
993 1334
994 10622
995 14208
996 18006
997 13037
998 5841
999 20322
1000 5481
1001 24273
1002 12301
1003 29745
1004 32683
1005 5950
1006 7535
1007 29519
1008 2759
1009 16832
1010 2724
1011 29887
1012 32138
1013 3459
1014 8054
1015 8501
1016 15779
1017 27147
1018 27563
1019 28271
1020 15015
1021 22053
1022 18986
1023 1480
1024 2648
1025 6942
1026 32608
1027 30987
1028 6694
1029 18482
1030 5858
1031 14725
1032 6646
1033 583
1034 17492
1035 1374
1036 1059
1037 31708
1038 19337
1039 16169
1040 26306
1041 10556
1042 13291
1043 25529
1044 21035
1045 1271
1046 19230
1047 4662
1048 4277
1049 30866
1050 15072
1051 23153
1052 3008
1053 15742
1054 13876
1055 17781
1056 505
1057 19015
1058 447
1059 19551
1060 29401
1061 8206
1062 23410
1063 12655
1064 25455
1065 3129
1066 1385
1067 28510
1068 24672
1069 12905
1070 30739
1071 13042
1072 24876
1073 29356
1074 32660
1075 4817
1076 28850
1077 32757
1078 18535
1079 31123
1080 16119
1081 15049
1082 8008
1083 30234
1084 35
1085 9274
1086 26705
1087 26150
1088 15564
1089 32025
1090 4451
1091 12068
1092 30583
1093 25960
1094 967
1095 31047
1096 19292
1097 4110
1098 22805
1099 8410
1100 26730
1101 24270
1102 22357
1103 20949
1104 4235
1105 31354
1106 30821
1107 430
1108 31273
1109 15204
1110 155
1111 15217
1112 15345
1113 30230
1114 26794
1115 29203
1116 9687
1117 67
1118 7882
1119 19716
1120 11098
1121 509
1122 25363
1123 8963
1124 17161
1125 26407
1126 17194
1127 5942
1128 24390
1129 1326
1130 31008
1131 3194
1132 25674
1133 18676
1134 12695
1135 25336
1136 16233
1137 269
1138 32039
1139 13305
1140 919
1141 6190
1142 28928
1143 32763
1144 12076
1145 21474
1146 15056
1147 771
1148 32484
1149 27519
1150 11239
1151 9014
1152 29226
1153 2905
1154 32665
1155 11683
1156 25750
1157 6197
1158 24803
1159 21860
1160 24756
1161 18177
1162 29522
1163 10469
1164 4103
1165 23746
1166 25377
1167 29059
1168 27725
1169 10957
1170 16545
1171 12633
1172 5637
1173 6970
1174 10974
1175 13142
1176 29743
1177 24982
1178 3456
1179 24979
1180 339
1181 9176
1182 30191
1183 21988
1184 27076
1185 12182
1186 17339
1187 22702
1188 24358
1189 3961
1190 14394
1191 16888
1192 17710
1193 5359
1194 10611
1195 28868
1196 7081
1197 10783
1198 23610
1199 19615
1200 18880
1201 34
1202 18845
1203 1399
1204 11898
1205 28016
1206 21375
1207 1453
1208 6786
1209 4248
1210 11395
1211 19051
1212 5931
1213 2869
1214 30508
1215 5688
1216 7857
1217 26909
1218 24642
1219 12745
1220 10690
1221 2011
1222 14455
1223 12058
1224 13884
1225 4704
1226 20810
1227 25278
1228 11065
1229 25845
1230 8492
1231 1908
1232 15945
1233 28020
1234 29409
1235 16378
1236 15870
1237 23480
1238 9258
1239 27430
1240 26030
1241 13906
1242 14241
1243 32306
1244 7796
1245 10109
1246 15844
1247 22872
1248 20856
1249 5717
1250 23029
1251 19102
1252 12144
1253 24643
1254 25825
1255 13044
1256 4455
1257 18108
1258 29856
1259 380
1260 22205
1261 25899
1262 19005
1263 31017
1264 25712
1265 17195
1266 27447
1267 29835
1268 10649
1269 22266
1270 27174
1271 7145
1272 19770
1273 3114
1274 8865
1275 16785
1276 26934
1277 8858
1278 27744
1279 22636
1280 30369
1281 31141
1282 2462
1283 14549
1284 20282
1285 7065
1286 21697
1287 10155
1288 26678
1289 7531
1290 28989
1291 21413
1292 10816
1293 9897
1294 950
1295 15590
1296 2749
1297 13743
1298 13669
1299 15058
1300 19028
1301 29726
1302 1724
1303 5151
1304 31918
1305 12170
1306 13645
1307 23855
1308 15738
1309 19059
1310 14568
1311 4253
1312 14005
1313 14711
1314 7171
1315 5654
1316 23592
1317 24773
1318 13151
1319 11114
1320 50
1321 26069
1322 30953
1323 25570
1324 9671
1325 18775
1326 3551
1327 12757
1328 13241
1329 23913
1330 10291
1331 11894
1332 27958
1333 27660
1334 28468
1335 5104
1336 21395
1337 8665
1338 2923
1339 7605
1340 21831
1341 4336
1342 28099
1343 17170
1344 28219
1345 24626
1346 4590
1347 8
1348 7489
1349 31408
1350 16387
1351 8279
1352 21217
1353 21346
1354 4460
1355 16603
1356 15708
1357 4381
1358 15615
1359 31515
1360 5611
1361 14015
1362 28267
1363 28448
1364 21320
1365 7085
1366 11478
1367 8067
1368 25967
1369 18559
1370 5316
1371 21450
1372 24230
1373 3065
1374 26939
1375 29941
1376 11707
1377 23613
1378 16421
1379 6227
1380 19853
1381 22592
1382 19957
1383 11418
1384 3533
1385 32123
1386 5261
1387 32055
1388 22790
1389 26083
1390 31071
1391 32739
1392 7131
1393 8730
1394 1747
1395 8311
1396 12689
1397 999
1398 23785
1399 32513
1400 31181
1401 27876
1402 5408
1403 21527
1404 31646
1405 30070
1406 7574
1407 28523
1408 14781
1409 2
1410 20336
1411 1184
1412 7188
1413 3166
1414 17532
1415 14940
1416 4734
1417 24454
1418 12309
1419 12191
1420 21710
1421 21393
1422 16200
1423 27475
1424 25618
1425 25571
1426 17461
1427 27172
1428 12569
1429 18851
1430 12471
1431 16017
1432 3122
1433 15472
1434 9287
1435 30531
1436 16951
1437 11087
1438 4381
1439 16286
1440 2762
1441 488
1442 15513
1443 28311
1444 11231
1445 19955
1446 7906
1447 30661
1448 30331
1449 22765
1450 26061
1451 29370
1452 186
1453 2575
1454 7936
1455 11411
1456 16663
1457 9344
1458 19799
1459 30670
1460 28392
1461 13770
1462 28038
1463 11868
1464 19496
1465 18571
1466 11776
1467 6647
1468 15481
1469 12141
1470 24088
1471 14006
1472 19817
1473 31831
1474 22630
1475 991
1476 5109
1477 30693
1478 27757
1479 22268
1480 844
1481 11542
1482 2938
1483 25905
1484 8405
1485 23877
1486 15567
1487 30412
1488 14706
1489 28763
1490 7425
1491 31006
1492 31751
1493 13634
1494 27807
1495 25226
1496 7478
1497 1693
1498 29204
1499 7387
1500 26733
1501 10166
1502 13007
1503 27098
1504 25123
1505 28087
1506 18337
1507 30241
1508 24414
1509 2334
1510 20582
1511 3626
1512 13945
1513 875
1514 19175
1515 10667
1516 27940
1517 17691
1518 20735
1519 16678
1520 1964
1521 14298
1522 509
1523 8635
1524 23933
1525 22773
1526 6986
1527 13122
1528 5861
1529 20494
1530 1100
1531 25750
1532 14362
1533 24083
1534 20873
1535 12851
1536 23935
1537 14449
1538 784
1539 31492
1540 3363
1541 9348
1542 533
1543 6006
1544 16778
1545 26450
1546 8667
1547 26321
1548 4529
1549 23930
1550 10199
1551 18120
1552 6732
1553 20327
1554 7954
1555 10575
1556 3154
1557 21961
1558 31439
1559 15532
1560 1211
1561 25158
1562 19566
1563 22993
1564 4489
1565 16492
1566 4240
1567 11497
1568 2053
1569 8939
1570 22396
1571 19505
1572 4171
1573 4353
1574 19649
1575 12553
1576 2568
1577 18485
1578 25117
1579 18251
1580 11907
1581 26184
1582 8606
1583 1755
1584 5082
1585 28521
1586 27399
1587 19327
1588 30094
1589 1192
1590 8309
1591 24305
1592 26178
1593 24237
1594 1602
1595 26931
1596 20160
1597 24746
1598 23082
1599 15139
1600 24125
1601 22414
1602 26028
1603 10063
1604 20446
1605 14716
1606 4019
1607 23818
1608 10619
1609 31099
1610 12662
1611 31168
1612 22434
1613 17263
1614 12957
1615 17542
1616 19167
1617 13384
1618 12453
1619 18421
1620 31290
1621 25209
1622 13701
1623 15929
1624 28418
1625 19115
1626 16786
1627 869
1628 15817
1629 29875
1630 11424
1631 521
1632 4272
1633 25794
1634 8810
1635 19975
1636 9957
1637 11484
1638 15924
1639 24994
1640 28009
1641 12940
1642 2478
1643 12504
1644 5399
1645 31957
1646 25372
1647 1778
1648 18914
1649 7787
1650 3764
1651 25177
1652 28510
1653 4132
1654 30535
1655 17067
1656 1666
1657 4009
1658 25124
1659 7438
1660 8364
1661 22129
1662 6714
1663 27333
1664 997
1665 15600
1666 22140
1667 1537
1668 25702
1669 7691
1670 24458
1671 18681
1672 22364
1673 3792
1674 14477
1675 9020
1676 25321
1677 15972
1678 20322
1679 6470
1680 20331
1681 4668
1682 30716
1683 25170
1684 7680
1685 21136
1686 14083
1687 6256
1688 18506
1689 31501
1690 8129
1691 11991
1692 11631
1693 971
1694 18751
1695 8828
1696 20580
1697 13950
1698 7851
1699 6372
1700 19308
1701 25584
1702 3837
1703 24886
1704 7387
1705 3503
1706 24539
1707 2964
1708 12576
1709 22530
1710 10169
1711 2731
1712 19970
1713 22562
1714 13124
1715 5001
1716 17194
1717 4775
1718 23041
1719 12207
1720 994
1721 15937
1722 1585
1723 13672
1724 3612
1725 7848
1726 29689
1727 6745
1728 17078
1729 3030
1730 27583
1731 21592
1732 4860
1733 31091
1734 31703
1735 15490
1736 10095
1737 4753
1738 30047
1739 10375
1740 25541
1741 15769
1742 12391
1743 11849
1744 27696
1745 7301
1746 23382
1747 17830
1748 4067
1749 23888
1750 22920
1751 15505
1752 15571
1753 28331
1754 30012
1755 12648
1756 24762
1757 27890
1758 26798
1759 1921
1760 23394
1761 23390
1762 640
1763 2567
1764 26144
1765 32124
1766 26974
1767 12548
1768 5278
1769 25822
1770 17122
1771 15550
1772 21214
1773 1808
1774 16821
1775 6983
1776 1148
1777 28621
1778 24312
1779 19536
1780 10548
1781 25459
1782 17122
1783 14142
1784 10915
1785 1461
1786 8362
1787 10112
1788 14162
1789 22672
1790 2471
1791 25375
1792 20208
1793 10112
1794 31670
1795 3990
1796 25567
1797 13043
1798 11996
1799 22757
1800 13811
1801 12286
1802 26156
1803 3809
1804 19062
1805 28751
1806 18411
1807 11470
1808 9583
1809 18019
1810 243
1811 32559
1812 10275
1813 31225
1814 14165
1815 23517
1816 14557
1817 24774
1818 4162
1819 8279
1820 6123
1821 28522
1822 19756
1823 27225
1824 1513
1825 22179
1826 17448
1827 16048
1828 8002
1829 192
1830 14231
1831 4684
1832 4339
1833 857
1834 20741
1835 27031
1836 2706
1837 22846
1838 17233
1839 517
1840 4495
1841 30893
1842 22542
1843 14828
1844 6587
1845 6600
1846 27690
1847 10903
1848 1798
1849 16709
1850 8141
1851 10390
1852 31885
1853 25448
1854 15748
1855 7767
1856 7380
1857 13102
1858 7327
1859 29947
1860 8015
1861 29132
1862 728
1863 32610
1864 24360
1865 21079
1866 18741
1867 7048
1868 18236
1869 17861
1870 18479
1871 32277
1872 16231
1873 17172
1874 20243
1875 23599
1876 32513
1877 24521
1878 10921
1879 26515
1880 26792
1881 19612
1882 32532
1883 20708
1884 21312
1885 2674
1886 30969
1887 17474
1888 25657
1889 27531
1890 6627
1891 5151
1892 24336
1893 13565
1894 9190
1895 1614
1896 3609
1897 29793
1898 26755
1899 30557
1900 10363
1901 24012
1902 32460
1903 18469
1904 22908
1905 17921
1906 9416
1907 18847
1908 19711
1909 3300
1910 20505
1911 6906
1912 25930
1913 3122
1914 12764
1915 11754
1916 32269
1917 24176
1918 12753
1919 25922
1920 24736
1921 4641
1922 9404
1923 453
1924 19853
1925 7484
1926 16907
1927 20793
1928 16206
1929 9437
1930 7352
1931 21438
1932 19032
1933 27963
1934 9073
1935 19294
1936 15960
1937 1498
1938 27639
1939 27109
1940 27836
1941 1538
1942 19908
1943 4339
1944 14453
1945 28015
1946 4080
1947 22607
1948 21243
1949 32074
1950 11861
1951 20094
1952 19090
1953 7512
1954 31218
1955 10133
1956 19917
1957 8562
1958 6285
1959 20043
1960 18512
1961 821
1962 10140
1963 2898
1964 15577
1965 25594
1966 1638
1967 14056
1968 130
1969 27400
1970 2918
1971 10409
1972 15168
1973 21513
1974 10480
1975 22951
1976 20912
1977 16827
1978 17687
1979 27836
1980 7187
1981 10472
1982 18637
1983 4383
1984 3734
1985 26520
1986 10828
1987 29494
1988 14040
1989 23685
1990 30389
1991 12203
1992 12966
1993 4815
1994 7927
1995 31938
1996 1033
1997 22001
1998 3059
1999 32234
2000 26242
2001 16884
2002 15838
2003 30098
2004 2452
2005 9187
2006 31462
2007 18749
2008 21635
2009 15998
2010 20760
2011 3033
2012 5980
2013 18226
2014 28545
2015 588
2016 19765
2017 12105
2018 6803
2019 22097
2020 21430
2021 3423
2022 16331
2023 27522
2024 15320
2025 15125
2026 27793
2027 2741
2028 6125
2029 31497
2030 11360
2031 22412
2032 27361
2033 15109
2034 4646
2035 17480
2036 7359
2037 18038
2038 28910
2039 30686
2040 6262
2041 32032
2042 1980
2043 23117
2044 30430
2045 25105
2046 9400
2047 15150
2048 23286
2049 5843
2050 911
2051 18061
2052 25456
2053 5862
2054 27415
2055 15351
2056 21871
2057 18285
2058 20018
2059 7124
2060 25743
2061 12072
2062 29684
2063 16120
2064 15398
2065 27298
2066 27400
2067 3188
2068 11721
2069 12460
2070 19535
2071 16818
2072 10514
2073 31497
2074 4299
2075 193
2076 24737
2077 10091
2078 32444
2079 6381
2080 16481
2081 9375
2082 29192
2083 15763
2084 6412
2085 4
2086 992
2087 7987
2088 9458
2089 26433
2090 21921
2091 6855
2092 18934
2093 29239
2094 760
2095 29523
2096 15577
2097 18741
2098 32586
2099 18878
2100 27067
2101 31595
2102 25171
2103 18144
2104 17886
2105 6562
2106 26637
2107 11228
2108 28334
2109 26922
2110 10195
2111 15536
2112 14846
2113 17171
2114 18118
2115 14602
2116 7061
2117 29600
2118 10608
2119 22366
2120 1001
2121 11768
2122 26791
2123 30261
2124 7210
2125 26655
2126 3508
2127 30664
2128 898
2129 13093
2130 22965
2131 31693
2132 29084
2133 25501
2134 7232
2135 27537
2136 25187
2137 7761
2138 23881
2139 3143
2140 12044
2141 7476
2142 24134
2143 2975
2144 14422
2145 16536
2146 13968
2147 15003
2148 1552
2149 16545
2150 3853
2151 27295
2152 32732
2153 4858
2154 16652
2155 8391
2156 9012
2157 22726
2158 23664
2159 4988
2160 23210
2161 26842
2162 22801
2163 9802
2164 23156
2165 18985
2166 30559
2167 22508
2168 9767
2169 12927
2170 5193
2171 22185
2172 9155
2173 23923
2174 29789
2175 12004
2176 24560
2177 20375
2178 18992
2179 18414
2180 26503
2181 23025
2182 31744
2183 8990
2184 23124
2185 29103
2186 27800
2187 4388
2188 6939
2189 12310
2190 19316
2191 20890
2192 16600
2193 3772
2194 12326
2195 20700
2196 11595
2197 13303
2198 1272
2199 30746
2200 27828
2201 25493
2202 1235
2203 17323
2204 17116
2205 26573
2206 20575
2207 5028
2208 2388
2209 1654
2210 24172
2211 27306
2212 17153
2213 22135
2214 19345
2215 3844
2216 2265
2217 2431
2218 19730
2219 16884
2220 13287
2221 32246
2222 19207
2223 328
2224 26773
2225 11571
2226 26043
2227 1836
2228 26410
2229 18927
2230 27219
2231 31810
2232 17810
2233 8953
2234 31408
2235 4085
2236 30302
2237 7724
2238 27798
2239 27402
2240 16651
2241 24479
2242 9229
2243 12407
2244 3975
2245 28955
2246 27911
2247 121
2248 13553
2249 32210
2250 6212
2251 12769
2252 4512
2253 30285
2254 24435
2255 13742
2256 14440
2257 12455
2258 21658
2259 22753
2260 31000
2261 22777
2262 24759
2263 22669
2264 29767
2265 17941
2266 5544
2267 31790
2268 7249
2269 1655
2270 22344
2271 10811
2272 18332
2273 14712
2274 8155
2275 11007
2276 14368
2277 2245
2278 25516
2279 3492
2280 15398
2281 22032
2282 22516
2283 25489
2284 19535
2285 28933
2286 8446
2287 17910
2288 19161
2289 27008
2290 11145
2291 22948
2292 18462
2293 20989
2294 13678
2295 17699
2296 28765
2297 1616
2298 18818
2299 19710
2300 1725
2301 19094
2302 12990
2303 2658
2304 4495
2305 22123
2306 10909
2307 28647
2308 7124
2309 8285
2310 18118
2311 4270
2312 12287
2313 32161
2314 27115
2315 23980
2316 28668
2317 27141
2318 15345
2319 19781
2320 28272
2321 3110
2322 27985
2323 8477
2324 11587
2325 18915
2326 18878
2327 15915
2328 25948
2329 273
2330 24072
2331 19215
2332 31659
2333 14448
2334 13632
2335 2213
2336 18285
2337 23774
2338 28957
2339 6362
2340 3499
2341 24267
2342 16798
2343 10174
2344 22020
2345 17389
2346 32753
2347 10971
2348 31917
2349 309
2350 28820
2351 10950
2352 9654
2353 12545
2354 28858
2355 19187
2356 30095
2357 31123
2358 4848
2359 973
2360 13002
2361 14274
2362 28416
2363 17158
2364 13602
2365 16879
2366 10517
2367 26156
2368 17853
2369 22331
2370 29729
2371 17278
2372 21678
2373 3831
2374 4988
2375 13565
2376 10174
2377 23645
2378 8142
2379 22982
2380 26220
2381 31357
2382 4910
2383 414
2384 10034
2385 21625
2386 24715
2387 30415
2388 25098
2389 15861
2390 6731
2391 6707
2392 27697
2393 4042
2394 27699
2395 1422
2396 24875
2397 31994
2398 27783
2399 10272
2400 7431
2401 13289
2402 2162
2403 4475
2404 11236
2405 8138
2406 4007
2407 24211
2408 21172
2409 24151
2410 9033
2411 32020
2412 5440
2413 15813
2414 3081
2415 14584
2416 23917
2417 22263
2418 15246
2419 18520
2420 10173
2421 6130
2422 32025
2423 18818
2424 22808
2425 21137
2426 6505
2427 26445
2428 8653
2429 9081
2430 29148
2431 6057
2432 4564
2433 17744
2434 22232
2435 10362
2436 16982
2437 9258
2438 7529
2439 3751
2440 14446
2441 17732
2442 14379
2443 11117
2444 25906
2445 22261
2446 22379
2447 31738
2448 26349
2449 31969
2450 21641
2451 26423
2452 28591
2453 11376
2454 27808
2455 7653
2456 29960
2457 11647
2458 3689
2459 16619
2460 3344
2461 4949
2462 16221
2463 16878
2464 7338
2465 16856
2466 23578
2467 12835
2468 15114
2469 21248
2470 14344
2471 29537
2472 28277
2473 28813
2474 24636
2475 32635
2476 9800
2477 30197
2478 1437
2479 14796
2480 5692
2481 28321
2482 21061
2483 32531
2484 22248
2485 17496
2486 11818
2487 26498
2488 28552
2489 12796
2490 14077
2491 28433
2492 11516
2493 20084
2494 28498
2495 30744
2496 27156
2497 17385
2498 26882
2499 23581
2500 11530
2501 1845
2502 28365
2503 32490
2504 15952
2505 9112
2506 28996
2507 6115
2508 7308
2509 28333
2510 15079
2511 9623
2512 29154
2513 14493
2514 12170
2515 16277
2516 28273
2517 19603
2518 6909
2519 14977
2520 11296
2521 21872
2522 21227
2523 21095
2524 32666
2525 31423
2526 12291
2527 20302
2528 23191
2529 18923
2530 8790
2531 22545
2532 9054
2533 16303
2534 25856
2535 26474
2536 9607
2537 1487
2538 5387
2539 5968
2540 6
2541 14598
2542 12176
2543 13955
2544 13413
2545 19263
2546 15135
2547 23653
2548 15185
2549 22024
2550 8289
2551 28427
2552 16984
2553 28995
2554 30204
2555 20372
2556 30449
2557 25118
2558 17335
2559 8377
2560 701
2561 13894
2562 223
2563 23462
2564 7436
2565 8024
2566 20969
2567 9992
2568 21923
2569 8857
2570 18776
2571 9320
2572 31933
2573 28902
2574 12258
2575 10167
2576 19535
2577 31470
2578 6094
2579 3370
2580 13968
2581 5534
2582 16288
2583 8520
2584 32185
2585 17117
2586 2040
2587 20289
2588 30985
2589 29306
2590 184
2591 2433
2592 11021
2593 20322
2594 20837
2595 8325
2596 3358
2597 27927
2598 208
2599 31725
2600 13355
2601 26973
2602 24565
2603 27091
2604 12985
2605 22071
2606 7203
2607 30812
2608 23591
2609 17
2610 15453
2611 3468
2612 19767
2613 25663
2614 3585
2615 12639
2616 24010
2617 27558
2618 17575
2619 15893
2620 24555
2621 15801
2622 20812
2623 27341
2624 20495
2625 16296
2626 13488
2627 25685
2628 23195
2629 5075
2630 20732
2631 26689
2632 23207
2633 11653
2634 32424
2635 5690
2636 13826
2637 19679
2638 26780
2639 27545
2640 14966
2641 30482
2642 29589
2643 7477
2644 24653
2645 16082
2646 13515
2647 17272
2648 5651
2649 28935
2650 15313
2651 3257
2652 31134
2653 31173
2654 13244
2655 27077
2656 8780
2657 5502
2658 8071
2659 26815
2660 24716
2661 8822
2662 13750
2663 12843
2664 5792
2665 9848
2666 7994
2667 23621
2668 3745
2669 23752
2670 7573
2671 2199
2672 29123
2673 24664
2674 23614
2675 32714
2676 17626
2677 17982
2678 28999
2679 16317
2680 3613
2681 15462
2682 20797
2683 12244
2684 2090
2685 132
2686 14928
2687 28563
2688 1611
2689 17229
2690 23219
2691 29547
2692 28152
2693 19431
2694 13894
2695 25555
2696 27037
2697 28574
2698 3955
2699 29339
2700 14493
2701 12760
2702 22357
2703 6781
2704 16534
2705 8267
2706 26912
2707 31990
2708 17383
2709 16237
2710 5309
2711 21076
2712 24943
2713 6956
2714 15540
2715 8207
2716 16792
2717 20448
2718 2895
2719 10588
2720 5268
2721 8062
2722 765
2723 19968
2724 17895
2725 26382
2726 28148
2727 19298
2728 2342
2729 2143
2730 28954
2731 5093
2732 9214
2733 7161
2734 17958
2735 12404
2736 6519
2737 32595
2738 24834
2739 24671
2740 6778
2741 4934
2742 1140
2743 27493
2744 24466
2745 16066
2746 2558
2747 23058
2748 20463
2749 2496
2750 24835
2751 2123
2752 6576
2753 25719
2754 2346
2755 17959
2756 8034
2757 28371
2758 3080
2759 31488
2760 24259
2761 21539
2762 14841
2763 32458
2764 13516
2765 3858
2766 11854
2767 7588
2768 8943
2769 10712
2770 24238
2771 31149
2772 31134
2773 20145
2774 14774
2775 16153
2776 3084
2777 15502
2778 6371
2779 24196
2780 20791
2781 29707
2782 2482
2783 16773
2784 5670
2785 12450
2786 12805
2787 11655
2788 9583
2789 542
2790 21449
2791 18644
2792 2045
2793 6738
2794 13270
2795 30195
2796 17168
2797 8970
2798 26646
2799 31028
2800 14213
2801 12354
2802 20714
2803 7305
2804 1624
2805 8854
2806 16841
2807 17815
2808 7783
2809 3578
2810 7467
2811 12813
2812 22393
2813 30891
2814 26533
2815 20021
2816 15998
2817 1638
2818 5717
2819 22985
2820 30489
2821 25559
2822 7296
2823 20231
2824 22107
2825 1620
2826 31866
2827 16391
2828 6866
2829 5067
2830 24518
2831 7757
2832 26050
2833 1785
2834 31359
2835 8347
2836 22962
2837 25565
2838 15862
2839 15112
2840 554
2841 4205
2842 7837
2843 23894
2844 26812
2845 9607
2846 28964
2847 27521
2848 31553
2849 19498
2850 8929
2851 9364
2852 10085
2853 31462
2854 20853
2855 27584
2856 20326
2857 10129
2858 1453
2859 10159
2860 31768
2861 16700
2862 5542
2863 11286
2864 28717
2865 1637
2866 29237
2867 24970
2868 179
2869 2927
2870 25477
2871 8084
2872 22238
2873 1359
2874 30978
2875 27911
2876 32520
2877 11399
2878 12406
2879 6801
2880 26870
2881 19544
2882 6258
2883 27537
2884 15709
2885 21043
2886 29168
2887 16680
2888 11428
2889 29042
2890 5430
2891 31635
2892 6892
2893 12101
2894 7678
2895 1464
2896 19790
2897 27375
2898 8915
2899 16126
2900 31843
2901 13874
2902 31678
2903 14178
2904 28682
2905 4615
2906 23586
2907 29128
2908 2149
2909 25491
2910 17381
2911 8334
2912 22565
2913 13655
2914 3024
2915 4199
2916 13320
2917 6311
2918 4409
2919 13671
2920 23455
2921 15197
2922 17631
2923 3674
2924 8021
2925 1486
2926 8469
2927 21082
2928 10157
2929 21757
2930 19235
2931 7329
2932 16843
2933 9487
2934 25577
2935 2715
2936 21814
2937 16383
2938 19397
2939 63
2940 26332
2941 17555
2942 23991
2943 1696
2944 19799
2945 6543
2946 26051
2947 30911
2948 31342
2949 8488
2950 22167
2951 29348
2952 32223
2953 16571
2954 622
2955 13997
2956 9564
2957 4287
2958 23348
2959 32037
2960 24019
2961 18681
2962 32235
2963 25112
2964 14834
2965 15598
2966 3405
2967 25958
2968 16875
2969 31902
2970 8115
2971 12567
2972 28788
2973 28015
2974 17461
2975 6638
2976 274
2977 28520
2978 25363
2979 3649
2980 29592
2981 25247
2982 32084
2983 26376
2984 26858
2985 8437
2986 4012
2987 20275
2988 15623
2989 16384
2990 7331
2991 13633
2992 583
2993 12105
2994 8692
2995 31502
2996 16865
2997 1720
2998 32051
2999 22508
3000 9647
3001 6476
3002 947
3003 8438
3004 28470
3005 8207
3006 20903
3007 27553
3008 24545
3009 4426
3010 5255
3011 16020
3012 30349
3013 30709
3014 21686
3015 17594
3016 9802
3017 24433
3018 609
3019 13973
3020 27232
3021 10106
3022 18858
3023 28117
3024 23441
3025 21591
3026 29190
3027 22313
3028 10910
3029 12115
3030 19683
3031 13909
3032 9229
3033 19313
3034 30607
3035 28805
3036 8488
3037 16988
3038 29781
3039 20704
3040 2633
3041 15773
3042 24297
3043 31585
3044 20053
3045 8208
3046 16390
3047 482
3048 29575
3049 25497
3050 17493
3051 20346
3052 9583
3053 32531
3054 23185
3055 24073
3056 25658
3057 26761
3058 31977
3059 27153
3060 14643
3061 1961
3062 10661
3063 6344
3064 5258
3065 11381
3066 20237
3067 17515
3068 14420
3069 24124
3070 11910
3071 25300
3072 21716
3073 5833
3074 31487
3075 14927
3076 14841
3077 15834
3078 13963
3079 22698
3080 16935
3081 30932
3082 4943
3083 139
3084 23099
3085 8884
3086 23455
3087 262
3088 19145
3089 73
3090 9572
3091 11119
3092 9895
3093 1185
3094 21697
3095 23405
3096 688
3097 14785
3098 12790
3099 17744
3100 23234
3101 8600
3102 5764
3103 32421
3104 18441
3105 9014
3106 30098
3107 29959
3108 27776
3109 22586
3110 17295
3111 18232
3112 14260
3113 20105
3114 281
3115 13424
3116 26828
3117 4678
3118 27933
3119 5620
3120 29126
3121 5118
3122 8768
3123 5867
3124 8195
3125 16162
3126 9086
3127 7789
3128 11782
3129 21691
3130 7185
3131 8158
3132 8825
3133 24153
3134 22165
3135 17786
3136 8304
3137 19788
3138 12137
3139 10544
3140 3314
3141 6679
3142 1624
3143 4020
3144 11702
3145 30754
3146 29561
3147 22992
3148 9514
3149 29103
3150 17235
3151 8187
3152 28601
3153 15
3154 32325
3155 11308
3156 17998
3157 29718
3158 32550
3159 17904
3160 2580
3161 17100
3162 23848
3163 1211
3164 7553
3165 2661
3166 11522
3167 7291
3168 20114
3169 25460
3170 23886
3171 22643
3172 13912
3173 21083
3174 12847
3175 14407
3176 12723
3177 27910
3178 9272
3179 25427
3180 22366
3181 2265
3182 9865
3183 26177
3184 3883
3185 1254
3186 6203
3187 28379
3188 11920
3189 1124
3190 25855
3191 31261
3192 15971
3193 11612
3194 6401
3195 10383
3196 19938
3197 16294
3198 27667
3199 11474
3200 30454
3201 6164
3202 2055
3203 2168
3204 30649
3205 29677
3206 3676
3207 2841
3208 1333
3209 2205
3210 8478
3211 18338
3212 15215
3213 17322
3214 29447
3215 29681
3216 20132
3217 18154
3218 8938
3219 26271
3220 25042
3221 29940
3222 26194
3223 10013
3224 9850
3225 8660
3226 18278
3227 17411
3228 10660
3229 15363
3230 31247
3231 25508
3232 29221
3233 406
3234 3165
3235 17126
3236 21533
3237 5557
3238 30247
3239 5713
3240 7619
3241 2639
3242 19442
3243 357
3244 357
3245 12812
3246 6420
3247 6193
3248 24746
3249 20099
3250 9498
3251 7969
3252 23835
3253 28334
3254 10342
3255 32024
3256 20961
3257 4506
3258 13341
3259 5054
3260 6864
3261 24931
3262 20800
3263 29212
3264 19621
3265 6752
3266 6936
3267 5478
3268 17036
3269 29339
3270 22744
3271 11287
3272 9446
3273 5508
3274 23166
3275 3907
3276 19784
3277 2022
3278 7418
3279 26153
3280 11207
3281 2073
3282 31122
3283 10249
3284 4467
3285 15994
3286 25733
3287 28725
3288 1057
3289 21016
3290 32494
3291 22633
3292 32622
3293 13744
3294 32748
3295 19807
3296 18176
3297 16604
3298 14592
3299 4511
3300 11791
3301 27015
3302 14774
3303 25237
3304 30756
3305 12708
3306 22152
3307 29669
3308 14113
3309 7455
3310 5887
3311 13571
3312 19074
3313 17428
3314 20251
3315 5374
3316 25570
3317 21824
3318 26613
3319 14492
3320 13505
3321 7349
3322 7075
3323 22188
3324 10628
3325 25297
3326 10332
3327 11928
3328 21949
3329 14192
3330 16092
3331 19770
3332 30125
3333 32097
3334 12298
3335 5104
3336 10504
3337 18967
3338 7641
3339 13811
3340 19191
3341 28065
3342 13164
3343 8164
3344 2915
3345 14045
3346 10365
3347 32168
3348 11633
3349 18408
3350 5119
3351 21110
3352 3913
3353 3800
3354 20994
3355 22318
3356 24348
3357 13998
3358 216
3359 4845
3360 8549
3361 9350
3362 22902
3363 25054
3364 27759
3365 21777
3366 26396
3367 24147
3368 32023
3369 11845
3370 25145
3371 24596
3372 2259
3373 6483
3374 12937
3375 1526
3376 28915
3377 30938
3378 23680
3379 32176
3380 15143
3381 20314
3382 24043
3383 32235
3384 29506
3385 10731
3386 15829
3387 9880
3388 23101
3389 9007
3390 21415
3391 15238
3392 1663
3393 4741
3394 2452
3395 27956
3396 22875
3397 15231
3398 7732
3399 9188
3400 28123
3401 4503
3402 10607
3403 240
3404 25788
3405 25629
3406 26781
3407 2657
3408 12729
3409 1652
3410 5611
3411 13502
3412 19981
3413 18558
3414 20225
3415 16162
3416 29747
3417 21333
3418 20194
3419 5521
3420 18672
3421 15932
3422 32531
3423 11660
3424 5523
3425 28629
3426 9215
3427 4323
3428 30588
3429 8084
3430 10394
3431 2763
3432 10459
3433 2931
3434 19781
3435 11056
3436 18106
3437 13799
3438 15858
3439 5197
3440 14398
3441 16403
3442 21384
3443 18041
3444 6953
3445 13372
3446 1161
3447 24132
3448 22948
3449 21630
3450 18674
3451 30914
3452 19772
3453 16829
3454 30050
3455 12839
3456 4906
3457 3806
3458 20863
3459 29332
3460 30167
3461 5174
3462 28053
3463 32049
3464 3999
3465 5954
3466 31617
3467 30076
3468 2773
3469 6809
3470 11982
3471 20193
3472 8968
3473 27168
3474 26653
3475 23178
3476 19333
3477 14205
3478 12234
3479 26488
3480 7965
3481 23246
3482 17356
3483 10451
3484 32041
3485 2970
3486 15581
3487 22142
3488 30667
3489 9735
3490 3804
3491 15343
3492 30582
3493 20558
3494 26735
3495 10558
3496 14256
3497 5229
3498 13804
3499 31355
3500 278
3501 16924
3502 19322
3503 10565
3504 17569
3505 11521
3506 31347
3507 7320
3508 31785
3509 6951
3510 5645
3511 10983
3512 29735
3513 30637
3514 11066
3515 619
3516 25279
3517 7611
3518 28620
3519 27578
3520 28670
3521 20410
3522 11485
3523 6811
3524 4960
3525 11973
3526 10350
3527 281
3528 27285
3529 18010
3530 21070
3531 22742
3532 28036
3533 86
3534 14398
3535 22178
3536 9105
3537 5408
3538 1362
3539 15436
3540 15899
3541 19492
3542 4250
3543 15544
3544 15433
3545 8323
3546 16130
3547 26162
3548 31751
3549 7688
3550 15479
3551 1794
3552 23627
3553 2655
3554 20555
3555 16449
3556 21661
3557 11905
3558 20699
3559 15083
3560 9686
3561 21619
3562 31343
3563 13109
3564 2088
3565 19760
3566 11617
3567 20000
3568 31326
3569 4836
3570 22402
3571 27982
3572 5733
3573 23386
3574 3257
3575 29972
3576 3852
3577 11960
3578 4845
3579 14546
3580 15112
3581 22122
3582 25893
3583 383
3584 20795
3585 14428
3586 29166
3587 25224
3588 14902
3589 29292
3590 6398
3591 20699
3592 6908
3593 18975
3594 11286
3595 12350
3596 32008
3597 17554
3598 30509
3599 19174
3600 14226
3601 31412
3602 5066
3603 26437
3604 32271
3605 32179
3606 2994
3607 28707
3608 14327
3609 24500
3610 3779
3611 25328
3612 1482
3613 13511
3614 16416
3615 30809
3616 5973
3617 8218
3618 24206
3619 15129
3620 14130
3621 16749
3622 19486
3623 274
3624 12174
3625 5829
3626 14605
3627 31388
3628 27694
3629 9829
3630 30184
3631 19485
3632 32180
3633 1274
3634 12531
3635 26074
3636 25119
3637 3094
3638 8908
3639 3596
3640 13970
3641 21727
3642 28236
3643 20791
3644 13910
3645 19209
3646 14254
3647 19639
3648 11041
3649 27649
3650 14067
3651 1947
3652 12953
3653 1643
3654 18820
3655 19895
3656 32020
3657 3535
3658 18202
3659 16629
3660 27042
3661 22159
3662 7643
3663 5356
3664 9037
3665 19997
3666 31174
3667 10420
3668 9119
3669 874
3670 31568
3671 29432
3672 15973
3673 5026
3674 16719
3675 29772
3676 6835
3677 20246
3678 18968
3679 9153
3680 15656
3681 10874
3682 28644
3683 2487
3684 1907
3685 20560
3686 1145
3687 31987
3688 20758
3689 26276
3690 20486
3691 13810
3692 32106
3693 23802
3694 30542
3695 11388
3696 13028
3697 22149
3698 3336
3699 29564
3700 6038
3701 1177
3702 21126
3703 1806
3704 14073
3705 1379
3706 27542
3707 16602
3708 29929
3709 6872
3710 2470
3711 26273
3712 12785
3713 19947
3714 21035
3715 1813
3716 1225
3717 20995
3718 1091
3719 6382
3720 11549
3721 15532
3722 8600
3723 4154
3724 9104
3725 25996
3726 7816
3727 24052
3728 27393
3729 666
3730 23940
3731 3545
3732 1805
3733 21642
3734 31158
3735 30327
3736 15317
3737 30603
3738 9447
3739 12167
3740 31489
3741 11317
3742 7327
3743 17020
3744 8709
3745 11453
3746 31374
3747 18780
3748 28066
3749 25196
3750 25642
3751 28623
3752 18096
3753 3919
3754 23962
3755 2678
3756 19484
3757 16431
3758 17363
3759 14461
3760 15917
3761 6851
3762 12801
3763 17268
3764 12043
3765 23589
3766 22056
3767 12634
3768 7297
3769 7043
3770 30987
3771 15611
3772 22274
3773 9495
3774 15693
3775 10365
3776 23018
3777 345
3778 22998
3779 7733
3780 30983
3781 31859
3782 21368
3783 5055
3784 1880
3785 16885
3786 31186
3787 25421
3788 23316
3789 24778
3790 11125
3791 3903
3792 21230
3793 19307
3794 9542
3795 25588
3796 16536
3797 10322
3798 24868
3799 27616
3800 23686
3801 1714
3802 18378
3803 27103
3804 9972
3805 19301
3806 14838
3807 19913
3808 23082
3809 27173
3810 13515
3811 22343
3812 20991
3813 16128
3814 5491
3815 23269
3816 3228
3817 7174
3818 16394
3819 23912
3820 10370
3821 24389
3822 11703
3823 31073
3824 975
3825 9463
3826 9756
3827 17154
3828 24764
3829 27129
3830 10225
3831 7729
3832 13163
3833 12927
3834 17643
3835 15067
3836 31968
3837 2311
3838 29923
3839 11147
3840 22349
3841 27019
3842 9268
3843 19003
3844 6034
3845 27899
3846 357
3847 24426
3848 10244
3849 18666
3850 19976
3851 16238
3852 109
3853 30600
3854 14049
3855 21004
3856 24405
3857 7120
3858 30539
3859 14406
3860 10368
3861 30210
3862 19416
3863 1140
3864 3256
3865 31828
3866 30776
3867 14486
3868 24269
3869 27620
3870 25692
3871 32489
3872 14809
3873 26098
3874 5338
3875 20664
3876 23752
3877 27980
3878 660
3879 32629
3880 24344
3881 22537
3882 5525
3883 21512
3884 8926
3885 2426
3886 18235
3887 14439
3888 10250
3889 2142
3890 12187
3891 8039
3892 9451
3893 17749
3894 545
3895 7890
3896 2038
3897 9624
3898 15735
3899 28601
3900 18115
3901 9702
3902 4776
3903 18699
3904 7768
3905 10690
3906 18310
3907 18535
3908 10410
3909 19163
3910 6217
3911 23855
3912 27489
3913 15564
3914 23672
3915 27102
3916 17372
3917 6405
3918 29453
3919 3995
3920 21621
3921 9993
3922 14804
3923 22542
3924 22278
3925 29915
3926 5140
3927 12658
3928 30892
3929 21426
3930 17521
3931 28907
3932 8906
3933 3316
3934 7697
3935 20250
3936 21841
3937 25442
3938 20734
3939 4847
3940 30271
3941 13456
3942 21963
3943 24255
3944 14950
3945 20121
3946 15483
3947 21399
3948 2927
3949 19984
3950 25246
3951 32463
3952 3870
3953 6202
3954 21693
3955 17890
3956 13272
3957 17786
3958 24312
3959 17533
3960 26210
3961 4108
3962 4334
3963 20693
3964 21739
3965 6902
3966 14557
3967 6718
3968 25421
3969 9532
3970 6666
3971 5626
3972 13456
3973 32084
3974 25188
3975 11854
3976 28079
3977 18649
3978 9060
3979 26587
3980 5535
3981 29828
3982 21047
3983 28972
3984 13966
3985 24663
3986 4895
3987 20620
3988 9321
3989 7195
3990 21527
3991 9242
3992 3232
3993 18445
3994 31414
3995 10271
3996 13101
3997 28117
3998 10581
3999 30622
4000 211
4001 26039
4002 24436
4003 15149
4004 18083
4005 7181
4006 31066
4007 14852
4008 23237
4009 19189
4010 21244
4011 340
4012 29301
4013 31815
4014 4640
4015 5594
4016 23884
4017 26570
4018 23490
4019 25523
4020 1473
4021 423
4022 30903
4023 24690
4024 23279
4025 19741
4026 11664
4027 4976
4028 1945
4029 18295
4030 18881
4031 30819
4032 6763
4033 32571
4034 12803
4035 28722
4036 898
4037 11173
4038 27126
4039 13320
4040 2863
4041 22611
4042 24843
4043 32424
4044 9720
4045 31042
4046 1697
4047 24576
4048 18912
4049 31481
4050 26990
4051 28416
4052 10473
4053 8964
4054 26145
4055 19884
4056 29910
4057 21668
4058 10565
4059 13168
4060 4149
4061 3525
4062 2153
4063 29108
4064 20637
4065 12336
4066 30334
4067 9905
4068 13877
4069 27394
4070 6016
4071 4739
4072 15477
4073 22621
4074 14169
4075 17023
4076 10289
4077 9053
4078 10242
4079 1734
4080 30419
4081 19022
4082 19179
4083 26138
4084 21224
4085 20764
4086 18845
4087 1009
4088 12766
4089 30730
4090 16798
4091 11464
4092 32523
4093 19111
4094 26516
4095 31930
4096 30706
4097 6911
4098 26030
4099 21585
4100 7618
4101 15630
4102 31040
4103 3996
4104 24608
4105 5754
4106 5037
4107 13186
4108 25894
4109 22145
4110 650
4111 1365
4112 4780
4113 27183
4114 25344
4115 16555
4116 15558
4117 213
4118 25714
4119 24425
4120 7565
4121 13496
4122 7776
4123 10272
4124 31267
4125 11270
4126 32140
4127 30365
4128 6385
4129 17934
4130 3163
4131 29371
4132 27955
4133 10415
4134 6781
4135 10620
4136 7095
4137 16913
4138 2000
4139 15448
4140 15585
4141 4756
4142 13954
4143 6869
4144 32755
4145 21254
4146 26743
4147 31320
4148 5003
4149 19225
4150 3050
4151 59
4152 30574
4153 27668
4154 15190
4155 21023
4156 7043
4157 968
4158 29847
4159 132
4160 28707
4161 7110
4162 19276
4163 32663
4164 19344
4165 22735
4166 6785
4167 8778
4168 18626
4169 28300
4170 31115
4171 19370
4172 874
4173 31615
4174 30770
4175 19054
4176 21809
4177 24890
4178 26134
4179 4811
4180 30784
4181 27855
4182 10571
4183 19088
4184 13062
4185 25479
4186 26695
4187 23406
4188 28981
4189 18391
4190 2814
4191 32663
4192 28174
4193 27279
4194 22347
4195 31884
4196 21471
4197 7253
4198 11410
4199 47
4200 29898
4201 4946
4202 8868
4203 21536
4204 199
4205 22827
4206 4066
4207 23366
4208 23788
4209 21811
4210 15014
4211 3500
4212 32749
4213 18143
4214 14814
4215 26255
4216 30687
4217 17530
4218 18682
4219 30901
4220 32065
4221 4633
4222 4873
4223 7424
4224 14140
4225 25810
4226 14622
4227 28482
4228 5418
4229 26153
4230 6137
4231 3411
4232 24918
4233 3019
4234 4323
4235 19553
4236 28930
4237 6015
4238 23002
4239 22664
4240 5551
4241 21337
4242 6382
4243 29346
4244 13208
4245 24112
4246 20203
4247 16481
4248 8576
4249 7251
4250 21816
4251 25243
4252 13741
4253 8312
4254 29439
4255 17892
4256 9269
4257 8437
4258 19854
4259 24930
4260 4728
4261 19763
4262 14334
4263 22493
4264 1006
4265 5983
4266 9746
4267 12054
4268 1059
4269 18018
4270 18017
4271 4442
4272 12799
4273 25620
4274 1976
4275 19798
4276 4171
4277 23468
4278 3514
4279 2093
4280 16241
4281 23676
4282 22729
4283 21960
4284 1155
4285 21723
4286 9514
4287 11118
4288 16767
4289 6498
4290 17763
4291 24724
4292 17106
4293 3163
4294 31720
4295 12790
4296 1562
4297 22902
4298 6135
4299 31462
4300 24112
4301 6590
4302 22977
4303 6372
4304 6246
4305 29644
4306 25034
4307 11632
4308 1805
4309 3130
4310 12178
4311 12828
4312 5435
4313 23131
4314 29557
4315 4837
4316 18379
4317 13609
4318 14288
4319 17091
4320 20388
4321 11391
4322 9573
4323 32383
4324 4415
4325 649
4326 26369
4327 12741
4328 17763
4329 22904
4330 28764
4331 12922
4332 5939
4333 27002
4334 11328
4335 17999
4336 25451
4337 21225
4338 21997
4339 9879
4340 31975
4341 24770
4342 445
4343 30294
4344 6757
4345 20314
4346 6404
4347 24218
4348 20875
4349 27468
4350 19770
4351 17678
4352 17196
4353 7350
4354 18012
4355 20684
4356 23751
4357 12965
4358 4239
4359 12659
4360 21328
4361 717
4362 3335
4363 23673
4364 15155
4365 12670
4366 27175
4367 13507
4368 24983
4369 13779
4370 26345
4371 20595
4372 19167
4373 28205
4374 25985
4375 20738
4376 31351
4377 22751
4378 4413
4379 398
4380 26573
4381 17707
4382 7088
4383 12149
4384 17565
4385 4206
4386 21775
4387 28962
4388 30834
4389 17303
4390 9179
4391 20263
4392 30058
4393 9437
4394 8128
4395 908
4396 19001
4397 4530
4398 21438
4399 17255
4400 5488
4401 13554
4402 27526
4403 18093
4404 15872
4405 28001
4406 20519
4407 584
4408 5369
4409 30804
4410 30697
4411 18538
4412 17560
4413 13486
4414 28025
4415 17184
4416 12417
4417 4622
4418 21063
4419 32042
4420 11081
4421 71
4422 24621
4423 27914
4424 9527
4425 29457
4426 11857
4427 13915
4428 14412
4429 19966
4430 15692
4431 5476
4432 13696
4433 19631
4434 3724
4435 10477
4436 5967
4437 15175
4438 19190
4439 3665
4440 32116
4441 4896
4442 15568
4443 981
4444 5621
4445 20413
4446 8415
4447 1336
4448 5983
4449 4096
4450 4812
4451 5772
4452 12371
4453 22429
4454 6349
4455 12612
4456 4161
4457 1231
4458 4737
4459 1933
4460 28020
4461 20042
4462 3867
4463 4578
4464 11343
4465 23920
4466 20162
4467 6874
4468 3030
4469 22727
4470 29496
4471 15685
4472 31600
4473 29355
4474 9146
4475 2168
4476 32234
4477 20544
4478 10280
4479 16101
4480 15808
4481 23723
4482 16230
4483 25327
4484 13976
4485 23682
4486 13570
4487 1532
4488 6160
4489 21888
4490 31255
4491 3531
4492 17849
4493 7806
4494 17777
4495 25608
4496 6243
4497 11166
4498 32497
4499 17437
4500 17564
4501 27338
4502 31283
4503 6988
4504 2675
4505 17501
4506 17519
4507 12026
4508 4738
4509 5151
4510 2461
4511 32078
4512 7211
4513 11895
4514 21725
4515 3067
4516 24865
4517 17884
4518 12309
4519 6490
4520 21034
4521 17549
4522 26332
4523 25532
4524 4388
4525 28290
4526 28823
4527 31486
4528 19526
4529 24482
4530 17889
4531 20574
4532 24233
4533 14902
4534 9521
4535 30860
4536 23047
4537 6558
4538 2742
4539 21509
4540 24002
4541 7490
4542 24454
4543 4508
4544 24360
4545 8140
4546 9208
4547 16217
4548 18165
4549 28309
4550 6478
4551 23943
4552 2073
4553 5468
4554 11928
4555 10249
4556 5052
4557 4670
4558 13525
4559 2541
4560 20096
4561 1506
4562 7770
4563 28484
4564 27398
4565 13301
4566 19832
4567 26928
4568 19891
4569 26582
4570 13913
4571 22590
4572 23988
4573 4498
4574 22571
4575 4342
4576 26431
4577 12050
4578 20864
4579 11953
4580 29468
4581 21907
4582 5109
4583 2219
4584 14181
4585 28503
4586 31506
4587 32089
4588 1418
4589 410
4590 19058
4591 2045
4592 22935
4593 3784
4594 22308
4595 21623
4596 28346
4597 26861
4598 24656
4599 17758
4600 32000
4601 2157
4602 23326
4603 8271
4604 1119
4605 15093
4606 13779
4607 21637
4608 18681
4609 16049
4610 22078
4611 4010
4612 25759
4613 7616
4614 22354
4615 5357
4616 4500
4617 24037
4618 18964
4619 2645
4620 4756
4621 22655
4622 32184
4623 12373
4624 23573
4625 20155
4626 4870
4627 14240
4628 25293
4629 3592
4630 24323
4631 10558
4632 13172
4633 14539
4634 24782
4635 5344
4636 14283
4637 1876
4638 20168
4639 31089
4640 19677
4641 5393
4642 32503
4643 7149
4644 3717
4645 3586
4646 11949
4647 16502
4648 31792
4649 20589
4650 28004
4651 31141
4652 23268
4653 22227
4654 12013
4655 542
4656 30850
4657 32290
4658 18634
4659 21607
4660 13384
4661 31788
4662 24280
4663 29946
4664 28825
4665 6744
4666 817
4667 8856
4668 20993
4669 2200
4670 3408
4671 24801
4672 28532
4673 23707
4674 27766
4675 4386
4676 22486
4677 4419
4678 31053
4679 3438
4680 4289
4681 6745
4682 2763
4683 31216
4684 29314
4685 24704
4686 21082
4687 16511
4688 1380
4689 14695
4690 17206
4691 27251
4692 17458
4693 12355
4694 2326
4695 19639
4696 26615
4697 12925
4698 21006
4699 14880
4700 8456
4701 29863
4702 28596
4703 12285
4704 24900
4705 9141
4706 4994
4707 12528
4708 7067
4709 13930
4710 10875
4711 16892
4712 7373
4713 29456
4714 7185
4715 15838
4716 24948
4717 32108
4718 28743
4719 29345
4720 3397
4721 241
4722 8467
4723 15725
4724 26515
4725 19252
4726 6918
4727 6304
4728 276
4729 27296
4730 12590
4731 20511
4732 26344
4733 9579
4734 2108
4735 20463
4736 1751
4737 23752
4738 15586
4739 16639
4740 10459
4741 12383
4742 18815
4743 26696
4744 8670
4745 30202
4746 28414
4747 31768
4748 9156
4749 22913
4750 9467
4751 25515
4752 20140
4753 14632
4754 21800
4755 5372
4756 26483
4757 4583
4758 26096
4759 1242
4760 22394
4761 4139
4762 22618
4763 23870
4764 22954
4765 6347
4766 32047
4767 28124
4768 30901
4769 24125
4770 1375
4771 2808
4772 17054
4773 22026
4774 29089
4775 20091
4776 21883
4777 8831
4778 9562
4779 28486
4780 10618
4781 17573
4782 8384
4783 8902
4784 15394
4785 10868
4786 9791
4787 15561
4788 219
4789 27972
4790 20252
4791 400
4792 15025
4793 21636
4794 21336
4795 24101
4796 9045
4797 28846
4798 2263
4799 31471
4800 868
4801 25210
4802 24001
4803 23683
4804 8172
4805 8787
4806 21033
4807 1725
4808 8493
4809 23559
4810 13548
4811 22032
4812 22172
4813 12994
4814 10204
4815 794
4816 31790
4817 317
4818 12062
4819 1147
4820 25810
4821 27187
4822 20433
4823 17128
4824 11839
4825 19733
4826 496
4827 21371
4828 25073
4829 29438
4830 31098
4831 11341
4832 10094
4833 2025
4834 2768
4835 1863
4836 27598
4837 13346
4838 11870
4839 26421
4840 8826
4841 27130
4842 26493
4843 29468
4844 820
4845 15295
4846 4760
4847 7118
4848 26968
4849 19947
4850 24206
4851 16315
4852 14433
4853 14748
4854 30040
4855 16650
4856 27054
4857 29508
4858 6124
4859 16873
4860 10119
4861 2466
4862 12641
4863 31521
4864 6491
4865 20721
4866 9555
4867 24813
4868 17739
4869 20063
4870 23945
4871 2572
4872 10989
4873 30656
4874 23253
4875 3349
4876 31561
4877 7044
4878 19772
4879 18443
4880 4648
4881 1254
4882 30551
4883 17969
4884 5263
4885 12391
4886 24825
4887 14367
4888 22662
4889 9339
4890 7443
4891 12822
4892 31261
4893 17026
4894 9940
4895 9361
4896 16817
4897 9209
4898 6676
4899 17180
4900 16236
4901 22514
4902 19186
4903 19817
4904 16395
4905 5313
4906 188
4907 28321
4908 32484
4909 12793
4910 22544
4911 9976
4912 14631
4913 32407
4914 4161
4915 29572
4916 1636
4917 18300
4918 18428
4919 10319
4920 6733
4921 8737
4922 27948
4923 12459
4924 21438
4925 20358
4926 25626
4927 10693
4928 15610
4929 19307
4930 10713
4931 2941
4932 24888
4933 23491
4934 30177
4935 21365
4936 7006
4937 13414
4938 7930
4939 26216
4940 16908
4941 774
4942 18268
4943 7102
4944 21724
4945 30564
4946 5140
4947 10077
4948 3816
4949 7107
4950 29609
4951 21953
4952 653
4953 4509
4954 14336
4955 20047
4956 8815
4957 1686
4958 1917
4959 20454
4960 23485
4961 30126
4962 26987
4963 7096
4964 9655
4965 2234
4966 29086
4967 600
4968 10861
4969 11797
4970 20310
4971 18195
4972 27849
4973 13971
4974 17255
4975 19844
4976 4047
4977 4022
4978 16791
4979 17763
4980 8996
4981 28197
4982 16712
4983 18590
4984 6349
4985 31833
4986 343
4987 8107
4988 18490
4989 24986
4990 17219
4991 8220
4992 8835
4993 13610
4994 16786
4995 22900
4996 31729
4997 12736
4998 25968
4999 1081
5000 3776
5001 15671
5002 32666
5003 26442
5004 6947
5005 6280
5006 2170
5007 10099
5008 18569
5009 19446
5010 11155
5011 13631
5012 11295
5013 9096
5014 8736
5015 19725
5016 6294
5017 20412
5018 8440
5019 15718
5020 6950
5021 32378
5022 23989
5023 26510
5024 18899
5025 71
5026 28437
5027 11865
5028 18159
5029 19899
5030 3233
5031 18240
5032 7648
5033 309
5034 29068
5035 8628
5036 23843
5037 6349
5038 26333
5039 22707
5040 4497
5041 5258
5042 14545
5043 25240
5044 1761
5045 17622
5046 7034
5047 29495
5048 29039
5049 23854
5050 17069
5051 17449
5052 25915
5053 7966
5054 12571
5055 14181
5056 15925
5057 12653
5058 702
5059 2064
5060 23992
5061 30613
5062 13943
5063 32151
5064 24916
5065 32117
5066 15093
5067 21754
5068 14032
5069 19274
5070 17112
5071 21611
5072 12655
5073 13788
5074 9238
5075 15639
5076 1139
5077 32501
5078 18078
5079 3908
5080 18144
5081 23063
5082 26172
5083 21660
5084 25730
5085 10606
5086 11197
5087 25800
5088 8241
5089 1796
5090 24915
5091 22593
5092 2900
5093 28212
5094 17979
5095 7523
5096 5796
5097 6497
5098 17820
5099 25540
5100 8243
5101 26600
5102 5299
5103 20931
5104 8876
5105 24658
5106 31789
5107 14436
5108 27100
5109 8911
5110 20692
5111 14683
5112 28785
5113 24544
5114 24430
5115 4966
5116 19202
5117 10067
5118 20450
5119 2272
5120 17488
5121 9076
5122 17309
5123 5268
5124 3788
5125 5250
5126 13108
5127 24783
5128 12121
5129 8288
5130 20299
5131 13497
5132 1362
5133 19085
5134 26805
5135 19428
5136 5071
5137 10326
5138 9181
5139 19494
5140 28708
5141 9546
5142 31588
5143 19876
5144 31147
5145 27631
5146 22027
5147 10544
5148 16068
5149 18099
5150 13268
5151 213
5152 13081
5153 3365
5154 13924
5155 13999
5156 6951
5157 29029
5158 2220
5159 17920
5160 20730
5161 16857
5162 27080
5163 12929
5164 17975
5165 29474
5166 24359
5167 502
5168 26464
5169 1615
5170 20973
5171 29701
5172 17492
5173 8016
5174 7061
5175 27720
5176 8725
5177 24493
5178 17883
5179 17057
5180 22990
5181 22904
5182 473
5183 28110
5184 10517
5185 11904
5186 6768
5187 15421
5188 22381
5189 12231
5190 26089
5191 3873
5192 21775
5193 4406
5194 31452
5195 19397
5196 14058
5197 1424
5198 11345
5199 30496
5200 13288
5201 22181
5202 4390
5203 12203
5204 1907
5205 19912
5206 6833
5207 31087
5208 23864
5209 130
5210 32421
5211 4194
5212 10794
5213 21896
5214 30778
5215 13555
5216 5834
5217 21995
5218 9352
5219 9956
5220 24230
5221 7823
5222 32308
5223 16984
5224 18720
5225 1502
5226 15439
5227 29485
5228 8049
5229 18877
5230 6267
5231 29323
5232 17390
5233 22975
5234 16464
5235 701
5236 20105
5237 4505
5238 30206
5239 7488
5240 21146
5241 30679
5242 9267
5243 18202
5244 12768
5245 21709
5246 26943
5247 32621
5248 8386
5249 13775
5250 23926
5251 31820
5252 16347
5253 12453
5254 6357
5255 10701
5256 28342
5257 31545
5258 15337
5259 8032
5260 15318
5261 11155
5262 32749
5263 32607
5264 5626
5265 13319
5266 4659
5267 29926
5268 8863
5269 28589
5270 16069
5271 17380
5272 24005
5273 21266
5274 11851
5275 8050
5276 26358
5277 5421
5278 15151
5279 14948
5280 8069
5281 25749
5282 8704
5283 17950
5284 32276
5285 31985
5286 4372
5287 21418
5288 15192
5289 12463
5290 23410
5291 19207
5292 15393
5293 15097
5294 21230
5295 27843
5296 23700
5297 28132
5298 3478
5299 4556
5300 187
5301 4331
5302 6733
5303 7555
5304 3649
5305 925
5306 26806
5307 22034
5308 13174
5309 30866
5310 26708
5311 5887
5312 8089
5313 23715
5314 8943
5315 4610
5316 4183
5317 15962
5318 22073
5319 4628
5320 22671
5321 18856
5322 20657
5323 29897
5324 17496
5325 11222
5326 5576
5327 19935
5328 32325
5329 29630
5330 3394
5331 26903
5332 23016
5333 16955
5334 16864
5335 7747
5336 10132
5337 24286
5338 29500
5339 11169
5340 30055
5341 1251
5342 32500
5343 2663
5344 24968
5345 31843
5346 25866
5347 29087
5348 25006
5349 21451
5350 27531
5351 31541
5352 9186
5353 19852
5354 9583
5355 8015
5356 27781
5357 22036
5358 24769
5359 31196
5360 5524
5361 5630
5362 16384
5363 3696
5364 4907
5365 29829
5366 708
5367 32335
5368 8520
5369 7743
5370 16804
5371 25800
5372 32466
5373 25608
5374 8536
5375 19908
5376 23002
5377 1595
5378 16667
5379 31390
5380 20768
5381 16425
5382 26707
5383 26933
5384 11993
5385 10179
5386 14196
5387 20800
5388 16559
5389 13722
5390 24610
5391 3042
5392 28938
5393 2314
5394 10390
5395 6527
5396 1422
5397 15537
5398 15938
5399 14797
5400 9957
5401 24358
5402 7096
5403 18990
5404 5566
5405 25576
5406 1480
5407 24125
5408 12565
5409 8341
5410 25576
5411 18086
5412 12725
5413 10845
5414 30682
5415 31292
5416 16124
5417 10165
5418 14472
5419 5445
5420 16607
5421 27216
5422 21555
5423 25368
5424 4909
5425 25931
5426 7628
5427 9707
5428 32280
5429 21416
5430 27042
5431 4326
5432 6129
5433 8957
5434 7486
5435 10364
5436 29747
5437 30317
5438 30347
5439 31994
5440 17347
5441 21976
5442 20027
5443 29536
5444 19062
5445 23887
5446 22885
5447 4209
5448 19924
5449 203
5450 11891
5451 31238
5452 24860
5453 14366
5454 4411
5455 8871
5456 12936
5457 10025
5458 19052
5459 21340
5460 15825
5461 5712
5462 3628
5463 1985
5464 2038
5465 20267
5466 13823
5467 20569
5468 18490
5469 12670
5470 20971
5471 12068
5472 8811
5473 5228
5474 21722
5475 8820
5476 22122
5477 18407
5478 24639
5479 20988
5480 2280
5481 19051
5482 29436
5483 4650
5484 2414
5485 1772
5486 32644
5487 12727
5488 14752
5489 12045
5490 11580
5491 17788
5492 31170
5493 1426
5494 18728
5495 26247
5496 15995
5497 11544
5498 10691
5499 5742
5500 13273
5501 20227
5502 2606
5503 15843
5504 4502
5505 11961
5506 8333
5507 31113
5508 1178
5509 32014
5510 29615
5511 10502
5512 20928
5513 32766
5514 13293
5515 29786
5516 5597
5517 25250
5518 6996
5519 15215
5520 18175
5521 16733
5522 6406
5523 9200
5524 23282
5525 18007
5526 19421
5527 14687
5528 14089
5529 27180
5530 4178
5531 21346
5532 19738
5533 11493
5534 9629
5535 13918
5536 2507
5537 23335
5538 11806
5539 8775
5540 30732
5541 13226
5542 3836
5543 17335
5544 15845
5545 237
5546 29452
5547 15165
5548 22130
5549 31528
5550 29940
5551 12023
5552 11564
5553 1667
5554 13456
5555 6755
5556 32361
5557 8581
5558 23444
5559 20594
5560 8487
5561 6095
5562 21875
5563 25566
5564 7685
5565 19722
5566 16000
5567 27070
5568 14226
5569 13342
5570 20051
5571 19032
5572 18378
5573 18084
5574 16751
5575 5174
5576 5854
5577 4255
5578 1570
5579 1404
5580 3892
5581 9318
5582 12460
5583 16248
5584 29359
5585 2789
5586 31395
5587 22651
5588 30000
5589 1029
5590 20885
5591 16359
5592 24669
5593 11113
5594 14576
5595 10378
5596 9377
5597 21851
5598 799
5599 27946
5600 31603
5601 14342
5602 9718
5603 9057
5604 32476
5605 13541
5606 11856
5607 20652
5608 23091
5609 22139
5610 5878
5611 30142
5612 30764
5613 22085
5614 1731
5615 25626
5616 21009
5617 16109
5618 14854
5619 4576
5620 17486
5621 32448
5622 6952
5623 24551
5624 3123
5625 32354
5626 20111
5627 1549
5628 21238
5629 4032
5630 13761
5631 6603
5632 27127
5633 18759
5634 11725
5635 25357
5636 7240
5637 8532
5638 3303
5639 29504
5640 14701
5641 24043
5642 9042
5643 12972
5644 15712
5645 11435
5646 17283
5647 22532
5648 14809
5649 30465
5650 5507
5651 32315
5652 25803
5653 18077
5654 14741
5655 19610
5656 28722
5657 20002
5658 32281
5659 25872
5660 3852
5661 27170
5662 11440
5663 3273
5664 19365
5665 11849
5666 12961
5667 17153
5668 4888
5669 21208
5670 10363
5671 14875
5672 6675
5673 5717
5674 31996
5675 26349
5676 32474
5677 26497
5678 18226
5679 6751
5680 19599
5681 27531
5682 992
5683 22836
5684 17328
5685 13443
5686 16931
5687 26151
5688 3041
5689 15377
5690 853
5691 12858
5692 13036
5693 30311
5694 21042
5695 10059
5696 7430
5697 4468
5698 21817
5699 232
5700 19028
5701 13403
5702 24661
5703 10084
5704 5549
5705 21283
5706 18877
5707 16682
5708 20642
5709 27312
5710 1561
5711 28242
5712 24763
5713 14578
5714 20454
5715 25202
5716 16900
5717 17756
5718 24091
5719 20663
5720 4808
5721 19864
5722 28173
5723 24116
5724 3229
5725 27257
5726 9360
5727 3705
5728 3744
5729 305
5730 2655
5731 24168
5732 7426
5733 21700
5734 10174
5735 324
5736 31172
5737 19388
5738 861
5739 29707
5740 15038
5741 15903
5742 2176
5743 23302
5744 230
5745 24478
5746 6237
5747 23966
5748 13519
5749 6671
5750 19141
5751 29809
5752 27760
5753 27677
5754 8711
5755 23973
5756 24103
5757 8254
5758 13842
5759 11132
5760 1278
5761 28646
5762 6873
5763 8489
5764 23084
5765 26363
5766 1532
5767 20963
5768 18399
5769 7048
5770 30628
5771 13879
5772 14648
5773 3509
5774 27310
5775 11170
5776 27543
5777 17399
5778 20493
5779 4703
5780 25882
5781 30596
5782 22889
5783 32126
5784 13408
5785 25866
5786 22284
5787 10550
5788 23955
5789 5536
5790 11519
5791 11132
5792 6309
5793 13309
5794 9072
5795 4820
5796 17625
5797 16871
5798 5719
5799 26472
5800 13702
5801 16879
5802 18522
5803 16983
5804 15384
5805 10588
5806 23789
5807 28495
5808 4951
5809 11877
5810 15805
5811 19550
5812 4076
5813 18083
5814 28495
5815 23557
5816 14880
5817 27077
5818 6372
5819 15759
5820 13544
5821 27782
5822 17313
5823 32672
5824 5663
5825 2012
5826 5356
5827 273
5828 5138
5829 24690
5830 2073
5831 21499
5832 11329
5833 8793
5834 27462
5835 22290
5836 10084
5837 1275
5838 9091
5839 31029
5840 7853
5841 19280
5842 31799
5843 23363
5844 26189
5845 5204
5846 1471
5847 17455
5848 313
5849 4024
5850 18263
5851 6999
5852 558
5853 27351
5854 18494
5855 23825
5856 32242
5857 2541
5858 13333
5859 15751
5860 29406
5861 24963
5862 7816
5863 28102
5864 18841
5865 1070
5866 10801
5867 14097
5868 21286
5869 14457
5870 5817
5871 24699
5872 26657
5873 11040
5874 31297
5875 4789
5876 3397
5877 4479
5878 10752
5879 11812
5880 16690
5881 20553
5882 5677
5883 18230
5884 22381
5885 31357
5886 7455
5887 15607
5888 1193
5889 15510
5890 6579
5891 7647
5892 69
5893 2051
5894 12526
5895 20206
5896 24341
5897 4822
5898 8931
5899 10492
5900 2917
5901 32704
5902 8919
5903 74
5904 32315
5905 16957
5906 31396
5907 19036
5908 7645
5909 4876
5910 32091
5911 22027
5912 26003
5913 2274
5914 3373
5915 18902
5916 15022
5917 10591
5918 14476
5919 23673
5920 4809
5921 1601
5922 12941
5923 31681
5924 20303
5925 15064
5926 10897
5927 21918
5928 29246
5929 23994
5930 18212
5931 30586
5932 4138
5933 15031
5934 18469
5935 30665
5936 9092
5937 26895
5938 5160
5939 24033
5940 9500
5941 4579
5942 13592
5943 15372
5944 3557
5945 31466
5946 2081
5947 12252
5948 9720
5949 10597
5950 9420
5951 15551
5952 17628
5953 12629
5954 16236
5955 13523
5956 26373
5957 1259
5958 2746
5959 9212
5960 15514
5961 22592
5962 23740
5963 28979
5964 5500
5965 27974
5966 6891
5967 10785
5968 20099
5969 23551
5970 12692
5971 11500
5972 9227
5973 10988
5974 6783
5975 9297
5976 3503
5977 19401
5978 14031
5979 2547
5980 1876
5981 20599
5982 41
5983 8946
5984 27498
5985 27706
5986 21784
5987 10944
5988 17006
5989 5412
5990 25776
5991 8240
5992 11187
5993 22993
5994 32114
5995 26832
5996 17251
5997 16213
5998 17264
5999 15993
6000 10688
6001 15219
6002 4530
6003 6948
6004 4016
6005 7952
6006 2775
6007 5887
6008 27769
6009 1254
6010 7423
6011 27841
6012 16585
6013 6269
6014 31977
6015 6202
6016 2809
6017 18775
6018 23641
6019 17198
6020 20626
6021 15979
6022 24509
6023 29795
6024 24849
6025 7638
6026 5903
6027 13561
6028 13799
6029 31948
6030 32253
6031 8186
6032 5060
6033 3028
6034 18248
6035 4146
6036 20757
6037 21301
6038 30570
6039 24641
6040 26060
6041 5035
6042 4731
6043 28910
6044 10335
6045 8031
6046 24917
6047 27070
6048 23571
6049 16150
6050 4599
6051 26566
6052 29818
6053 30633
6054 14119
6055 3773
6056 12858
6057 17333
6058 27484
6059 12373
6060 32017
6061 5523
6062 6874
6063 32203
6064 7958
6065 13707
6066 14623
6067 30653
6068 17730
6069 20548
6070 25982
6071 4157
6072 26926
6073 18815
6074 17162
6075 13091
6076 2078
6077 9989
6078 1973
6079 10407
6080 19263
6081 10206
6082 1721
6083 1583
6084 1325
6085 23492
6086 14903
6087 8549
6088 10424
6089 20184
6090 4126
6091 14733
6092 7400
6093 7571
6094 32335
6095 19222
6096 4671
6097 1278
6098 8703
6099 16750
6100 15677
6101 17190
6102 28252
6103 31515
6104 6698
6105 23498
6106 11891
6107 21512
6108 7695
6109 5464
6110 24145
6111 10780
6112 30982
6113 16920
6114 8040
6115 4113
6116 19891
6117 10662
6118 19509
6119 8836
6120 531
6121 9893
6122 28448
6123 13128
6124 3444
6125 19634
6126 8356
6127 16128
6128 26565
6129 10903
6130 4271
6131 24813
6132 32272
6133 31937
6134 16204
6135 14596
6136 20549
6137 25589
6138 10367
6139 30788
6140 7225
6141 29758
6142 26480
6143 1862
6144 14830
6145 12330
6146 5324
6147 31510
6148 3349
6149 17461
6150 25705
6151 19521
6152 12241
6153 5766
6154 17961
6155 1071
6156 15038
6157 32473
6158 3616
6159 21683
6160 20018
6161 15037
6162 26617
6163 19937
6164 16579
6165 29183
6166 6549
6167 9760
6168 5897
6169 24422
6170 22774
6171 18560
6172 10405
6173 29088
6174 14684
6175 7501
6176 5761
6177 30845
6178 29613
6179 16612
6180 30298
6181 12891
6182 3610
6183 7365
6184 22396
6185 19938
6186 9984
6187 5866
6188 1229
6189 13297
6190 26380
6191 19287
6192 10253
6193 11735
6194 24227
6195 1011
6196 12892
6197 15303
6198 21121
6199 25238
6200 11773
6201 12166
6202 15264
6203 29027
6204 23897
6205 24423
6206 32347
6207 3416
6208 19271
6209 1401
6210 7379
6211 24355
6212 12426
6213 7935
6214 26770
6215 22071
6216 21147
6217 24608
6218 30574
6219 23072
6220 16298
6221 4064
6222 24496
6223 9747
6224 3039
6225 24655
6226 32630
6227 714
6228 29669
6229 5888
6230 21334
6231 21135
6232 2217
6233 6589
6234 8260
6235 9110
6236 18527
6237 13177
6238 29878
6239 15503
6240 18631
6241 9606
6242 17670
6243 22396
6244 22190
6245 22793
6246 10007
6247 32448
6248 11959
6249 17578
6250 28987
6251 16505
6252 13147
6253 23184
6254 16468
6255 11280
6256 17455
6257 4748
6258 10554
6259 19983
6260 6757
6261 25748
6262 6493
6263 7730
6264 20118
6265 18292
6266 10924
6267 5056
6268 27583
6269 1984
6270 28341
6271 21531
6272 13193
6273 2829
6274 29965
6275 12182
6276 30669
6277 21344
6278 4338
6279 24712
6280 11607
6281 22247
6282 8751
6283 16543
6284 7146
6285 32743
6286 25920
6287 26742
6288 20357
6289 26870
6290 3767
6291 28009
6292 12005
6293 10602
6294 13790
6295 12712
6296 23371
6297 17937
6298 21150
6299 31370
6300 15743
6301 6691
6302 21151
6303 16676
6304 25621
6305 19572
6306 2481
6307 28955
6308 5871
6309 9454
6310 363
6311 2486
6312 17411
6313 22079
6314 27665
6315 21815
6316 10590
6317 4047
6318 16059
6319 10860
6320 24681
6321 27637
6322 14004
6323 27777
6324 11884
6325 3690
6326 20001
6327 15640
6328 15952
6329 1790
6330 25571
6331 5275
6332 10153
6333 19593
6334 6846
6335 13521
6336 26356
6337 25637
6338 13242
6339 10672
6340 11036
6341 2202
6342 26569
6343 19571
6344 7236
6345 26138
6346 1195
6347 31980
6348 32704
6349 15919
6350 20751
6351 1306
6352 23908
6353 2033
6354 31739
6355 23294
6356 2562
6357 24700
6358 7021
6359 13483
6360 15150
6361 24481
6362 32323
6363 8861
6364 2116
6365 9436
6366 21848
6367 9291
6368 31917
6369 12422
6370 30704
6371 27391
6372 8029
6373 23884
6374 18262
6375 16102
6376 5024
6377 3552
6378 30147
6379 14947
6380 14103
6381 25326
6382 13442
6383 20393
6384 24829
6385 3410
6386 3410
6387 19593
6388 9903
6389 4232
6390 27404
6391 20616
6392 18796
6393 2404
6394 5509
6395 26933
6396 12633
6397 19715
6398 9398
6399 18618
6400 6600
6401 29697
6402 12058
6403 19120
6404 21177
6405 9708
6406 14168
6407 15160
6408 15265
6409 14585
6410 7458
6411 5191
6412 23403
6413 31222
6414 5469
6415 9537
6416 14781
6417 12416
6418 28034
6419 22730
6420 23932
6421 13174
6422 7748
6423 3289
6424 5266
6425 8622
6426 29043
6427 12557
6428 26863
6429 4838
6430 16160
6431 8005
6432 26317
6433 21757
6434 1538
6435 25195
6436 6201
6437 2403
6438 25368
6439 24464
6440 22991
6441 14030
6442 11408
6443 5438
6444 27845
6445 9006
6446 13288
6447 25865
6448 27179
6449 2532
6450 29523
6451 7016
6452 31600
6453 558
6454 10846
6455 10691
6456 31785
6457 10726
6458 11731
6459 18125
6460 26894
6461 26733
6462 28381
6463 26900
6464 16453
6465 24034
6466 32110
6467 20439
6468 14052
6469 21143
6470 2526
6471 3607
6472 26545
6473 15045
6474 10709
6475 19440
6476 24364
6477 8830
6478 25706
6479 12842
6480 10447
6481 5604
6482 18828
6483 13324
6484 16788
6485 22937
6486 6305
6487 11120
6488 5048
6489 1910
6490 14958
6491 31517
6492 24510
6493 25472
6494 4663
6495 11088
6496 14008
6497 32023
6498 27175
6499 13468
6500 27074
6501 28785
6502 32498
6503 27892
6504 4815
6505 23623
6506 28344
6507 19207
6508 6824
6509 24526
6510 3885
6511 29644
6512 24625
6513 13545
6514 28407
6515 18013
6516 25838
6517 15005
6518 1623
6519 23048
6520 8903
6521 965
6522 23308
6523 8867
6524 28424
6525 15879
6526 7028
6527 12065
6528 3756
6529 1286
6530 29941
6531 13923
6532 24539
6533 30169
6534 10651
6535 26192
6536 15537
6537 5821
6538 10498
6539 10536
6540 31553
6541 26374
6542 12407
6543 21781
6544 11994
6545 11100
6546 13914
6547 31236
6548 3721
6549 18979
6550 9414
6551 16818
6552 9438
6553 19515
6554 10101
6555 5642
6556 11507
6557 21994
6558 4317
6559 430
6560 16555
6561 11286
6562 6815
6563 32468
6564 15416
6565 6584
6566 1314
6567 10323
6568 31456
6569 18829
6570 23163
6571 253
6572 20736
6573 26639
6574 22673
6575 17712
6576 26449
6577 8611
6578 18046
6579 31400
6580 23402
6581 20756
6582 14648
6583 12951
6584 18822
6585 29248
6586 2928
6587 12792
6588 9096
6589 11537
6590 3258
6591 29728
6592 31036
6593 3247
6594 11247
6595 15254
6596 5600
6597 14068
6598 8399
6599 9508
6600 5859
6601 14369
6602 22763
6603 28974
6604 24556
6605 14031
6606 11203
6607 30531
6608 4126
6609 9256
6610 6699
6611 30706
6612 23707
6613 15446
6614 7411
6615 16607
6616 29766
6617 27452
6618 18118
6619 22294
6620 20686
6621 26980
6622 15699
6623 7070
6624 6376
6625 9529
6626 19883
6627 7762
6628 30683
6629 19575
6630 8170
6631 4844
6632 3650
6633 2527
6634 19994
6635 7267
6636 24589
6637 19247
6638 25172
6639 25207
6640 25546
6641 9041
6642 40
6643 9609
6644 5923
6645 7379
6646 15680
6647 17585
6648 15527
6649 4247
6650 27967
6651 27147
6652 9933
6653 21708
6654 25839
6655 20817
6656 13365
6657 22556
6658 30876
6659 23727
6660 24882
6661 32039
6662 14779
6663 27602
6664 4742
6665 18993
6666 14288
6667 10563
6668 32108
6669 16663
6670 18574
6671 16883
6672 20700
6673 29576
6674 6975
6675 15127
6676 1034
6677 10097
6678 7014
6679 23093
6680 28208
6681 8121
6682 26275
6683 21375
6684 2957
6685 23855
6686 23000
6687 12897
6688 5037
6689 27585
6690 31114
6691 12374
6692 17644
6693 4078
6694 14730
6695 28159
6696 2358
6697 26750
6698 26580
6699 17014
6700 22544
6701 22640
6702 16055
6703 5344
6704 31196
6705 19764
6706 25142
6707 29761
6708 4184
6709 13594
6710 19631
6711 24981
6712 2153
6713 14859
6714 28346
6715 28
6716 22807
6717 5239
6718 1620
6719 8181
6720 13272
6721 2702
6722 28989
6723 22254
6724 2577
6725 28595
6726 32414
6727 7067
6728 3034
6729 14381
6730 1007
6731 5797
6732 1026
6733 29984
6734 14616
6735 7781
6736 13650
6737 19644
6738 8150
6739 4273
6740 7446
6741 17077
6742 31329
6743 32502
6744 16090
6745 25843
6746 5452
6747 24711
6748 23922
6749 12426
6750 26796
6751 16181
6752 17725
6753 17132
6754 21628
6755 4640
6756 2986
6757 11102
6758 31808
6759 15053
6760 26618
6761 28840
6762 1513
6763 22648
6764 2376
6765 7953
6766 16377
6767 26027
6768 3527
6769 29322
6770 29415
6771 21519
6772 32588
6773 28970
6774 25029
6775 6787
6776 30988
6777 2522
6778 15904
6779 26987
6780 23206
6781 2898
6782 4904
6783 31050
6784 11364
6785 1860
6786 27664
6787 10132
6788 6333
6789 30166
6790 14776
6791 21949
6792 7967
6793 11606
6794 15242
6795 16022
6796 25580
6797 553
6798 28578
6799 13785
6800 16835
6801 8965
6802 20017
6803 1538
6804 32768
6805 1377
6806 21539
6807 24673
6808 21126
6809 30249
6810 8447
6811 4974
6812 1724
6813 8885
6814 11279
6815 31580
6816 469
6817 11772
6818 21698
6819 24817
6820 29781
6821 9733
6822 21070
6823 14996
6824 26320
6825 28063
6826 18073
6827 936
6828 1013
6829 28242
6830 30810
6831 7704
6832 17356
6833 9877
6834 30843
6835 29235
6836 23612
6837 26689
6838 14019
6839 16571
6840 6864
6841 23366
6842 18865
6843 23352
6844 3003
6845 6301
6846 28075
6847 13970
6848 4633
6849 29054
6850 32600
6851 3039
6852 21879
6853 14034
6854 30026
6855 31610
6856 10390
6857 5355
6858 7392
6859 26197
6860 19820
6861 22387
6862 7786
6863 29072
6864 14956
6865 10658
6866 3215
6867 26698
6868 17671
6869 9908
6870 748
6871 28599
6872 21875
6873 20123
6874 6142
6875 16754
6876 1963
6877 13041
6878 9794
6879 24597
6880 23991
6881 28720
6882 12442
6883 31240
6884 26413
6885 18213
6886 26099
6887 28310
6888 504
6889 27298
6890 2085
6891 10566
6892 6232
6893 21876
6894 14874
6895 18280
6896 42
6897 15508
6898 31027
6899 15342
6900 24426
6901 29090
6902 17895
6903 25981
6904 14838
6905 18830
6906 16302
6907 19140
6908 3220
6909 23449
6910 14365
6911 28941
6912 6455
6913 11388
6914 338
6915 273
6916 18558
6917 6630
6918 31634
6919 11793
6920 17534
6921 6700
6922 9777
6923 4898
6924 12481
6925 9276
6926 14258
6927 31433
6928 9102
6929 21460
6930 304
6931 17607
6932 17515
6933 7665
6934 8445
6935 24118
6936 13281
6937 10633
6938 18568
6939 32725
6940 8319
6941 8316
6942 6532
6943 9889
6944 11554
6945 3273
6946 24134
6947 31397
6948 3187
6949 5629
6950 8559
6951 6162
6952 30128
6953 13042
6954 26828
6955 28306
6956 22192
6957 9141
6958 6010
6959 10970
6960 26401
6961 18376
6962 15182
6963 24190
6964 277
6965 9354
6966 18803
6967 23050
6968 25277
6969 12275
6970 3669
6971 27982
6972 15731
6973 13188
6974 21694
6975 505
6976 13822
6977 23422
6978 2111
6979 17514
6980 14866
6981 18003
6982 22226
6983 20162
6984 20247
6985 10330
6986 5565
6987 2622
6988 15915
6989 22470
6990 28090
6991 15044
6992 16746
6993 21721
6994 4692
6995 26811
6996 5741
6997 8789
6998 2196
6999 7456
7000 6672
7001 564
7002 16605
7003 9174
7004 20857
7005 27288
7006 2069
7007 18494
7008 1110
7009 18181
7010 5125
7011 16392
7012 19557
7013 22990
7014 12035
7015 14409
7016 15930
7017 20941
7018 18126
7019 14541
7020 3901
7021 26711
7022 25273
7023 20910
7024 23794
7025 7023
7026 17676
7027 18213
7028 31101
7029 22586
7030 15271
7031 12193
7032 24933
7033 10676
7034 25576
7035 14358
7036 16024
7037 16288
7038 26063
7039 664
7040 7343
7041 25029
7042 27232
7043 21288
7044 12916
7045 9047
7046 20809
7047 32462
7048 25761
7049 27316
7050 27077
7051 20712
7052 26091
7053 8529
7054 12992
7055 23233
7056 6207
7057 8179
7058 26172
7059 24933
7060 4940
7061 11042
7062 21491
7063 23988
7064 29761
7065 5082
7066 20286
7067 17078
7068 23256
7069 20613
7070 13365
7071 32302
7072 14227
7073 8742
7074 18456
7075 26482
7076 20293
7077 6615
7078 30958
7079 4217
7080 6101
7081 4725
7082 16491
7083 11574
7084 21055
7085 29338
7086 11799
7087 1316
7088 1499
7089 19147
7090 23725
7091 8995
7092 16610
7093 9203
7094 22209
7095 14210
7096 16942
7097 4624
7098 11942
7099 24669
7100 28737
7101 24365
7102 19855
7103 19497
7104 16777
7105 25232
7106 15860
7107 27277
7108 31203
7109 22580
7110 30008
7111 8051
7112 24925
7113 19578
7114 24712
7115 11360
7116 22592
7117 28699
7118 14598
7119 17408
7120 27726
7121 26721
7122 25383
7123 31750
7124 21320
7125 28567
7126 23897
7127 4403
7128 28339
7129 22974
7130 490
7131 12723
7132 15580
7133 20865
7134 8229
7135 16816
7136 23322
7137 24939
7138 12478
7139 20002
7140 32083
7141 7512
7142 10608
7143 8676
7144 32449
7145 41
7146 13284
7147 12557
7148 28662
7149 20924
7150 19413
7151 20093
7152 17950
7153 10524
7154 2162
7155 24502
7156 3973
7157 24308
7158 5379
7159 750
7160 20825
7161 1098
7162 7376
7163 23394
7164 29360
7165 12649
7166 11838
7167 30700
7168 22732
7169 16671
7170 22844
7171 2008
7172 6302
7173 19497
7174 3293
7175 20980
7176 24970
7177 30956
7178 30790
7179 8678
7180 1386
7181 29542
7182 29387
7183 8130
7184 16853
7185 8547
7186 12117
7187 17884
7188 11937
7189 26356
7190 16135
7191 26843
7192 30118
7193 3869
7194 10017
7195 1551
7196 14277
7197 11470
7198 3620
7199 19461
7200 17194
7201 2068
7202 17463
7203 4440
7204 32461
7205 27537
7206 10953
7207 11721
7208 12095
7209 26154
7210 16248
7211 27026
7212 30883
7213 21759
7214 20017
7215 30456
7216 16890
7217 18848
7218 3737
7219 10784
7220 23973
7221 8318
7222 12460
7223 25379
7224 6948
7225 23455
7226 7332
7227 24164
7228 9764
7229 5526
7230 27165
7231 24354
7232 22201
7233 8371
7234 21110
7235 26697
7236 22248
7237 9847
7238 8826
7239 30606
7240 16744
7241 23370
7242 28480
7243 30394
7244 7593
7245 6768
7246 4687
7247 22342
7248 23830
7249 32314
7250 12550
7251 3113
7252 15768
7253 18553
7254 21308
7255 21998
7256 13659
7257 12088
7258 19747
7259 5385
7260 19412
7261 25003
7262 114
7263 5739
7264 1027
7265 22882
7266 14531
7267 3668
7268 15349
7269 19394
7270 10041
7271 13673
7272 9614
7273 20406
7274 16743
7275 15366
7276 15493
7277 2978
7278 1901
7279 2005
7280 23984
7281 32665
7282 30052
7283 28576
7284 25474
7285 16335
7286 9213
7287 26979
7288 27602
7289 13137
7290 23652
7291 24230
7292 10973
7293 10995
7294 9067
7295 6921
7296 28559
7297 25738
7298 32740
7299 2337
7300 15614
7301 20060
7302 78
7303 12674
7304 7480
7305 7893
7306 17333
7307 12317
7308 4414
7309 5244
7310 2515
7311 5069
7312 16976
7313 29221
7314 3707
7315 23596
7316 22635
7317 2919
7318 13368
7319 2475
7320 6673
7321 30032
7322 16945
7323 29666
7324 14664
7325 12120
7326 14671
7327 23076
7328 29157
7329 22676
7330 1186
7331 25175
7332 23818
7333 17708
7334 2305
7335 31234
7336 7662
7337 2063
7338 22513
7339 19880
7340 19420
7341 17637
7342 2505
7343 19029
7344 15743
7345 24134
7346 787
7347 23926
7348 6492
7349 21545
7350 10548
7351 26349
7352 20384
7353 26271
7354 19024
7355 4453
7356 24860
7357 20673
7358 15464
7359 1251
7360 6030
7361 12262
7362 30661
7363 10142
7364 4898
7365 27418
7366 12442
7367 24849
7368 20792
7369 11980
7370 13285
7371 4942
7372 4200
7373 20679
7374 2966
7375 16021
7376 13763
7377 12388
7378 11763
7379 805
7380 5980
7381 26365
7382 15419
7383 30034
7384 20488
7385 23716
7386 5257
7387 30680
7388 97
7389 5397
7390 15100
7391 4207
7392 8465
7393 18666
7394 24085
7395 27296
7396 19021
7397 7950
7398 31328
7399 31958
7400 5279
7401 6772
7402 24919
7403 952
7404 30441
7405 4105
7406 10115
7407 18358
7408 17831
7409 14567
7410 15844
7411 24802
7412 14196
7413 13515
7414 14995
7415 27906
7416 4816
7417 4297
7418 5286
7419 27619
7420 26912
7421 9790
7422 22356
7423 13808
7424 758
7425 26119
7426 4186
7427 16642
7428 24979
7429 25584
7430 32156
7431 10106
7432 31146
7433 13935
7434 15888
7435 9614
7436 2919
7437 32403
7438 2520
7439 224
7440 15280
7441 11319
7442 13742
7443 3669
7444 21163
7445 21115
7446 1413
7447 18980
7448 17280
7449 8309
7450 4717
7451 13869
7452 24928
7453 21027
7454 18360
7455 29325
7456 26054
7457 11684
7458 15195
7459 17519
7460 11260
7461 24744
7462 26007
7463 32548
7464 17890
7465 21030
7466 31704
7467 887
7468 19947
7469 15437
7470 29405
7471 18746
7472 6760
7473 8892
7474 27673
7475 10021
7476 13833
7477 30965
7478 4697
7479 19681
7480 16800
7481 3343
7482 10664
7483 9055
7484 9001
7485 2732
7486 22127
7487 1902
7488 9736
7489 10795
7490 24545
7491 4749
7492 28817
7493 24607
7494 29078
7495 26109
7496 29389
7497 8447
7498 8310
7499 11291
7500 12923
7501 3359
7502 14041
7503 17389
7504 6230
7505 6366
7506 3053
7507 19195
7508 8854
7509 1313
7510 27223
7511 31072
7512 8377
7513 15361
7514 18973
7515 1056
7516 23683
7517 26049
7518 25027
7519 31164
7520 21572
7521 18947
7522 21172
7523 19716
7524 27225
7525 20795
7526 29924
7527 557
7528 11765
7529 14947
7530 1460
7531 12835
7532 8482
7533 22769
7534 15894
7535 22560
7536 8194
7537 28422
7538 5105
7539 7550
7540 19803
7541 30696
7542 10951
7543 6090
7544 10322
7545 30386
7546 14229
7547 11545
7548 12151
7549 7498
7550 23546
7551 4767
7552 13570
7553 24468
7554 15516
7555 6525
7556 18524
7557 18149
7558 22216
7559 15835
7560 22754
7561 6587
7562 22872
7563 11319
7564 30181
7565 11179
7566 1242
7567 12540
7568 20469
7569 27034
7570 22254
7571 18007
7572 24415
7573 30256
7574 1264
7575 13382
7576 21492
7577 27274
7578 2519
7579 30450
7580 12812
7581 3887
7582 19293
7583 24382
7584 16587
7585 8518
7586 6753
7587 8608
7588 11683
7589 30726
7590 4745
7591 18224
7592 2330
7593 7789
7594 7467
7595 13566
7596 206
7597 13621
7598 7022
7599 15785
7600 31414
7601 12548
7602 31660
7603 28973
7604 30122
7605 18659
7606 15899
7607 7933
7608 21286
7609 10481
7610 11437
7611 15954
7612 28235
7613 15704
7614 18996
7615 12482
7616 9254
7617 10625
7618 15562
7619 4884
7620 12597
7621 16260
7622 14192
7623 4179
7624 2087
7625 3043
7626 9973
7627 27425
7628 1508
7629 18807
7630 9754
7631 12622
7632 9933
7633 20906
7634 31987
7635 19881
7636 8517
7637 23783
7638 12176
7639 27670
7640 2416
7641 10063
7642 24541
7643 25569
7644 25146
7645 19886
7646 1735
7647 7250
7648 16284
7649 30381
7650 18592
7651 8066
7652 24091
7653 7241
7654 26821
7655 20332
7656 21393
7657 2435
7658 8318
7659 28999
7660 15663
7661 24665
7662 23845
7663 788
7664 3779
7665 15350
7666 10635
7667 3955
7668 26423
7669 17190
7670 18071
7671 29626
7672 3674
7673 16140
7674 14128
7675 19528
7676 32740
7677 2583
7678 17245
7679 31511
7680 10164
7681 27442
7682 13995
7683 31889
7684 13147
7685 12603
7686 24016
7687 32421
7688 7390
7689 8887
7690 1933
7691 28185
7692 21176
7693 5572
7694 3289
7695 28194
7696 8479
7697 17486
7698 9275
7699 28210
7700 16520
7701 12422
7702 1144
7703 21009
7704 11629
7705 11664
7706 6766
7707 24623
7708 11598
7709 24700
7710 22080
7711 27193
7712 9462
7713 19832
7714 21427
7715 25578
7716 9215
7717 17732
7718 25048
7719 23588
7720 18840
7721 18150
7722 11756
7723 3135
7724 26246
7725 10654
7726 5500
7727 29089
7728 105
7729 8988
7730 25548
7731 9614
7732 6721
7733 32241
7734 32378
7735 26434
7736 26160
7737 5188
7738 17759
7739 3133
7740 17538
7741 25286
7742 10678
7743 19167
7744 13290
7745 18408
7746 16512
7747 4916
7748 5902
7749 17227
7750 21543
7751 27153
7752 29510
7753 18807
7754 14689
7755 31328
7756 3233
7757 32721
7758 27479
7759 20664
7760 810
7761 29895
7762 13063
7763 30001
7764 21865
7765 10318
7766 24038
7767 22390
7768 27692
7769 30862
7770 18378
7771 16667
7772 4999
7773 18139
7774 15368
7775 16945
7776 1305
7777 26856
7778 29145
7779 19480
7780 26513
7781 14903
7782 10243
7783 28309
7784 26481
7785 25044
7786 9141
7787 27428
7788 19730
7789 8259
7790 5810
7791 4752
7792 13288
7793 14775
7794 12465
7795 8384
7796 18184
7797 20613
7798 24580
7799 2772
7800 9959
7801 17367
7802 1401
7803 29553
7804 23653
7805 26277
7806 8062
7807 14680
7808 32010
7809 8929
7810 12424
7811 21566
7812 25743
7813 23794
7814 25781
7815 29656
7816 10144
7817 11108
7818 15024
7819 5429
7820 9184
7821 14046
7822 13269
7823 592
7824 20782
7825 22100
7826 20373
7827 28646
7828 14375
7829 15229
7830 22044
7831 11653
7832 12779
7833 17288
7834 13874
7835 7142
7836 21796
7837 16395
7838 31327
7839 23932
7840 13381
7841 19516
7842 6483
7843 30029
7844 20752
7845 611
7846 9604
7847 18433
7848 26971
7849 9615
7850 8217
7851 13112
7852 275
7853 5000
7854 29447
7855 12065
7856 19841
7857 4870
7858 22138
7859 11849
7860 26060
7861 21024
7862 9590
7863 12208
7864 23744
7865 10503
7866 26046
7867 14114
7868 10189
7869 29940
7870 1781
7871 8132
7872 30547
7873 8031
7874 7427
7875 31982
7876 25629
7877 9586
7878 6586
7879 32056
7880 5675
7881 13245
7882 18874
7883 984
7884 18612
7885 10795
7886 6289
7887 27691
7888 20331
7889 7221
7890 24615
7891 11153
7892 258
7893 8533
7894 18266
7895 17790
7896 10988
7897 2494
7898 29669
7899 17870
7900 29288
7901 19274
7902 4998
7903 13657
7904 18107
7905 15028
7906 96
7907 15560
7908 18620
7909 25863
7910 1182
7911 27047
7912 19350
7913 7510
7914 345
7915 18875
7916 21194
7917 4782
7918 31931
7919 20629
7920 12659
7921 585
7922 23397
7923 15207
7924 11982
7925 23044
7926 18703
7927 26391
7928 21497
7929 24339
7930 5230
7931 19602
7932 18171
7933 11508
7934 603
7935 5987
7936 22277
7937 8353
7938 23601
7939 2692
7940 7672
7941 1034
7942 15735
7943 10099
7944 23334
7945 3522
7946 25791
7947 19337
7948 27485
7949 2297
7950 3021
7951 14216
7952 546
7953 14762
7954 2812
7955 13683
7956 2106
7957 20757
7958 19422
7959 20642
7960 17263
7961 1648
7962 20259
7963 21525
7964 11152
7965 10202
7966 18876
7967 777
7968 4282
7969 14224
7970 7488
7971 16329
7972 30422
7973 26979
7974 12174
7975 5319
7976 19043
7977 5226
7978 26036
7979 21483
7980 21110
7981 27892
7982 17935
7983 16427
7984 1022
7985 6848
7986 1460
7987 30044
7988 6733
7989 32625
7990 1295
7991 583
7992 6356
7993 16700
7994 32714
7995 26880
7996 6702
7997 28132
7998 29680
7999 31091
8000 4193
8001 18920
8002 1107
8003 14912
8004 23136
8005 8187
8006 23083
8007 21449
8008 21204
8009 9396
8010 18943
8011 12680
8012 15387
8013 17031
8014 16329
8015 19879
8016 11665
8017 25076
8018 13909
8019 23242
8020 26127
8021 510
8022 15850
8023 16432
8024 10162
8025 13535
8026 22060
8027 7162
8028 222
8029 21754
8030 8001
8031 16330
8032 9858
8033 1553
8034 9779
8035 23440
8036 17309
8037 22200
8038 20629
8039 19105
8040 25089
8041 5641
8042 11114
8043 14090
8044 20567
8045 12698
8046 8514
8047 1827
8048 10595
8049 12204
8050 23462
8051 18791
8052 24713
8053 6565
8054 21430
8055 4738
8056 30608
8057 27329
8058 22033
8059 428
8060 16807
8061 22276
8062 32245
8063 24374
8064 22437
8065 32371
8066 27560
8067 2402
8068 8597
8069 24707
8070 14870
8071 9080
8072 6514
8073 9170
8074 30651
8075 15126
8076 11055
8077 1557
8078 9923
8079 22472
8080 22010
8081 2129
8082 2160
8083 10456
8084 29378
8085 11087
8086 14269
8087 17768
8088 17399
8089 20554
8090 22337
8091 12989
8092 12945
8093 4586
8094 22101
8095 9438
8096 23635
8097 10614
8098 4473
8099 11614
8100 22353
8101 13381
8102 20980
8103 19574
8104 20144
8105 28021
8106 28859
8107 6231
8108 23725
8109 12256
8110 8340
8111 28349
8112 17888
8113 21580
8114 9083
8115 25800
8116 31170
8117 16354
8118 28485
8119 26888
8120 31854
8121 14050
8122 1411
8123 19414
8124 7588
8125 18324
8126 681
8127 8683
8128 8467
8129 24962
8130 10352
8131 13611
8132 15320
8133 27876
8134 26488
8135 30658
8136 2882
8137 30300
8138 11314
8139 11634
8140 26840
8141 17123
8142 29437
8143 16171
8144 16285
8145 24579
8146 26511
8147 27869
8148 18066
8149 1096
8150 5015
8151 20874
8152 17533
8153 21489
8154 24736
8155 28063
8156 16617
8157 24042
8158 28985
8159 11140
8160 18030
8161 25855
8162 5459
8163 4722
8164 6706
8165 18762
8166 24042
8167 7045
8168 3248
8169 9709
8170 5096
8171 23826
8172 18360
8173 30471
8174 5702
8175 58
8176 15799
8177 23520
8178 25460
8179 13503
8180 7737
8181 18791
8182 20987
8183 5911
8184 29612
8185 16607
8186 15457
8187 15551
8188 20071
8189 24277
8190 9292
8191 23250
8192 8427
8193 22101
8194 4331
8195 15066
8196 12648
8197 11357
8198 11410
8199 29158
8200 17539
8201 18322
8202 26020
8203 3549
8204 25942
8205 10290
8206 5814
8207 11537
8208 28344
8209 23626
8210 31217
8211 13335
8212 14783
8213 1065
8214 27576
8215 5591
8216 5508
8217 31508
8218 16523
8219 25055
8220 27686
8221 30779
8222 12844
8223 3325
8224 14610
8225 15340
8226 10240
8227 10252
8228 13441
8229 7431
8230 24247
8231 30990
8232 22594
8233 2738
8234 13104
8235 10875
8236 8633
8237 22093
8238 5270
8239 1241
8240 13608
8241 22953
8242 25040
8243 26253
8244 17965
8245 19828
8246 13848
8247 28145
8248 27020
8249 25592
8250 26857
8251 2470
8252 13359
8253 31750
8254 17695
8255 25388
8256 19307
8257 44
8258 15194
8259 22447
8260 19077
8261 17966
8262 5027
8263 29476
8264 8565
8265 692
8266 25170
8267 8597
8268 20713
8269 9537
8270 17454
8271 2745
8272 10125
8273 12388
8274 9687
8275 19400
8276 25738
8277 25138
8278 6753
8279 909
8280 25420
8281 16627
8282 1346
8283 25789
8284 13449
8285 24604
8286 7022
8287 17031
8288 18559
8289 29054
8290 32704
8291 19308
8292 3709
8293 30396
8294 32412
8295 26193
8296 11684
8297 9986
8298 11475
8299 26067
8300 15087
8301 23796
8302 28102
8303 1498
8304 4209
8305 8421
8306 9423
8307 26481
8308 10718
8309 9034
8310 5596
8311 32469
8312 10829
8313 15214
8314 14685
8315 10187
8316 28476
8317 15975
8318 1889
8319 21559
8320 21717
8321 16968
8322 32251
8323 2283
8324 3952
8325 8600
8326 26347
8327 7357
8328 15960
8329 21251
8330 8314
8331 28124
8332 7122
8333 26960
8334 28070
8335 356
8336 28251
8337 20371
8338 4479
8339 16687
8340 7986
8341 5540
8342 14801
8343 19439
8344 6678
8345 24783
8346 32003
8347 2937
8348 23121
8349 21709
8350 28479
8351 1380
8352 18677
8353 2291
8354 4820
8355 6611
8356 20582
8357 23978
8358 10200
8359 9359
8360 18712
8361 17951
8362 7953
8363 13401
8364 9114
8365 23100
8366 13334
8367 19582
8368 29652
8369 17622
8370 29361
8371 25771
8372 16781
8373 25128
8374 11144
8375 6915
8376 16944
8377 8832
8378 7164
8379 19567
8380 24527
8381 1336
8382 19794
8383 1845
8384 12648
8385 16360
8386 28432
8387 3021
8388 18535
8389 26074
8390 12458
8391 20464
8392 30573
8393 9150
8394 24158
8395 14321
8396 30288
8397 25503
8398 17757
8399 31312
8400 1891
8401 27926
8402 9003
8403 24973
8404 503
8405 21950
8406 9288
8407 24634
8408 26145
8409 21991
8410 13840
8411 11092
8412 23998
8413 21903
8414 12256
8415 20179
8416 20149
8417 17806
8418 6010
8419 28800
8420 25212
8421 6416
8422 1195
8423 13575
8424 9950
8425 29512
8426 26667
8427 31565
8428 11259
8429 23907
8430 14788
8431 25091
8432 17296
8433 6331
8434 20918
8435 19324
8436 17784
8437 24910
8438 29019
8439 21435
8440 32115
8441 13422
8442 16135
8443 27857
8444 9767
8445 28602
8446 14642
8447 5478
8448 5476
8449 23628
8450 25817
8451 23957
8452 32172
8453 31284
8454 15137
8455 11773
8456 26867
8457 8229
8458 6718
8459 1300
8460 20643
8461 17263
8462 15763
8463 7871
8464 30435
8465 31789
8466 282
8467 14880
8468 25881
8469 6592
8470 29703
8471 29103
8472 13229
8473 23420
8474 32424
8475 22925
8476 32529
8477 8608
8478 8080
8479 22549
8480 11774
8481 10892
8482 1012
8483 27827
8484 27904
8485 12334
8486 32597
8487 22777
8488 820
8489 31166
8490 9823
8491 24559
8492 25680
8493 13739
8494 4370
8495 4011
8496 9189
8497 12245
8498 2079
8499 18722
8500 11745
8501 14332
8502 8597
8503 31294
8504 26712
8505 19576
8506 4284
8507 15921
8508 8836
8509 23851
8510 11585
8511 22536
8512 29962
8513 15029
8514 30100
8515 15235
8516 30590
8517 1510
8518 4239
8519 6180
8520 28458
8521 13177
8522 4696
8523 6790
8524 23307
8525 30719
8526 2184
8527 22512
8528 285
8529 12313
8530 4493
8531 6186
8532 24793
8533 6378
8534 845
8535 29071
8536 12027
8537 27852
8538 25867
8539 27492
8540 16008
8541 14402
8542 16527
8543 6760
8544 31504
8545 31535
8546 3713
8547 27564
8548 22576
8549 27205
8550 16919
8551 4517
8552 23132
8553 25791
8554 14320
8555 18304
8556 7387
8557 29267
8558 3135
8559 24245
8560 30995
8561 23906
8562 7211
8563 19167
8564 13063
8565 15731
8566 13942
8567 8139
8568 20254
8569 1503
8570 16221
8571 13775
8572 29990
8573 27853
8574 19392
8575 26717
8576 1176
8577 15969
8578 30595
8579 8919
8580 15902
8581 28721
8582 31540
8583 12197
8584 9810
8585 2297
8586 17646
8587 32134
8588 1481
8589 12431
8590 6269
8591 20259
8592 10832
8593 31769
8594 31426
8595 2282
8596 19829
8597 19069
8598 27737
8599 4377
8600 17482
8601 17689
8602 14202
8603 30233
8604 23653
8605 22709
8606 21789
8607 20238
8608 2603
8609 15029
8610 11618
8611 2732
8612 19535
8613 20115
8614 14127
8615 8268
8616 26773
8617 32653
8618 15131
8619 22335
8620 26076
8621 25243
8622 15755
8623 6242
8624 26459
8625 13476
8626 21530
8627 32242
8628 19755
8629 2289
8630 27199
8631 5538
8632 15877
8633 15330
8634 14634
8635 2283
8636 32334
8637 32224
8638 30446
8639 8100
8640 14416
8641 2706
8642 229
8643 20690
8644 6603
8645 24660
8646 1360
8647 21953
8648 27308
8649 3045
8650 28735
8651 29524
8652 284
8653 23647
8654 8113
8655 28057
8656 14012
8657 4973
8658 8955
8659 22944
8660 17199
8661 26040
8662 2414
8663 16782
8664 8154
8665 24482
8666 1076
8667 20205
8668 22759
8669 567
8670 24443
8671 28486
8672 28560
8673 11360
8674 5846
8675 9970
8676 12698
8677 9306
8678 2271
8679 1581
8680 10783
8681 21863
8682 3618
8683 29804
8684 3985
8685 5572
8686 30518
8687 17905
8688 21244
8689 2266
8690 13869
8691 20380
8692 13451
8693 29112
8694 14127
8695 27908
8696 334
8697 2497
8698 11361
8699 11462
8700 24122
8701 12194
8702 20747
8703 5917
8704 17522
8705 648
8706 26619
8707 17075
8708 4805
8709 15759
8710 31012
8711 11191
8712 22647
8713 26493
8714 4747
8715 304
8716 15684
8717 10928
8718 4196
8719 23697
8720 10914
8721 26965
8722 12407
8723 6029
8724 6727
8725 25051
8726 29897
8727 13356
8728 11755
8729 30631
8730 6521
8731 2847
8732 29775
8733 29706
8734 8680
8735 13393
8736 32638
8737 21360
8738 16668
8739 23998
8740 12370
8741 29402
8742 8551
8743 1160
8744 23355
8745 12686
8746 20291
8747 17479
8748 10812
8749 23308
8750 19329
8751 12449
8752 24630
8753 27973
8754 2211
8755 27932
8756 24937
8757 3848
8758 22406
8759 30511
8760 9528
8761 19133
8762 1860
8763 22175
8764 29996
8765 24917
8766 15448
8767 10249
8768 7484
8769 18817
8770 17155
8771 13754
8772 29004
8773 12066
8774 24815
8775 4807
8776 19443
8777 1793
8778 27155
8779 27739
8780 27265
8781 2753
8782 7382
8783 1355
8784 19009
8785 12562
8786 2423
8787 4080
8788 27387
8789 30247
8790 2220
8791 23093
8792 6845
8793 2153
8794 1417
8795 32751
8796 11995
8797 11629
8798 7844
8799 5997
8800 20021
8801 29475
8802 25207
8803 3152
8804 12472
8805 337
8806 11013
8807 7325
8808 30760
8809 8000
8810 23745
8811 11281
8812 1564
8813 16822
8814 3243
8815 25013
8816 29514
8817 13603
8818 20924
8819 17330
8820 3076
8821 14367
8822 17796
8823 17765
8824 30211
8825 6676
8826 30738
8827 31670
8828 25444
8829 12856
8830 23316
8831 27558
8832 30448
8833 17087
8834 26687
8835 10024
8836 15776
8837 7246
8838 1777
8839 11314
8840 24928
8841 5554
8842 29973
8843 14867
8844 30996
8845 11218
8846 14152
8847 4359
8848 6617
8849 24034
8850 21561
8851 20489
8852 3469
8853 6618
8854 24406
8855 25832
8856 21137
8857 19751
8858 5797
8859 17053
8860 18637
8861 28064
8862 6127
8863 20956
8864 12277
8865 3771
8866 28964
8867 20457
8868 23307
8869 22273
8870 4091
8871 4013
8872 15654
8873 27071
8874 21721
8875 20745
8876 13169
8877 6399
8878 19700
8879 8810
8880 12406
8881 29622
8882 22456
8883 158
8884 11421
8885 1087
8886 15210
8887 10470
8888 32751
8889 21256
8890 27915
8891 20812
8892 2336
8893 396
8894 3967
8895 15158
8896 17869
8897 4481
8898 28142
8899 21564
8900 16386
8901 11346
8902 30059
8903 22839
8904 29951
8905 32463
8906 29139
8907 12186
8908 6460
8909 32036
8910 4600
8911 26886
8912 23978
8913 8967
8914 30463
8915 9496
8916 6716
8917 1078
8918 21255
8919 17798
8920 422
8921 16673
8922 23308
8923 10346
8924 16997
8925 13283
8926 4106
8927 23773
8928 14591
8929 26999
8930 9061
8931 1480
8932 6028
8933 15145
8934 31368
8935 24311
8936 9845
8937 7242
8938 5580
8939 6255
8940 636
8941 28712
8942 24220
8943 31746
8944 31740
8945 31806
8946 8408
8947 4384
8948 31602
8949 19111
8950 13174
8951 13040
8952 3901
8953 4313
8954 5231
8955 19615
8956 1698
8957 28303
8958 31705
8959 12281
8960 15891
8961 6407
8962 10832
8963 14902
8964 177
8965 18030
8966 30363
8967 15126
8968 8975
8969 28057
8970 24205
8971 21040
8972 15161
8973 11765
8974 7976
8975 13958
8976 6645
8977 29633
8978 6153
8979 7262
8980 26952
8981 11386
8982 32256
8983 11597
8984 5180
8985 8087
8986 8446
8987 18069
8988 23521
8989 16247
8990 18740
8991 29105
8992 15762
8993 1688
8994 28537
8995 19245
8996 3705
8997 13577
8998 21740
8999 19387
9000 28758
9001 546
9002 15835
9003 10116
9004 891
9005 5746
9006 21476
9007 14268
9008 31259
9009 25081
9010 29530
9011 8825
9012 28869
9013 8855
9014 26603
9015 13509
9016 12332
9017 11973
9018 23679
9019 8945
9020 15401
9021 22659
9022 610
9023 9005
9024 21507
9025 31889
9026 13222
9027 5718
9028 18413
9029 4578
9030 5315
9031 13071
9032 18384
9033 19790
9034 31105
9035 26387
9036 3915
9037 11655
9038 4376
9039 25290
9040 4857
9041 846
9042 7573
9043 794
9044 4850
9045 18919
9046 14975
9047 3455
9048 13972
9049 25546
9050 30395
9051 29278
9052 5507
9053 3995
9054 17837
9055 2454
9056 20974
9057 10588
9058 2976
9059 32089
9060 10260
9061 3042
9062 18792
9063 22330
9064 5895
9065 9861
9066 11077
9067 25478
9068 1712
9069 6940
9070 32523
9071 24280
9072 3860
9073 30761
9074 21888
9075 8680
9076 17621
9077 25424
9078 21254
9079 16292
9080 12028
9081 18446
9082 29562
9083 18818
9084 18933
9085 24231
9086 17755
9087 11796
9088 15323
9089 8032
9090 24623
9091 26077
9092 7671
9093 30191
9094 6690
9095 25187
9096 32643
9097 18736
9098 16625
9099 29573
9100 1459
9101 11033
9102 23046
9103 5903
9104 19702
9105 17648
9106 11749
9107 26252
9108 28537
9109 21435
9110 8902
9111 5979
9112 21740
9113 18681
9114 10883
9115 16645
9116 12170
9117 25487
9118 18357
9119 24014
9120 19027
9121 21765
9122 28186
9123 14730
9124 3228
9125 18162
9126 16955
9127 17074
9128 22218