9140
2 5730
3 26857
4 22042
5 29417
6 30537
7 500
8 25088
9 11104
10 5542
11 15063
12 14759
13 25275
14 25831
15 23642
16 22920
17 24349
18 8180
19 19929
20 863
21 13280
22 17168
23 14230
24 10033
25 5767
26 23808
27 8019
28 23950
29 32756
30 31600
31 13089
32 22292
33 28124
34 13970
35 13939
36 25908
37 22647
38 8200
39 17782
40 57
41 12412
42 6404
43 25253
44 28293
45 31052
46 21422
47 664
48 28958
49 21357
50 966
51 2588
52 6506
53 2875
54 650
55 29321
56 11319
57 32730
58 27098
59 2128
60 13822
61 30319
62 27290
63 30676
64 13417
65 11664
66 25176
67 7291
68 30994
69 17657
70 29742
71 17924
72 10638
73 19840
74 10474
75 26651
76 170
77 5451
78 23149
79 26666
80 13556
81 1088
82 28241
83 32115
84 10366
85 7357
86 9167
87 22364
88 17886
89 29833
90 30943
91 32265
92 11897
93 14859
94 27296
95 8496
96 7682
97 6586
98 5371
99 18729
100 10045
101 6101
102 30083
103 7749
104 11785
105 12884
106 21920
107 14945
108 17053
109 24350
110 8173
111 14523
112 16914
113 14972
114 9438
115 30724
116 24610
117 31182
118 4774
119 17078
120 32303
121 30333
122 9304
123 20903
124 29574
125 25904
126 19532
127 23775
128 10982
129 3395
130 24004
131 11942
132 14652
133 5237
134 31183
135 27874
136 20913
137 13024
138 17262
139 3232
140 15078
141 25391
142 7926
143 9201
144 10622
145 25355
146 181
147 3575
148 9182
149 6102
150 3800
151 5439
152 21296
153 11164
154 6796
155 6225
156 26030
157 30278
158 13412
159 23686
160 26141
161 1809
162 24571
163 794
164 11415
165 25151
166 10970
167 21634
168 19598
169 18189
170 10908
171 22016
172 9230
173 4580
174 9808
175 23924
176 28738
177 3795
178 28446
179 6005
180 2874
181 20541
182 11310
183 13216
184 14059
185 24015
186 7621
187 11056
188 6520
189 20405
190 7089
191 21968
192 20144
193 10766
194 21224
195 16557
196 13015
197 3229
198 1644
199 31694
200 19113
201 2753
202 22385
203 20904
204 27804
205 16295
206 22722
207 7405
208 3942
209 29374
210 29025
211 12454
212 25023
213 24683
214 21101
215 1665
216 3944
217 31487
218 1097
219 10092
220 22380
221 14310
222 20219
223 610
224 22438
225 15648
226 466
227 9605
228 12675
229 758
230 24140
231 3438
232 27657
233 15845
234 10806
235 32449
236 14104
237 9439
238 11541
239 7684
240 29680
241 26547
242 7365
243 14769
244 9972
245 27081
246 15712
247 31369
248 13998
249 5394
250 14434
251 28204
252 7186
253 22847
254 28426
255 8167
256 26631
257 11057
258 19459
259 13261
260 16931
261 6321
262 22595
263 14345
264 17590
265 17506
266 5940
267 8306
268 23051
269 24051
270 28177
271 8288
272 32490
273 27289
274 6803
275 22206
276 3681
277 29117
278 31950
279 97
280 31429
281 25074
282 14421
283 9368
284 6131
285 16937
286 28837
287 28677
288 23259
289 808
290 9409
291 12715
292 12864
293 1336
294 28185
295 11847
296 23737
297 9758
298 9904
299 15844
300 24572
301 27469
302 14974
303 26538
304 1371
305 7258
306 10260
307 28663
308 32655
309 25008
310 29822
311 3249
312 7605
313 15237
314 5741
315 13274
316 12182
317 25869
318 7318
319 14436
320 32555
321 30701
322 4949
323 10567
324 865
325 25586
326 28054
327 9938
328 12313
329 3843
330 29941
331 8766
332 1907
333 12628
334 1316
335 15241
336 20556
337 16861
338 5773
339 12674
340 5637
341 1803
342 23609
343 6176
344 21894
345 8117
346 30961
347 18711
348 31619
349 6225
350 4003
351 17069
352 6142
353 24680
354 13063
355 26826
356 27406
357 13383
358 30849
359 23631
360 11998
361 20216
362 12874
363 23721
364 17144
365 30832
366 5323
367 26534
368 7364
369 17418
370 19273
371 2951
372 8523
373 4916
374 16327
375 8022
376 19521
377 12392
378 6696
379 21882
380 18499
381 5727
382 14997
383 23688
384 23645
385 14209
386 13086
387 604
388 21199
389 22943
390 1188
391 3433
392 15633
393 23012
394 8950
395 16461
396 14612
397 27913
398 1082
399 15272
400 7115
401 12233
402 16271
403 12847
404 9450
405 7061
406 32496
407 8956
408 8174
409 13192
410 18523
411 3624
412 5725
413 32157
414 25139
415 22428
416 30543
417 7200
418 22244
419 19492
420 22573
421 7010
422 23493
423 31942
424 12985
425 18353
426 8002
427 25681
428 17486
429 8071
430 16954
431 2872
432 29289
433 13826
434 166
435 7585
436 22633
437 6548
438 19836
439 10170
440 25235
441 4860
442 26067
443 27724
444 6745
445 20597
446 8007
447 2450
448 2012
449 20781
450 30111
451 24651
452 19631
453 9464
454 7085
455 28942
456 23518
457 21574
458 4982
459 9182
460 29487
461 1107
462 4499
463 11774
464 14759
465 11165
466 12247
467 2566
468 10064
469 27291
470 13106
471 13879
472 6714
473 23724
474 26837
475 11532
476 15552
477 30030
478 24215
479 19473
480 8460
481 15760
482 31384
483 7416
484 13790
485 1482
486 13860
487 13546
488 30856
489 24459
490 32730
491 7707
492 2110
493 29651
494 2317
495 32673
496 32396
497 2434
498 618
499 30598
500 12584
501 20497
502 3035
503 23324
504 16618
505 17024
506 23468
507 20880
508 6681
509 13967
510 24813
511 31938
512 18920
513 27697
514 25879
515 9300
516 19776
517 12606
518 28914
519 5890
520 15552
521 28008
522 30901
523 13873
524 31235
525 10864
526 4975
527 24522
528 16929
529 27802
530 16807
531 10824
532 18808
533 28510
534 1855
535 10000
536 17580
537 6752
538 23711
539 7937
540 748
541 17058
542 15119
543 32077
544 32119
545 3064
546 18531
547 23687
548 95
549 32445
550 26078
551 27133
552 20621
553 9669
554 9809
555 4935
556 29446
557 18578
558 28547
559 12832
560 31085
561 5579
562 19157
563 10869
564 30664
565 20969
566 10534
567 11964
568 1927
569 24116
570 7669
571 7815
572 31682
573 11246
574 21957
575 13145
576 10946
577 28622
578 19398
579 28600
580 28867
581 10672
582 689
583 1155
584 20472
585 21642
586 17652
587 8326
588 20944
589 21154
590 12303
591 24140
592 3448
593 27134
594 3902
595 17460
596 30625
597 25884
598 18776
599 2759
600 24451
601 11236
602 26103
603 7497
604 15649
605 26843
606 28121
607 2190
608 13519
609 3737
610 10886
611 19472
612 29682
613 20861
614 2355
615 16702
616 19208
617 27039
618 9447
619 3350
620 10472
621 12550
622 15324
623 20469
624 23370
625 29212
626 5160
627 1966
628 14473
629 31326
630 5020
631 22490
632 5800
633 17752
634 3821
635 11376
636 13204
637 21457
638 5137
639 27286
640 29352
641 835
642 13292
643 9142
644 4982
645 31118
646 3884
647 32467
648 17861
649 30956
650 10866
651 19486
652 16086
653 12328
654 19890
655 30404
656 13292
657 23307
658 29404
659 18699
660 24074
661 18200
662 1980
663 13981
664 27391
665 4217
666 1823
667 8483
668 32672
669 11064
670 11575
671 19222
672 12117
673 3250
674 19264
675 27858
676 3287
677 2377
678 32356
679 8173
680 14391
681 14938
682 19932
683 5318
684 3619
685 111
686 29785
687 18017
688 23653
689 30133
690 22690
691 8306
692 16300
693 25776
694 31102
695 19383
696 3727
697 5933
698 20692
699 5259
700 30159
701 4472
702 29201
703 8121
704 10716
705 3536
706 26570
707 24974
708 20891
709 19480
710 5283
711 2866
712 3687
713 2511
714 7023
715 25144
716 17750
717 13890
718 4760
719 13939
720 3517
721 14080
722 1729
723 27147
724 26870
725 20623
726 4267
727 16337
728 10080
729 1885
730 597
731 25552
732 7848
733 3321
734 28520
735 25124
736 5447
737 3459
738 5329
739 16
740 1868
741 29026
742 25520
743 11082
744 10332
745 26420
746 13169
747 29593
748 18167
749 18955
750 24376
751 17058
752 29948
753 14294
754 21123
755 17919
756 6512
757 27677
758 18699
759 16274
760 20347
761 13042
762 17899
763 12313
764 14003
765 2084
766 1539
767 4098
768 6302
769 14005
770 29087
771 2688
772 1905
773 3214
774 20820
775 28382
776 23070
777 30322
778 18987
779 19476
780 10638
781 6193
782 25858
783 27288
784 13099
785 13598
786 9518
787 6262
788 17570
789 31938
790 29285
791 31651
792 5351
793 4050
794 23004
795 24206
796 11897
797 20831
798 27308
799 11001
800 20199
801 22605
802 12666
803 1799
804 24467
805 5382
806 5975
807 18582
808 27574
809 32623
810 10213
811 13006
812 14244
813 24860
814 699
815 12794
816 23890
817 4032
818 31755
819 2455
820 4629
821 11239
822 12418
823 10411
824 31148
825 14311
826 4208
827 6233
828 10881
829 6931
830 9769
831 14513
832 18220
833 25907
834 7083
835 16333
836 20793
837 26161
838 17281
839 12057
840 6443
841 28181
842 10471
843 13042
844 28608
845 18739
846 27438
847 8307
848 31863
849 19619
850 26722
851 1419
852 23888
853 1778
854 31531
855 32595
856 29651
857 26903
858 20465
859 19103
860 851
861 31657
862 5443
863 17108
864 1140
865 29775
866 2938
867 17145
868 20971
869 16247
870 14233
871 7440
872 4741
873 21067
874 15736
875 7078
876 1131
877 22752
878 9506
879 16809
880 3492
881 5297
882 3963
883 15482
884 13787
885 32589
886 7718
887 15427
888 28003
889 1356
890 4773
891 9867
892 17784
893 28039
894 26818
895 22279
896 32200
897 16521
898 28718
899 25267
900 2866
901 17472
902 10601
903 4386
904 31693
905 24568
906 27105
907 18
908 23596
909 31883
910 2910
911 9540
912 480
913 13521
914 10909
915 8843
916 24383
917 27230
918 14651
919 8226
920 17508
921 4717
922 26326
923 8514
924 12663
925 20247
926 9582
927 1780
928 7727
929 10441
930 19729
931 13605
932 23188
933 31732
934 8887
935 3576
936 27914
937 28422
938 18027
939 14176
940 4491
941 1178
942 19627
943 24301
944 15924
945 7659
946 1810
947 28646
948 20739
949 399
950 16436
951 28569
952 19167
953 14946
954 28362
955 29679
956 15320
957 25280
958 9231
959 26691
960 17585
961 12279
962 14697
963 5236
964 20891
965 20987
966 332
967 6713
968 29252
969 31580
970 32603
971 23733
972 29456
973 9590
974 27601
975 1612
976 7078
977 25832
978 1568
979 8372
980 13999
981 25159
982 31448
983 29519
984 18138
985 19219
986 24777
987 7096
988 3364
989 20201
990 4460
991 5276
992 17494
993 31995
994 24703
995 7883
996 13775
997 5566
998 30448
999 16526
1000 2947
1001 9442
1002 21756
1003 20284
1004 836
1005 30599
1006 16280
1007 14088
1008 26433
1009 17070
1010 7440
1011 29981
1012 28620
1013 3565
1014 1262
1015 30701
1016 29280
1017 13928
1018 1821
1019 22981
1020 482
1021 7676
1022 28238
1023 10661
1024 25639
1025 23229
1026 411
1027 13904
1028 183
1029 31395
1030 2410
1031 3999
1032 11472
1033 12160
1034 7061
1035 12826
1036 30894
1037 30517
1038 29384
1039 4297
1040 25098
1041 5158
1042 21802
1043 29000
1044 4065
1045 27115
1046 20031
1047 19994
1048 31606
1049 4681
1050 16397
1051 13119
1052 10906
1053 15968
1054 3965
1055 18697
1056 24363
1057 14373
1058 28677
1059 299
1060 24539
1061 6163
1062 4740
1063 6675
1064 15922
1065 798
1066 15213
1067 27770
1068 15831
1069 1257
1070 1064
1071 14137
1072 16651
1073 23096
1074 19381
1075 23902
1076 24182
1077 16296
1078 6803
1079 19071
1080 1062
1081 6302
1082 32224
1083 29006
1084 19413
1085 637
1086 7617
1087 6254
1088 25706
1089 10268
1090 4868
1091 27013
1092 13507
1093 26999
1094 16388
1095 30355
1096 7090
1097 11172
1098 12493
1099 10626
1100 28997
1101 25865
1102 18049
1103 20990
1104 11595
1105 14797
1106 12795
1107 17798
1108 22291
1109 15500
1110 433
1111 17859
1112 8823
1113 10063
1114 18143
1115 8473
1116 24089
1117 8379
1118 5602
1119 16765
1120 5869
1121 24968
1122 26081
1123 7558
1124 5368
1125 20021
1126 5043
1127 16326
1128 5463
1129 22778
1130 3069
1131 22618
1132 25986
1133 16383
1134 24731
1135 3264
1136 17362
1137 31691
1138 19778
1139 31209
1140 10561
1141 29183
1142 28515
1143 7311
1144 24690
1145 16452
1146 13650
1147 5065
1148 3569
1149 13186
1150 18599
1151 29149
1152 3515
1153 16211
1154 30693
1155 3925
1156 18945
1157 2487
1158 25433
1159 5205
1160 28457
1161 24329
1162 28997
1163 11307
1164 8470
1165 8753
1166 19774
1167 5928
1168 5545
1169 3356
1170 30419
1171 3758
1172 14471
1173 21865
1174 9071
1175 12171
1176 15389
1177 2405
1178 30593
1179 24197
1180 15330
1181 14650
1182 23257
1183 23350
1184 21468
1185 16483
1186 27733
1187 29979
1188 20838
1189 17251
1190 22718
1191 5863
1192 24880
1193 13751
1194 6381
1195 7197
1196 24199
1197 31753
1198 23346
1199 9437
1200 10199
1201 32422
1202 7158
1203 23550
1204 7278
1205 16434
1206 12702
1207 25438
1208 10114
1209 19611
1210 20403
1211 23158
1212 31862
1213 5195
1214 17728
1215 13106
1216 26713
1217 1954
1218 31356
1219 18687
1220 23728
1221 1699
1222 29097
1223 28197
1224 6005
1225 30957
1226 20284
1227 25431
1228 3167
1229 8685
1230 11582
1231 28040
1232 29540
1233 1363
1234 15858
1235 32257
1236 8317
1237 28610
1238 440
1239 8369
1240 2217
1241 30668
1242 5169
1243 9412
1244 6196
1245 2845
1246 21668
1247 13175
1248 15929
1249 23542
1250 28065
1251 18730
1252 20838
1253 17118
1254 32740
1255 17590
1256 12799
1257 26772
1258 29819
1259 258
1260 19749
1261 19527
1262 14892
1263 11473
1264 25945
1265 31241
1266 29201
1267 21726
1268 17468
1269 1410
1270 20357
1271 21547
1272 14744
1273 7393
1274 12100
1275 7830
1276 2980
1277 18456
1278 10701
1279 6573
1280 15492
1281 10313
1282 9483
1283 30659
1284 18704
1285 19323
1286 10549
1287 18756
1288 17622
1289 26770
1290 31987
1291 14405
1292 30562
1293 6014
1294 19650
1295 8799
1296 24253
1297 22962
1298 24985
1299 1214
1300 15155
1301 1752
1302 10957
1303 28277
1304 2137
1305 29123
1306 7986
1307 27924
1308 1871
1309 22949
1310 14723
1311 10109
1312 15939
1313 31618
1314 5123
1315 6899
1316 4406
1317 22500
1318 26469
1319 11892
1320 22531
1321 209
1322 28905
1323 4169
1324 5533
1325 1018
1326 969
1327 4571
1328 13464
1329 17717
1330 18899
1331 30152
1332 27883
1333 23853
1334 30551
1335 25654
1336 14068
1337 20568
1338 30275
1339 31080
1340 28604
1341 12842
1342 19597
1343 8847
1344 4733
1345 2185
1346 16849
1347 15586
1348 11105
1349 896
1350 2108
1351 10992
1352 26509
1353 23863
1354 27816
1355 21557
1356 26206
1357 30243
1358 21000
1359 17132
1360 12274
1361 378
1362 31751
1363 21541
1364 29931
1365 21994
1366 27884
1367 11799
1368 31599
1369 13962
1370 23233
1371 28855
1372 23923
1373 10257
1374 32692
1375 21642
1376 31802
1377 9798
1378 18877
1379 11191
1380 19736
1381 19895
1382 11649
1383 31072
1384 25468
1385 19886
1386 8311
1387 4914
1388 23598
1389 13921
1390 32329
1391 315
1392 3540
1393 30569
1394 23933
1395 4092
1396 8891
1397 8821
1398 5972
1399 18624
1400 32724
1401 17984
1402 1778
1403 17452
1404 7421
1405 30144
1406 17344
1407 2838
1408 12930
1409 20385
1410 23311
1411 31131
1412 24548
1413 6641
1414 19710
1415 22635
1416 12249
1417 17949
1418 20637
1419 8296
1420 7571
1421 28956
1422 9042
1423 7280
1424 32581
1425 13290
1426 26492
1427 23926
1428 31204
1429 22584
1430 22103
1431 13528
1432 25131
1433 17762
1434 18720
1435 10476
1436 12001
1437 14753
1438 23929
1439 6108
1440 24670
1441 9090
1442 14606
1443 31925
1444 332
1445 12182
1446 12409
1447 2746
1448 9387
1449 24171
1450 21859
1451 4862
1452 1303
1453 14012
1454 12268
1455 26674
1456 10574
1457 26597
1458 10061
1459 13499
1460 12781
1461 28825
1462 23996
1463 30472
1464 13434
1465 7639
1466 913
1467 6178
1468 18343
1469 30234
1470 26022
1471 20612
1472 9429
1473 25809
1474 15107
1475 20270
1476 728
1477 14862
1478 30139
1479 22261
1480 3578
1481 21122
1482 6929
1483 17949
1484 8514
1485 31657
1486 26335
1487 15401
1488 9462
1489 26690
1490 15929
1491 20978
1492 13918
1493 18690
1494 13645
1495 6135
1496 31947
1497 23945
1498 11405
1499 20212
1500 20440
1501 4501
1502 18705
1503 3766
1504 4848
1505 31350
1506 19510
1507 20269
1508 27152
1509 18626
1510 3724
1511 1987
1512 11214
1513 585
1514 8687
1515 22764
1516 13467
1517 6219
1518 24307
1519 29694
1520 32581
1521 11753
1522 24966
1523 13636
1524 9920
1525 8922
1526 14544
1527 9293
1528 13605
1529 13919
1530 20062
1531 20106
1532 25595
1533 22137
1534 18560
1535 12313
1536 12726
1537 28505
1538 27631
1539 7899
1540 28797
1541 20248
1542 16563
1543 27596
1544 12848
1545 29096
1546 32324
1547 11924
1548 13738
1549 18699
1550 752
1551 28505
1552 14659
1553 21954
1554 23164
1555 8920
1556 22169
1557 9097
1558 6158
1559 11444
1560 19345
1561 32321
1562 1867
1563 23565
1564 21656
1565 29486
1566 30908
1567 5717
1568 31791
1569 29282
1570 11638
1571 9311
1572 934
1573 9337
1574 9722
1575 21945
1576 18727
1577 18567
1578 22618
1579 28220
1580 20215
1581 11855
1582 4509
1583 4577
1584 18425
1585 8374
1586 1637
1587 8919
1588 19828
1589 21623
1590 22223
1591 17874
1592 8725
1593 12055
1594 2459
1595 165
1596 9784
1597 31260
1598 17037
1599 10003
1600 24931
1601 22138
1602 14354
1603 2530
1604 17683
1605 1102
1606 11303
1607 7218
1608 3260
1609 21198
1610 27767
1611 781
1612 24331
1613 19584
1614 7619
1615 17215
1616 5230
1617 29611
1618 22151
1619 360
1620 18134
1621 8972
1622 19675
1623 2127
1624 3772
1625 26313
1626 7063
1627 2425
1628 4450
1629 25003
1630 25274
1631 19451
1632 17499
1633 4743
1634 18189
1635 15756
1636 2637
1637 3581
1638 5379
1639 6622
1640 3318
1641 101
1642 2788
1643 7215
1644 30829
1645 3079
1646 3626
1647 28443
1648 31658
1649 22410
1650 20524
1651 20148
1652 12873
1653 24752
1654 9721
1655 4308
1656 23435
1657 26432
1658 6023
1659 1970
1660 670
1661 1091
1662 27149
1663 29364
1664 31774
1665 16754
1666 10669
1667 29060
1668 23771
1669 17648
1670 30294
1671 11622
1672 19933
1673 25909
1674 6121
1675 11465
1676 24997
1677 14666
1678 7578
1679 1307
1680 20150
1681 31036
1682 3226
1683 24290
1684 13140
1685 17099
1686 25075
1687 9
1688 18060
1689 5730
1690 27571
1691 20599
1692 6772
1693 8268
1694 15692
1695 3303
1696 21428
1697 8740
1698 17211
1699 7155
1700 31301
1701 4237
1702 14824
1703 14705
1704 18297
1705 14628
1706 3021
1707 27651
1708 5436
1709 1203
1710 23259
1711 30954
1712 21145
1713 10664
1714 14617
1715 18971
1716 8576
1717 25285
1718 21647
1719 31381
1720 454
1721 32280
1722 6754
1723 31985
1724 11629
1725 22574
1726 5440
1727 4155
1728 2598
1729 6020
1730 2814
1731 30464
1732 21524
1733 15422
1734 7552
1735 9384
1736 26067
1737 22555
1738 29402
1739 21766
1740 16825
1741 681
1742 10420
1743 16942
1744 16475
1745 23989
1746 5875
1747 27783
1748 2131
1749 15878
1750 9622
1751 10529
1752 13121
1753 19531
1754 14813
1755 27208
1756 17424
1757 12881
1758 32433
1759 30297
1760 21115
1761 10361
1762 3136
1763 212
1764 4047
1765 30570
1766 13032
1767 22963
1768 2290
1769 16899
1770 27990
1771 9978
1772 18852
1773 11155
1774 15855
1775 23696
1776 17669
1777 11853
1778 31598
1779 26189
1780 10071
1781 13814
1782 20687
1783 14420
1784 29958
1785 21217
1786 29805
1787 14755
1788 6885
1789 6429
1790 23143
1791 15592
1792 21435
1793 32749
1794 26183
1795 31638
1796 1790
1797 21880
1798 24550
1799 18233
1800 1246
1801 6850
1802 12170
1803 25863
1804 17286
1805 23515
1806 9554
1807 18359
1808 414
1809 22615
1810 20436
1811 7062
1812 29204
1813 4093
1814 9732
1815 22743
1816 21788
1817 1988
1818 2136
1819 20522
1820 8821
1821 23291
1822 23849
1823 26001
1824 10478
1825 27847
1826 19549
1827 28015
1828 18218
1829 19922
1830 24131
1831 24546
1832 8608
1833 10818
1834 446
1835 22099
1836 31205
1837 21480
1838 15782
1839 1868
1840 2862
1841 15546
1842 4459
1843 13449
1844 4113
1845 30084
1846 18683
1847 16209
1848 21899
1849 1242
1850 18406
1851 22279
1852 32583
1853 10833
1854 4032
1855 30204
1856 24861
1857 25071
1858 1480
1859 8327
1860 4570
1861 15327
1862 15302
1863 6744
1864 6975
1865 23657
1866 16442
1867 1545
1868 27468
1869 14370
1870 14770
1871 8950
1872 27326
1873 24672
1874 20860
1875 7503
1876 23766
1877 29681
1878 12669
1879 9323
1880 27740
1881 2061
1882 6497
1883 15199
1884 2532
1885 7560
1886 20213
1887 30672
1888 32592
1889 30284
1890 28112
1891 8965
1892 23702
1893 24327
1894 23097
1895 28992
1896 8643
1897 16673
1898 23365
1899 17231
1900 19008
1901 4337
1902 8256
1903 9822
1904 7508
1905 27696
1906 13646
1907 1551
1908 26603
1909 31918
1910 11090
1911 17613
1912 918
1913 29507
1914 30479
1915 11869
1916 20178
1917 12041
1918 19342
1919 30901
1920 31373
1921 25800
1922 29631
1923 18194
1924 20710
1925 23218
1926 28514
1927 25413
1928 22837
1929 3153
1930 22312
1931 8525
1932 32075
1933 19133
1934 19478
1935 8491
1936 5115
1937 11538
1938 30251
1939 25330
1940 29913
1941 25889
1942 22082
1943 24862
1944 31041
1945 19558
1946 28474
1947 9510
1948 3739
1949 15675
1950 2643
1951 2645
1952 15838
1953 3146
1954 6875
1955 8917
1956 19539
1957 13896
1958 1291
1959 29453
1960 22940
1961 5601
1962 19500
1963 30509
1964 7924
1965 13806
1966 27645
1967 9990
1968 13240
1969 5102
1970 24921
1971 27680
1972 31527
1973 26292
1974 9749
1975 15878
1976 8038
1977 15709
1978 9256
1979 22757
1980 15814
1981 2693
1982 25614
1983 16981
1984 10314
1985 28603
1986 31342
1987 4215
1988 24676
1989 23857
1990 30970
1991 10048
1992 12032
1993 22968
1994 26262
1995 24596
1996 32195
1997 1772
1998 701
1999 20375
2000 21909
2001 13740
2002 22561
2003 7616
2004 9821
2005 7886
2006 25234
2007 9263
2008 15371
2009 5136
2010 19489
2011 18112
2012 1244
2013 15697
2014 1413
2015 14944
2016 3289
2017 13825
2018 15806
2019 11807
2020 21154
2021 7894
2022 31992
2023 2695
2024 22889
2025 30656
2026 26289
2027 15148
2028 7233
2029 22048
2030 26398
2031 13957
2032 18073
2033 19253
2034 20427
2035 14330
2036 22019
2037 3798
2038 10115
2039 24638
2040 2363
2041 16999
2042 12655
2043 12255
2044 16484
2045 24582
2046 28545
2047 4124
2048 12948
2049 10757
2050 9236
2051 24054
2052 7315
2053 11933
2054 5836
2055 11146
2056 19680
2057 13280
2058 8388
2059 11165
2060 12533
2061 8176
2062 17384
2063 31609
2064 18380
2065 12655
2066 20895
2067 16120
2068 7586
2069 7222
2070 25774
2071 17118
2072 13563
2073 24138
2074 12889
2075 6507
2076 230
2077 24843
2078 30410
2079 25905
2080 21634
2081 15023
2082 183
2083 17956
2084 27585
2085 9199
2086 8256
2087 7408
2088 29036
2089 30208
2090 32022
2091 6287
2092 9832
2093 17605
2094 6114
2095 16922
2096 3639
2097 26947
2098 31461
2099 31455
2100 17601
2101 4181
2102 24027
2103 8373
2104 24917
2105 8609
2106 16678
2107 19596
2108 2795
2109 4810
2110 17448
2111 24392
2112 8620
2113 31464
2114 15089
2115 20688
2116 8628
2117 31285
2118 18202
2119 30049
2120 8982
2121 18952
2122 30704
2123 11561
2124 6944
2125 2312
2126 13782
2127 12817
2128 17121
2129 6041
2130 31972
2131 30682
2132 18153
2133 6299
2134 10964
2135 21099
2136 9296
2137 27220
2138 25631
2139 22121
2140 22266
2141 11178
2142 21603
2143 10249
2144 15640
2145 8598
2146 19976
2147 11298
2148 21490
2149 4309
2150 3363
2151 20359
2152 12773
2153 24545
2154 8602
2155 22675
2156 24999
2157 5407
2158 17546
2159 30469
2160 723
2161 1370
2162 7397
2163 1550
2164 21409
2165 18032
2166 14176
2167 13481
2168 2036
2169 14923
2170 13708
2171 2091
2172 4507
2173 17939
2174 30786
2175 27931
2176 15824
2177 2466
2178 18757
2179 19011
2180 19461
2181 11065
2182 18467
2183 18951
2184 25057
2185 2929
2186 7772
2187 19958
2188 133
2189 30068
2190 16070
2191 16543
2192 24339
2193 8044
2194 13360
2195 14758
2196 20081
2197 3900
2198 17222
2199 10263
2200 2634
2201 14191
2202 25525
2203 30457
2204 6998
2205 24685
2206 21647
2207 24615
2208 11996
2209 12789
2210 20464
2211 24923
2212 1909
2213 28871
2214 8674
2215 1932
2216 27410
2217 17569
2218 9854
2219 1146
2220 12864
2221 6765
2222 29524
2223 17031
2224 23723
2225 30393
2226 12301
2227 27336
2228 20193
2229 19559
2230 25167
2231 4444
2232 7513
2233 11174
2234 12513
2235 31740
2236 2228
2237 23841
2238 25104
2239 14036
2240 3906
2241 15734
2242 6481
2243 27537
2244 14280
2245 27881
2246 6183
2247 11964
2248 31105
2249 10074
2250 1607
2251 14150
2252 25954
2253 22644
2254 1275
2255 13412
2256 29858
2257 16424
2258 4548
2259 13725
2260 8314
2261 15193
2262 31811
2263 22816
2264 10026
2265 1241
2266 29529
2267 13404
2268 8764
2269 661
2270 28046
2271 10955
2272 21004
2273 29452
2274 28847
2275 9998
2276 17032
2277 3846
2278 31931
2279 27199
2280 11573
2281 29570
2282 7681
2283 25987
2284 15475
2285 26608
2286 27266
2287 20958
2288 5121
2289 21664
2290 28316
2291 31308
2292 17091
2293 32123
2294 19690
2295 27661
2296 451
2297 21745
2298 5478
2299 320
2300 25719
2301 31538
2302 6096
2303 31155
2304 24130
2305 15777
2306 13652
2307 5626
2308 16700
2309 10885
2310 30055
2311 26814
2312 6710
2313 3330
2314 25074
2315 21080
2316 3577
2317 25929
2318 28338
2319 23198
2320 7119
2321 12555
2322 28638
2323 23805
2324 26949
2325 6195
2326 25611
2327 15049
2328 31534
2329 20948
2330 5454
2331 2000
2332 32747
2333 21856
2334 21920
2335 25909
2336 3818
2337 11292
2338 23174
2339 32380
2340 365
2341 30416
2342 31729
2343 23777
2344 18573
2345 31683
2346 23138
2347 1262
2348 25726
2349 20710
2350 12371
2351 4684
2352 24852
2353 30288
2354 21203
2355 17882
2356 31622
2357 29930
2358 9584
2359 14844
2360 21875
2361 21868
2362 1369
2363 12598
2364 22818
2365 904
2366 28612
2367 13049
2368 13070
2369 29028
2370 26510
2371 27324
2372 1186
2373 3918
2374 24097
2375 32079
2376 13377
2377 27564
2378 9115
2379 18540
2380 32393
2381 3889
2382 8749
2383 16528
2384 11481
2385 26967
2386 26816
2387 24840
2388 5392
2389 24841
2390 18655
2391 25167
2392 18072
2393 23967
2394 3025
2395 10903
2396 2212
2397 23568
2398 773
2399 11430
2400 3509
2401 25699
2402 30644
2403 10467
2404 99
2405 29543
2406 15809
2407 1201
2408 19802
2409 11428
2410 28132
2411 11259
2412 20131
2413 26769
2414 2823
2415 12560
2416 15397
2417 29448
2418 5872
2419 7858
2420 1387
2421 3574
2422 23073
2423 12393
2424 30887
2425 3159
2426 25340
2427 25886
2428 23287
2429 6498
2430 43
2431 8164
2432 21992
2433 32768
2434 14911
2435 19225
2436 24121
2437 1667
2438 4247
2439 12718
2440 30689
2441 12949
2442 32132
2443 707
2444 31570
2445 2414
2446 1450
2447 13175
2448 16384
2449 8267
2450 22186
2451 13054
2452 20509
2453 4379
2454 14590
2455 9460
2456 2471
2457 10107
2458 22820
2459 5616
2460 20645
2461 23012
2462 11262
2463 24157
2464 13998
2465 25379
2466 29305
2467 10117
2468 15274
2469 4106
2470 8301
2471 18159
2472 3037
2473 5478
2474 10948
2475 25579
2476 24353
2477 561
2478 223
2479 7019
2480 23922
2481 8712
2482 13621
2483 5652
2484 11440
2485 25567
2486 6461
2487 17557
2488 2977
2489 6387
2490 20623
2491 13880
2492 7734
2493 8192
2494 8006
2495 15798
2496 20239
2497 20660
2498 30632
2499 22608
2500 27200
2501 15204
2502 2825
2503 2843
2504 21846
2505 4351
2506 25068
2507 10908
2508 2197
2509 18240
2510 16236
2511 16532
2512 11652
2513 19751
2514 21466
2515 1053
2516 1708
2517 25513
2518 680
2519 6134
2520 1180
2521 28327
2522 16261
2523 796
2524 11312
2525 21021
2526 18122
2527 6042
2528 12819
2529 12188
2530 13589
2531 15265
2532 28547
2533 6138
2534 16947
2535 18651
2536 5204
2537 1352
2538 9028
2539 30205
2540 14904
2541 12548
2542 22553
2543 32412
2544 15677
2545 6800
2546 26593
2547 32065
2548 32151
2549 20963
2550 20741
2551 11199
2552 28320
2553 23167
2554 12368
2555 32196
2556 5917
2557 15010
2558 25427
2559 18863
2560 26307
2561 2753
2562 10760
2563 29601
2564 1274
2565 6450
2566 2997
2567 20183
2568 31968
2569 30249
2570 787
2571 10551
2572 27281
2573 31717
2574 13744
2575 13608
2576 3494
2577 10027
2578 14994
2579 17831
2580 25851
2581 21492
2582 13341
2583 4248
2584 14262
2585 12899
2586 16695
2587 27481
2588 12164
2589 2041
2590 2473
2591 13725
2592 26662
2593 4364
2594 27080
2595 26232
2596 6189
2597 5749
2598 342
2599 28598
2600 14081
2601 2954
2602 10659
2603 27505
2604 17448
2605 18508
2606 5879
2607 18403
2608 5061
2609 13281
2610 10548
2611 25976
2612 17503
2613 29508
2614 12216
2615 23335
2616 16868
2617 28731
2618 9345
2619 21763
2620 31214
2621 19593
2622 8852
2623 16653
2624 9540
2625 5477
2626 7071
2627 15949
2628 19108
2629 19244
2630 4317
2631 545
2632 24256
2633 4435
2634 21306
2635 10196
2636 9606
2637 6815
2638 3768
2639 7794
2640 14500
2641 9624
2642 9489
2643 10459
2644 22348
2645 7483
2646 7070
2647 9239
2648 25396
2649 12783
2650 8311
2651 2025
2652 12002
2653 32442
2654 27356
2655 21927
2656 294
2657 3765
2658 31443
2659 26952
2660 29160
2661 22205
2662 31763
2663 24767
2664 1059
2665 30572
2666 20513
2667 3464
2668 8498
2669 23367
2670 953
2671 9344
2672 22859
2673 1337
2674 13167
2675 8185
2676 3401
2677 9025
2678 9110
2679 2062
2680 26030
2681 14695
2682 3937
2683 5428
2684 15080
2685 30964
2686 29512
2687 24850
2688 21203
2689 6114
2690 22189
2691 6547
2692 6016
2693 15506
2694 22720
2695 27193
2696 11061
2697 20925
2698 1184
2699 4020
2700 32180
2701 22189
2702 12483
2703 18867
2704 18112
2705 32685
2706 28055
2707 7930
2708 2526
2709 15038
2710 18281
2711 10164
2712 1881
2713 27787
2714 24455
2715 21003
2716 16008
2717 31135
2718 8353
2719 21751
2720 25939
2721 28630
2722 4725
2723 17747
2724 30964
2725 25617
2726 4268
2727 310
2728 19451
2729 22574
2730 26878
2731 25984
2732 13717
2733 15672
2734 9373
2735 435
2736 17933
2737 26074
2738 209
2739 15877
2740 9363
2741 32026
2742 23263
2743 10163
2744 31293
2745 21828
2746 4912
2747 22423
2748 3659
2749 8995
2750 11183
2751 9981
2752 30639
2753 31095
2754 9587
2755 9907
2756 1997
2757 6308
2758 24990
2759 3167
2760 21119
2761 26280
2762 2437
2763 2581
2764 30556
2765 9039
2766 16913
2767 17449
2768 4154
2769 11434
2770 11877
2771 22850
2772 26865
2773 26557
2774 1472
2775 12464
2776 25698
2777 8568
2778 16549
2779 768
2780 12984
2781 31721
2782 8506
2783 20685
2784 15598
2785 15279
2786 6895
2787 15321
2788 27026
2789 2482
2790 23903
2791 30300
2792 7880
2793 32017
2794 1659
2795 15515
2796 9617
2797 348
2798 16357
2799 3261
2800 21069
2801 27908
2802 19354
2803 4314
2804 5759
2805 23567
2806 17364
2807 28502
2808 24529
2809 8976
2810 4655
2811 30061
2812 26712
2813 28247
2814 25098
2815 20494
2816 23576
2817 24933
2818 4656
2819 18157
2820 30667
2821 19107
2822 27064
2823 11732
2824 1246
2825 16211
2826 5161
2827 57
2828 22205
2829 13254
2830 10466
2831 23318
2832 11600
2833 25551
2834 16825
2835 18677
2836 8389
2837 8057
2838 25827
2839 5194
2840 31377
2841 20469
2842 17940
2843 5126
2844 8113
2845 18646
2846 8934
2847 9833
2848 28726
2849 14721
2850 15999
2851 19992
2852 16384
2853 21214
2854 16494
2855 9583
2856 19658
2857 30036
2858 31447
2859 7192
2860 21863
2861 31477
2862 23504
2863 13021
2864 13898
2865 29173
2866 3594
2867 10682
2868 12108
2869 23393
2870 3252
2871 21559
2872 13994
2873 16909
2874 11932
2875 2037
2876 32077
2877 15823
2878 27800
2879 22918
2880 2127
2881 14058
2882 26404
2883 7041
2884 954
2885 32205
2886 28492
2887 21462
2888 12947
2889 2814
2890 5837
2891 7008
2892 8215
2893 31569
2894 2935
2895 7097
2896 30276
2897 7261
2898 16853
2899 8018
2900 7579
2901 7472
2902 13072
2903 26563
2904 2597
2905 14146
2906 12817
2907 15967
2908 22964
2909 25512
2910 7142
2911 29452
2912 10091
2913 28810
2914 26471
2915 15698
2916 14464
2917 2775
2918 22553
2919 13233
2920 26177
2921 4151
2922 22610
2923 19768
2924 26965
2925 15682
2926 16030
2927 8531
2928 27205
2929 3055
2930 610
2931 23013
2932 31547
2933 22095
2934 9151
2935 2966
2936 24329
2937 4475
2938 19129
2939 26735
2940 16748
2941 13515
2942 24985
2943 164
2944 17554
2945 8520
2946 11919
2947 1456
2948 2011
2949 7524
2950 12444
2951 17319
2952 3037
2953 14569
2954 17327
2955 17608
2956 6058
2957 11568
2958 20495
2959 21330
2960 853
2961 3475
2962 2296
2963 19866
2964 2994
2965 23588
2966 32393
2967 89
2968 4958
2969 22176
2970 1758
2971 31562
2972 29951
2973 3998
2974 17017
2975 5109
2976 19149
2977 10252
2978 16358
2979 2757
2980 20306
2981 15580
2982 670
2983 1633
2984 15213
2985 23803
2986 28973
2987 22841
2988 17821
2989 7043
2990 28304
2991 17759
2992 9852
2993 4657
2994 8929
2995 12953
2996 18058
2997 26649
2998 14134
2999 2740
3000 31020
3001 12440
3002 2246
3003 12315
3004 26869
3005 13963
3006 5965
3007 17064
3008 6435
3009 1982
3010 12978
3011 9913
3012 8301
3013 21672
3014 11239
3015 647
3016 252
3017 30805
3018 3346
3019 9651
3020 16823
3021 15523
3022 7402
3023 3874
3024 11459
3025 11953
3026 12643
3027 1291
3028 22346
3029 6037
3030 5517
3031 29518
3032 22140
3033 27981
3034 1721
3035 1032
3036 17876
3037 20472
3038 3295
3039 9828
3040 669
3041 26439
3042 12860
3043 30644
3044 16564
3045 13358
3046 24127
3047 17088
3048 23695
3049 10975
3050 22438
3051 2397
3052 3710
3053 10488
3054 12773
3055 19522
3056 25393
3057 7163
3058 10695
3059 1304
3060 7547
3061 27648
3062 13655
3063 1744
3064 25941
3065 32422
3066 19201
3067 14393
3068 26662
3069 26191
3070 9205
3071 23762
3072 20034
3073 4493
3074 32204
3075 24541
3076 10672
3077 3799
3078 8046
3079 21940
3080 16944
3081 14465
3082 9523
3083 10080
3084 25212
3085 23787
3086 22600
3087 7272
3088 2767
3089 14072
3090 5461
3091 14055
3092 11428
3093 19137
3094 1628
3095 5601
3096 21440
3097 31371
3098 13285
3099 20951
3100 24690
3101 26615
3102 12632
3103 1945
3104 14106
3105 30073
3106 26794
3107 1372
3108 2280
3109 31755
3110 18747
3111 19980
3112 6630
3113 2339
3114 24063
3115 26340
3116 10297
3117 14562
3118 3805
3119 9019
3120 22692
3121 142
3122 4436
3123 25249
3124 19533
3125 32066
3126 19556
3127 29994
3128 17348
3129 6884
3130 13228
3131 6666
3132 29505
3133 10072
3134 24016
3135 19554
3136 27693
3137 9715
3138 23069
3139 21082
3140 16356
3141 30515
3142 2416
3143 17008
3144 16314
3145 10413
3146 32339
3147 29456
3148 32316
3149 326
3150 10346
3151 2148
3152 30136
3153 7590
3154 20238
3155 5229
3156 30719
3157 12522
3158 7991
3159 32083
3160 19305
3161 15769
3162 20639
3163 7673
3164 6426
3165 23258
3166 9764
3167 21717
3168 4228
3169 23012
3170 19822
3171 29951
3172 25645
3173 24501
3174 25043
3175 19847
3176 946
3177 18183
3178 5751
3179 15116
3180 14093
3181 24192
3182 19384
3183 30602
3184 32531
3185 22313
3186 5065
3187 7284
3188 24384
3189 30497
3190 27292
3191 2819
3192 29879
3193 25747
3194 9478
3195 11981
3196 32389
3197 7397
3198 23326
3199 20121
3200 15142
3201 27698
3202 20966
3203 24434
3204 16202
3205 30971
3206 10285
3207 3578
3208 10713
3209 14361
3210 19123
3211 29185
3212 22836
3213 23798
3214 29583
3215 8278
3216 1470
3217 6653
3218 14542
3219 3805
3220 26011
3221 17743
3222 28253
3223 32482
3224 15799
3225 13752
3226 24361
3227 25005
3228 1034
3229 27617
3230 8580
3231 27479
3232 30491
3233 23495
3234 2763
3235 18396
3236 20163
3237 27243
3238 1605
3239 9840
3240 27188
3241 29644
3242 21327
3243 3863
3244 7993
3245 27922
3246 28342
3247 13936
3248 3776
3249 30476
3250 11109
3251 17361
3252 8853
3253 29916
3254 15936
3255 15769
3256 6256
3257 31473
3258 16719
3259 4034
3260 15922
3261 10806
3262 29215
3263 24758
3264 17260
3265 19337
3266 12133
3267 10340
3268 17441
3269 16239
3270 31205
3271 15762
3272 28877
3273 5638
3274 31890
3275 19829
3276 30629
3277 25403
3278 24567
3279 29055
3280 4897
3281 9020
3282 27861
3283 22392
3284 25016
3285 17201
3286 16910
3287 12240
3288 27370
3289 8743
3290 8641
3291 22068
3292 30084
3293 7756
3294 6583
3295 26719
3296 4896
3297 610
3298 2814
3299 16179
3300 1259
3301 26478
3302 21715
3303 32264
3304 23979
3305 24240
3306 9926
3307 11332
3308 1280
3309 30680
3310 15896
3311 3371
3312 32745
3313 30583
3314 4712
3315 10745
3316 8843
3317 20916
3318 13710
3319 16942
3320 3886
3321 15680
3322 27336
3323 5674
3324 9865
3325 29324
3326 14612
3327 16377
3328 19775
3329 27449
3330 31964
3331 3696
3332 10921
3333 13776
3334 15576
3335 5753
3336 17622
3337 12723
3338 17969
3339 28331
3340 7632
3341 18259
3342 21474
3343 18718
3344 13857
3345 28836
3346 17764
3347 24445
3348 6294
3349 9678
3350 10378
3351 25948
3352 21315
3353 550
3354 6826
3355 29900
3356 455
3357 13660
3358 17661
3359 10541
3360 19666
3361 5365
3362 30792
3363 23620
3364 740
3365 25084
3366 11196
3367 14734
3368 11863
3369 5877
3370 25371
3371 7123
3372 19615
3373 21011
3374 16413
3375 26877
3376 2769
3377 12203
3378 17170
3379 24619
3380 11106
3381 10471
3382 32456
3383 3586
3384 31025
3385 19135
3386 17327
3387 23363
3388 27592
3389 22821
3390 1595
3391 27043
3392 24799
3393 12928
3394 1162
3395 13015
3396 3874
3397 1884
3398 28487
3399 7662
3400 5685
3401 14944
3402 6606
3403 32483
3404 20468
3405 31872
3406 30097
3407 13427
3408 18175
3409 31092
3410 23738
3411 22572
3412 30326
3413 10344
3414 28690
3415 13511
3416 14081
3417 5365
3418 3105
3419 30391
3420 32020
3421 13392
3422 6551
3423 19202
3424 19569
3425 6849
3426 15594
3427 24656
3428 1262
3429 9559
3430 10561
3431 32321
3432 27768
3433 27611
3434 6801
3435 9988
3436 6744
3437 3842
3438 15109
3439 30502
3440 10165
3441 14054
3442 30628
3443 14247
3444 18778
3445 21943
3446 2094
3447 22099
3448 14010
3449 686
3450 11846
3451 14415
3452 561
3453 323
3454 28630
3455 6899
3456 18061
3457 18592
3458 20656
3459 30423
3460 19917
3461 8021
3462 20337
3463 6449
3464 5417
3465 8013
3466 10667
3467 26462
3468 21074
3469 13825
3470 11075
3471 190
3472 24058
3473 29931
3474 3351
3475 12997
3476 10135
3477 17982
3478 9956
3479 29519
3480 5732
3481 22996
3482 30824
3483 21812
3484 31657
3485 24168
3486 19907
3487 11037
3488 31293
3489 23301
3490 803
3491 19606
3492 1865
3493 15550
3494 11168
3495 12644
3496 26702
3497 27808
3498 8037
3499 22296
3500 21098
3501 485
3502 13585
3503 9444
3504 3799
3505 25706
3506 10845
3507 16814
3508 18612
3509 29540
3510 32766
3511 4195
3512 26632
3513 1102
3514 19661
3515 18062
3516 7684
3517 20006
3518 19493
3519 20777
3520 1672
3521 5336
3522 11148
3523 31666
3524 745
3525 10491
3526 23446
3527 3458
3528 12786
3529 4027
3530 26631
3531 20827
3532 10536
3533 26390
3534 6968
3535 15168
3536 21330
3537 23116
3538 28860
3539 8329
3540 6201
3541 14992
3542 6978
3543 13878
3544 12717
3545 4100
3546 8637
3547 18820
3548 20936
3549 14052
3550 22467
3551 26302
3552 32375
3553 23809
3554 13619
3555 25174
3556 17973
3557 29554
3558 20763
3559 30772
3560 12826
3561 26758
3562 985
3563 30030
3564 6421
3565 15869
3566 29824
3567 8057
3568 14454
3569 20343
3570 5501
3571 20350
3572 13743
3573 23852
3574 21626
3575 29041
3576 27995
3577 11998
3578 386
3579 24382
3580 13183
3581 25356
3582 12646
3583 18821
3584 26896
3585 15977
3586 8032
3587 8872
3588 2742
3589 3980
3590 20983
3591 16418
3592 7376
3593 31465
3594 1826
3595 9754
3596 6328
3597 17152
3598 11184
3599 12599
3600 16200
3601 24788
3602 25063
3603 4791
3604 29853
3605 159
3606 23404
3607 21179
3608 2330
3609 14020
3610 2659
3611 19685
3612 5040
3613 261
3614 28118
3615 23333
3616 16733
3617 26614
3618 32091
3619 8912
3620 15859
3621 21681
3622 30705
3623 14323
3624 6683
3625 28364
3626 6700
3627 2790
3628 21145
3629 5768
3630 32658
3631 21540
3632 23762
3633 20299
3634 13124
3635 29273
3636 23691
3637 11857
3638 13281
3639 28349
3640 26355
3641 8606
3642 28327
3643 7073
3644 30436
3645 9015
3646 30171
3647 327
3648 30310
3649 11409
3650 30315
3651 3319
3652 373
3653 32330
3654 12499
3655 13903
3656 17924
3657 4119
3658 31037
3659 3803
3660 9537
3661 15614
3662 748
3663 28646
3664 31259
3665 32709
3666 31450
3667 14991
3668 10497
3669 21418
3670 13728
3671 24095
3672 23789
3673 3412
3674 29847
3675 6297
3676 5538
3677 16394
3678 1597
3679 9619
3680 27442
3681 803
3682 17882
3683 20293
3684 10946
3685 11197
3686 15971
3687 5600
3688 12433
3689 20146
3690 29854
3691 24865
3692 9015
3693 7880
3694 7303
3695 28709
3696 29739
3697 31528
3698 15859
3699 31615
3700 18824
3701 16914
3702 3187
3703 15752
3704 13585
3705 15310
3706 30331
3707 21750
3708 23666
3709 12774
3710 12227
3711 13744
3712 30409
3713 1682
3714 15086
3715 7137
3716 17252
3717 24692
3718 13930
3719 13643
3720 24012
3721 16005
3722 28823
3723 29919
3724 4867
3725 2128
3726 1835
3727 17546
3728 7179
3729 28254
3730 5589
3731 2385
3732 24999
3733 12017
3734 14368
3735 11680
3736 11622
3737 4853
3738 25243
3739 9695
3740 27612
3741 14131
3742 22327
3743 9031
3744 25651
3745 30152
3746 14576
3747 26868
3748 2275
3749 981
3750 687
3751 30523
3752 17853
3753 6009
3754 25967
3755 317
3756 28462
3757 10748
3758 20895
3759 24764
3760 14018
3761 10829
3762 12232
3763 31790
3764 18663
3765 13231
3766 3184
3767 21264
3768 30708
3769 7343
3770 15166
3771 9341
3772 6249
3773 29273
3774 13663
3775 25599
3776 29304
3777 13227
3778 14119
3779 28837
3780 27845
3781 24906
3782 24828
3783 16982
3784 21611
3785 13684
3786 24432
3787 356
3788 26175
3789 6198
3790 24237
3791 15460
3792 32088
3793 9183
3794 19734
3795 12350
3796 2767
3797 19892
3798 12587
3799 22144
3800 15043
3801 1765
3802 5805
3803 11768
3804 27296
3805 27072
3806 22275
3807 29057
3808 21665
3809 18213
3810 16605
3811 12573
3812 5268
3813 10298
3814 25367
3815 324
3816 27102
3817 6239
3818 32480
3819 13436
3820 23230
3821 19301
3822 25883
3823 21290
3824 7382
3825 29690
3826 17157
3827 17832
3828 26343
3829 24168
3830 8729
3831 25751
3832 4060
3833 9088
3834 7985
3835 25463
3836 7946
3837 2000
3838 7405
3839 18805
3840 12726
3841 23325
3842 30040
3843 27779
3844 22999
3845 27661
3846 28361
3847 8878
3848 23070
3849 25635
3850 30728
3851 7596
3852 25396
3853 8176
3854 28594
3855 9397
3856 13891
3857 22408
3858 31455
3859 8341
3860 20663
3861 11060
3862 12033
3863 11774
3864 1350
3865 26726
3866 4880
3867 10786
3868 9773
3869 6898
3870 15332
3871 28033
3872 9405
3873 15994
3874 2018
3875 10496
3876 18967
3877 9258
3878 15834
3879 6460
3880 27956
3881 24742
3882 4912
3883 1053
3884 18984
3885 22081
3886 23866
3887 13486
3888 24231
3889 12144
3890 29162
3891 26924
3892 28616
3893 23934
3894 31661
3895 26461
3896 7433
3897 28545
3898 17554
3899 11042
3900 9363
3901 21900
3902 15535
3903 25424
3904 15552
3905 25638
3906 16321
3907 12476
3908 9947
3909 11259
3910 24082
3911 23445
3912 24359
3913 31186
3914 11424
3915 29431
3916 3618
3917 4799
3918 24699
3919 2748
3920 7946
3921 154
3922 14703
3923 2966
3924 8097
3925 687
3926 32739
3927 18779
3928 19758
3929 30391
3930 6657
3931 21407
3932 29380
3933 19976
3934 31767
3935 13448
3936 31942
3937 25352
3938 30781
3939 4574
3940 26027
3941 17127
3942 12601
3943 25698
3944 24575
3945 16270
3946 13471
3947 14689
3948 25002
3949 24018
3950 61
3951 12936
3952 29813
3953 29678
3954 30389
3955 14330
3956 28618
3957 3120
3958 1900
3959 4256
3960 32699
3961 24562
3962 3491
3963 21696
3964 7495
3965 32460
3966 10980
3967 28370
3968 23512
3969 30216
3970 8352
3971 7823
3972 12303
3973 3158
3974 27926
3975 12874
3976 5060
3977 26049
3978 12150
3979 27267
3980 11081
3981 9186
3982 5959
3983 15290
3984 20463
3985 22100
3986 25350
3987 25217
3988 9164
3989 20328
3990 12816
3991 32213
3992 4795
3993 12569
3994 11714
3995 9134
3996 25763
3997 17986
3998 19934
3999 9173
4000 17661
4001 31758
4002 15408
4003 27894
4004 25488
4005 4016
4006 7026
4007 18422
4008 4735
4009 17493
4010 13678
4011 23942
4012 1414
4013 13655
4014 21602
4015 14841
4016 5761
4017 6324
4018 19368
4019 17234
4020 13102
4021 1470
4022 29590
4023 21922
4024 22579
4025 5140
4026 7332
4027 31121
4028 15715
4029 26320
4030 15820
4031 26938
4032 5949
4033 30722
4034 25143
4035 22332
4036 4533
4037 14430
4038 6677
4039 11277
4040 26680
4041 22321
4042 29389
4043 11666
4044 16106
4045 18074
4046 14934
4047 17645
4048 8498
4049 20470
4050 4580
4051 22167
4052 18808
4053 19612
4054 5064
4055 24750
4056 5677
4057 22219
4058 4241
4059 21392
4060 20492
4061 1760
4062 10104
4063 22696
4064 9632
4065 4300
4066 15867
4067 31624
4068 7
4069 21958
4070 6855
4071 26936
4072 5365
4073 15933
4074 10203
4075 14798
4076 23036
4077 28689
4078 8171
4079 30783
4080 15626
4081 13570
4082 11010
4083 23669
4084 17971
4085 9577
4086 11884
4087 27554
4088 1712
4089 27430
4090 21459
4091 29395
4092 31016
4093 12505
4094 2984
4095 4040
4096 14127
4097 4437
4098 3781
4099 15363
4100 10253
4101 6993
4102 9040
4103 3615
4104 3264
4105 15713
4106 10466
4107 9571
4108 3396
4109 11813
4110 12264
4111 29591
4112 11025
4113 9408
4114 8266
4115 22806
4116 15590
4117 30092
4118 13131
4119 18213
4120 22469
4121 26381
4122 17585
4123 23683
4124 18750
4125 21283
4126 16165
4127 12354
4128 1777
4129 26755
4130 10204
4131 16084
4132 14159
4133 8295
4134 3447
4135 11625
4136 14240
4137 15493
4138 24104
4139 22393
4140 17226
4141 24894
4142 26903
4143 23196
4144 8272
4145 8217
4146 3844
4147 5282
4148 29977
4149 1647
4150 26157
4151 18400
4152 11123
4153 1128
4154 21874
4155 22984
4156 1239
4157 16422
4158 27319
4159 24509
4160 17391
4161 10559
4162 28810
4163 28197
4164 3925
4165 24689
4166 1797
4167 23999
4168 29086
4169 18321
4170 17398
4171 31542
4172 6807
4173 19909
4174 7742
4175 21751
4176 17870
4177 19443
4178 10359
4179 6976
4180 27220
4181 1401
4182 24282
4183 18042
4184 6082
4185 8479
4186 3167
4187 30665
4188 9338
4189 11849
4190 2853
4191 18401
4192 4399
4193 2674
4194 25621
4195 30747
4196 17832
4197 15061
4198 4547
4199 14792
4200 2752
4201 3693
4202 27284
4203 32709
4204 26034
4205 7200
4206 30246
4207 3664
4208 14483
4209 28984
4210 12780
4211 15641
4212 19488
4213 1042
4214 2329
4215 8092
4216 9914
4217 16154
4218 960
4219 1967
4220 21679
4221 14327
4222 28985
4223 5719
4224 1467
4225 26370
4226 4550
4227 20192
4228 9167
4229 29437
4230 886
4231 24621
4232 18192
4233 25858
4234 30282
4235 6220
4236 11043
4237 22713
4238 27543
4239 13901
4240 2472
4241 31950
4242 1195
4243 3669
4244 32260
4245 30626
4246 9395
4247 13294
4248 22116
4249 1089
4250 27101
4251 7841
4252 30207
4253 23445
4254 16825
4255 31943
4256 11419
4257 15833
4258 7397
4259 10396
4260 10066
4261 12367
4262 1513
4263 29589
4264 24214
4265 17206
4266 8032
4267 15348
4268 9587
4269 29687
4270 19801
4271 153
4272 15892
4273 32671
4274 3580
4275 26395
4276 6025
4277 14737
4278 17777
4279 26647
4280 6343
4281 14973
4282 253
4283 5576
4284 7408
4285 31628
4286 30062
4287 12504
4288 1237
4289 12765
4290 15546
4291 32630
4292 442
4293 32309
4294 5859
4295 6825
4296 32089
4297 17650
4298 12829
4299 9700
4300 17193
4301 16961
4302 15923
4303 9434
4304 20191
4305 11921
4306 20263
4307 25491
4308 25653
4309 1864
4310 21273
4311 9408
4312 21483
4313 20404
4314 8041
4315 2636
4316 4620
4317 24132
4318 22816
4319 27699
4320 371
4321 2552
4322 15500
4323 4503
4324 6285
4325 19478
4326 2091
4327 17
4328 17249
4329 10783
4330 3787
4331 21829
4332 9933
4333 31745
4334 13550
4335 24249
4336 10514
4337 25230
4338 23923
4339 25575
4340 25491
4341 557
4342 2419
4343 22160
4344 25049
4345 21967
4346 12138
4347 23892
4348 20955
4349 11813
4350 3479
4351 27776
4352 2428
4353 12561
4354 31653
4355 24871
4356 1366
4357 27994
4358 32650
4359 21108
4360 17590
4361 22179
4362 10672
4363 3390
4364 9959
4365 15774
4366 31826
4367 28125
4368 11700
4369 6269
4370 25130
4371 3132
4372 18728
4373 12201
4374 30793
4375 28208
4376 4248
4377 695
4378 12102
4379 13320
4380 3300
4381 31128
4382 1946
4383 29542
4384 30713
4385 13839
4386 27979
4387 13389
4388 5530
4389 6504
4390 30408
4391 17530
4392 2401
4393 21096
4394 2836
4395 21752
4396 19968
4397 1920
4398 13095
4399 5615
4400 12749
4401 28997
4402 6802
4403 17597
4404 31870
4405 31013
4406 865
4407 24647
4408 8752
4409 12370
4410 12613
4411 30609
4412 10159
4413 13059
4414 4083
4415 18061
4416 7153
4417 19420
4418 6343
4419 5425
4420 19171
4421 27562
4422 15277
4423 3276
4424 3433
4425 18772
4426 20289
4427 30618
4428 23199
4429 15887
4430 19509
4431 7830
4432 32358
4433 12752
4434 22515
4435 14735
4436 6428
4437 11271
4438 25220
4439 9598
4440 19626
4441 23690
4442 23473
4443 21783
4444 15044
4445 12495
4446 17256
4447 12190
4448 14444
4449 18783
4450 6497
4451 20988
4452 23224
4453 25479
4454 28672
4455 26130
4456 16598
4457 2897
4458 9854
4459 1101
4460 16205
4461 10675
4462 3652
4463 21371
4464 20613
4465 17157
4466 32663
4467 23261
4468 28298
4469 31160
4470 8570
4471 14973
4472 14861
4473 10566
4474 26832
4475 15809
4476 4780
4477 11621
4478 4802
4479 31809
4480 1139
4481 10624
4482 7776
4483 31958
4484 11938
4485 25703
4486 2443
4487 3827
4488 1968
4489 3142
4490 21778
4491 20025
4492 8849
4493 30420
4494 5147
4495 1093
4496 22837
4497 12748
4498 2757
4499 23757
4500 81
4501 30625
4502 8203
4503 8171
4504 2145
4505 23662
4506 9964
4507 26296
4508 12270
4509 18219
4510 17096
4511 32285
4512 11020
4513 2855
4514 27406
4515 27622
4516 25640
4517 13746
4518 21012
4519 18968
4520 14848
4521 25626
4522 13126
4523 27781
4524 24307
4525 13786
4526 19587
4527 1181
4528 15739
4529 12045
4530 1732
4531 14215
4532 1528
4533 7977
4534 4607
4535 23153
4536 18863
4537 24553
4538 30795
4539 18724
4540 18194
4541 139
4542 27716
4543 2779
4544 19266
4545 12604
4546 22193
4547 14677
4548 19666
4549 721
4550 26468
4551 24105
4552 9166
4553 20151
4554 11618
4555 14938
4556 763
4557 23341
4558 31300
4559 11307
4560 5729
4561 4016
4562 5341
4563 10036
4564 27399
4565 19895
4566 32541
4567 29366
4568 1022
4569 16801
4570 21301
4571 8748
4572 16544
4573 16364
4574 31740
4575 31778
4576 30746
4577 679
4578 19602
4579 17226
4580 28200
4581 23338
4582 15171
4583 5581
4584 1312
4585 11268
4586 17326
4587 22239
4588 20786
4589 16181
4590 13350
4591 22166
4592 28910
4593 19614
4594 27224
4595 11260
4596 20230
4597 17589
4598 17198
4599 30051
4600 12630
4601 13181
4602 16884
4603 29432
4604 14625
4605 20406
4606 12986
4607 12187
4608 14494
4609 2640
4610 19449
4611 11246
4612 435
4613 12838
4614 4985
4615 16300
4616 4608
4617 32745
4618 2673
4619 9533
4620 16415
4621 7770
4622 25841
4623 25479
4624 20010
4625 701
4626 20605
4627 2566
4628 1406
4629 10634
4630 3578
4631 29471
4632 16319
4633 2917
4634 25295
4635 177
4636 285
4637 24144
4638 9540
4639 1774
4640 2005
4641 30496
4642 26669
4643 22889
4644 29946
4645 24365
4646 2509
4647 11887
4648 29301
4649 29262
4650 10741
4651 19611
4652 31307
4653 6405
4654 19308
4655 13989
4656 8990
4657 29430
4658 9363
4659 18811
4660 5623
4661 1438
4662 25417
4663 147
4664 4418
4665 17217
4666 26637
4667 21631
4668 7450
4669 32292
4670 15458
4671 26562
4672 21703
4673 7165
4674 18552
4675 30178
4676 27013
4677 7592
4678 3080
4679 14526
4680 17031
4681 20251
4682 24192
4683 14370
4684 24124
4685 13212
4686 31328
4687 14233
4688 22737
4689 562
4690 22500
4691 13954
4692 15351
4693 18009
4694 6883
4695 13926
4696 31718
4697 30969
4698 6135
4699 15241
4700 17826
4701 9625
4702 13534
4703 15295
4704 637
4705 28624
4706 10272
4707 28545
4708 13533
4709 3325
4710 23538
4711 14656
4712 4671
4713 1592
4714 30811
4715 5881
4716 32380
4717 22153
4718 22677
4719 21002
4720 19531
4721 14679
4722 28598
4723 24900
4724 26376
4725 15651
4726 24720
4727 12609
4728 18868
4729 28278
4730 19669
4731 18168
4732 26428
4733 12055
4734 8063
4735 28814
4736 26622
4737 3458
4738 22126
4739 30832
4740 24713
4741 12438
4742 3923
4743 3742
4744 26020
4745 11150
4746 23502
4747 23626
4748 8595
4749 20018
4750 8403
4751 30113
4752 20117
4753 17742
4754 1362
4755 7657
4756 15025
4757 8036
4758 13335
4759 4556
4760 14514
4761 2462
4762 29935
4763 19443
4764 8817
4765 22790
4766 24844
4767 30679
4768 20562
4769 13305
4770 13994
4771 1748
4772 10769
4773 28633
4774 4083
4775 7040
4776 13503
4777 30467
4778 288
4779 16186
4780 16903
4781 19201
4782 25058
4783 5638
4784 9398
4785 30464
4786 17920
4787 1176
4788 3707
4789 1668
4790 26945
4791 31918
4792 31466
4793 21594
4794 4748
4795 25507
4796 19399
4797 17871
4798 12878
4799 18241
4800 31362
4801 17951
4802 16412
4803 21720
4804 766
4805 5680
4806 7066
4807 18060
4808 27542
4809 17536
4810 29851
4811 15091
4812 3682
4813 24924
4814 32393
4815 10976
4816 1974
4817 17236
4818 29448
4819 29049
4820 28140
4821 28651
4822 10198
4823 6800
4824 13924
4825 31891
4826 15349
4827 27440
4828 27592
4829 31704
4830 8205
4831 22645
4832 6549
4833 19163
4834 32268
4835 24737
4836 4311
4837 21250
4838 17423
4839 31341
4840 27188
4841 5102
4842 22149
4843 3741
4844 26923
4845 2477
4846 11665
4847 12247
4848 9374
4849 17201
4850 25009
4851 1205
4852 6286
4853 15617
4854 27550
4855 6169
4856 1319
4857 21551
4858 7027
4859 961
4860 16124
4861 25994
4862 2832
4863 10523
4864 21651
4865 27924
4866 4033
4867 27738
4868 11556
4869 14775
4870 28443
4871 9673
4872 1182
4873 2355
4874 23335
4875 15711
4876 26859
4877 8283
4878 31171
4879 9364
4880 7285
4881 13185
4882 31556
4883 8820
4884 489
4885 13103
4886 1120
4887 9714
4888 30011
4889 20760
4890 28492
4891 4734
4892 13802
4893 20813
4894 10273
4895 15066
4896 18053
4897 31668
4898 10372
4899 32297
4900 25966
4901 16823
4902 22150
4903 15177
4904 734
4905 27705
4906 19145
4907 3682
4908 22569
4909 26062
4910 16869
4911 3263
4912 1091
4913 29995
4914 15625
4915 29405
4916 20867
4917 31707
4918 5606
4919 30914
4920 2216
4921 3380
4922 2504
4923 16528
4924 29978
4925 29066
4926 6
4927 4954
4928 32370
4929 27042
4930 3997
4931 24630
4932 31547
4933 18025
4934 2072
4935 12692
4936 8442
4937 10470
4938 435
4939 3278
4940 13677
4941 32366
4942 14527
4943 28672
4944 25873
4945 3351
4946 14408
4947 25113
4948 25318
4949 9327
4950 6134
4951 18738
4952 13686
4953 18029
4954 20785
4955 31519
4956 21780
4957 23719
4958 28552
4959 15428
4960 32610
4961 19910
4962 8276
4963 8362
4964 25622
4965 1847
4966 26008
4967 851
4968 3837
4969 20260
4970 28716
4971 1994
4972 13120
4973 29347
4974 25883
4975 23037
4976 15334
4977 9261
4978 4681
4979 8271
4980 17818
4981 7761
4982 22105
4983 21482
4984 26030
4985 24233
4986 16333
4987 29522
4988 25185
4989 3342
4990 10095
4991 17216
4992 16477
4993 25352
4994 18928
4995 4525
4996 18820
4997 10120
4998 9424
4999 12077
5000 28908
5001 4826
5002 6781
5003 4734
5004 14376
5005 11989
5006 8639
5007 23137
5008 31178
5009 1877
5010 1107
5011 8616
5012 15653
5013 16107
5014 28887
5015 22929
5016 30552
5017 23506
5018 25574
5019 7762
5020 23944
5021 24869
5022 11395
5023 14837
5024 11372
5025 2128
5026 4027
5027 18790
5028 2319
5029 11973
5030 20358
5031 14283
5032 24273
5033 19440
5034 6383
5035 1043
5036 24239
5037 876
5038 7540
5039 1234
5040 965
5041 10103
5042 23472
5043 7756
5044 16657
5045 16291
5046 23351
5047 7887
5048 15482
5049 26575
5050 24514
5051 13639
5052 15121
5053 6998
5054 22412
5055 13836
5056 8854
5057 16518
5058 2299
5059 8702
5060 13374
5061 2132
5062 17283
5063 9172
5064 25779
5065 30285
5066 6088
5067 30641
5068 30045
5069 9424
5070 23298
5071 28920
5072 13024
5073 6523
5074 31142
5075 4706
5076 31974
5077 15843
5078 23875
5079 27726
5080 31518
5081 20616
5082 27049
5083 13656
5084 9093
5085 25096
5086 21841
5087 20780
5088 30180
5089 12946
5090 24825
5091 14749
5092 4249
5093 926
5094 12943
5095 32241
5096 667
5097 12763
5098 22352
5099 19583
5100 32441
5101 11113
5102 12593
5103 14973
5104 21538
5105 5705
5106 21374
5107 15891
5108 20522
5109 15122
5110 4801
5111 3763
5112 27979
5113 2021
5114 19429
5115 24493
5116 29546
5117 16290
5118 9883
5119 10494
5120 27996
5121 10588
5122 22269
5123 29289
5124 6057
5125 21515
5126 8817
5127 21706
5128 11408
5129 17025
5130 11217
5131 9638
5132 12619
5133 5024
5134 19145
5135 262
5136 10388
5137 31433
5138 29312
5139 9606
5140 20071
5141 7319
5142 27514
5143 22185
5144 16650
5145 9166
5146 25789
5147 14703
5148 15179
5149 8846
5150 8242
5151 24362
5152 17417
5153 5069
5154 15951
5155 29325
5156 30453
5157 4356
5158 27891
5159 15110
5160 19098
5161 4135
5162 32145
5163 27214
5164 30619
5165 15835
5166 9873
5167 26686
5168 25916
5169 18404
5170 29683
5171 4324
5172 16164
5173 11228
5174 11062
5175 6358
5176 6242
5177 24107
5178 9848
5179 3014
5180 16301
5181 23859
5182 27358
5183 6487
5184 10480
5185 1227
5186 32310
5187 9263
5188 4102
5189 13807
5190 16347
5191 18253
5192 14529
5193 9909
5194 18649
5195 17821
5196 28722
5197 28291
5198 5970
5199 6090
5200 13092
5201 8832
5202 2337
5203 3156
5204 7658
5205 5704
5206 27068
5207 11746
5208 2395
5209 5348
5210 5983
5211 25561
5212 31002
5213 9721
5214 871
5215 301
5216 16155
5217 13119
5218 4604
5219 13688
5220 30818
5221 8757
5222 7410
5223 5193
5224 18190
5225 13844
5226 7665
5227 9918
5228 28055
5229 19969
5230 17364
5231 15189
5232 12116
5233 21382
5234 30544
5235 26623
5236 6720
5237 27971
5238 4822
5239 29302
5240 7677
5241 18913
5242 20922
5243 4817
5244 5145
5245 5960
5246 14996
5247 17494
5248 7569
5249 31250
5250 2279
5251 6287
5252 31123
5253 6463
5254 23040
5255 16544
5256 14728
5257 4650
5258 8481
5259 16599
5260 30290
5261 26811
5262 9951
5263 645
5264 27346
5265 18399
5266 6089
5267 14348
5268 6062
5269 9781
5270 26186
5271 18234
5272 21585
5273 8971
5274 977
5275 11733
5276 28979
5277 12168
5278 13614
5279 5239
5280 20314
5281 22570
5282 1600
5283 924
5284 4385
5285 17012
5286 8397
5287 28410
5288 18488
5289 13024
5290 2737
5291 2833
5292 17644
5293 12059
5294 3899
5295 8450
5296 27304
5297 4209
5298 22484
5299 21668
5300 11708
5301 6790
5302 30689
5303 4309
5304 7774
5305 27208
5306 28651
5307 3598
5308 9454
5309 20769
5310 27645
5311 10043
5312 21375
5313 28785
5314 16718
5315 28873
5316 28818
5317 10555
5318 28448
5319 17920
5320 7972
5321 13343
5322 9960
5323 16531
5324 18412
5325 30088
5326 8111
5327 20085
5328 10206
5329 25126
5330 14520
5331 23023
5332 10227
5333 1951
5334 12131
5335 14320
5336 25132
5337 3457
5338 27729
5339 20644
5340 30677
5341 17020
5342 11209
5343 13895
5344 7431
5345 2510
5346 1371
5347 7740
5348 32112
5349 15614
5350 5827
5351 28761
5352 24150
5353 21965
5354 22032
5355 24710
5356 8666
5357 29802
5358 20229
5359 18054
5360 3962
5361 5605
5362 20415
5363 10260
5364 1498
5365 3814
5366 18584
5367 10546
5368 31172
5369 7839
5370 25420
5371 22206
5372 26221
5373 11775
5374 5466
5375 32582
5376 4858
5377 3880
5378 12717
5379 3613
5380 20802
5381 20772
5382 15740
5383 7342
5384 6614
5385 31699
5386 3183
5387 11793
5388 10559
5389 18472
5390 26627
5391 18652
5392 646
5393 10389
5394 17967
5395 25404
5396 31482
5397 13764
5398 21320
5399 21828
5400 13101
5401 21384
5402 21282
5403 17796
5404 8512
5405 8723
5406 7544
5407 17374
5408 4192
5409 3945
5410 14733
5411 1685
5412 14737
5413 7445
5414 23828
5415 32167
5416 22954
5417 11802
5418 21069
5419 12381
5420 26785
5421 28972
5422 2418
5423 6432
5424 22025
5425 15136
5426 22865
5427 29582
5428 28377
5429 26018
5430 13114
5431 12493
5432 20591
5433 1574
5434 19995
5435 1567
5436 3285
5437 4385
5438 3306
5439 18871
5440 25666
5441 15736
5442 9283
5443 4556
5444 14308
5445 15416
5446 17235
5447 18923
5448 6620
5449 6281
5450 17396
5451 12945
5452 7819
5453 21469
5454 9753
5455 32505
5456 21260
5457 4717
5458 23149
5459 1331
5460 32001
5461 27622
5462 8247
5463 13430
5464 1939
5465 13407
5466 31361
5467 17847
5468 16820
5469 20879
5470 121
5471 23162
5472 20903
5473 28733
5474 3351
5475 32233
5476 451
5477 11767
5478 4608
5479 15395
5480 19060
5481 2823
5482 4523
5483 17366
5484 15746
5485 14499
5486 1218
5487 17936
5488 13974
5489 5988
5490 11979
5491 2130
5492 29946
5493 31226
5494 9735
5495 23783
5496 672
5497 29
5498 4762
5499 30067
5500 3174
5501 7622
5502 26861
5503 17359
5504 3992
5505 8864
5506 9041
5507 23828
5508 182
5509 21945
5510 16101
5511 4854
5512 20344
5513 31102
5514 32697
5515 14164
5516 27664
5517 19430
5518 16435
5519 15884
5520 12719
5521 22253
5522 20402
5523 12564
5524 23114
5525 9540
5526 9330
5527 10951
5528 24478
5529 12103
5530 25776
5531 19068
5532 28018
5533 5167
5534 2830
5535 22365
5536 18716
5537 29577
5538 10808
5539 1399
5540 21062
5541 31463
5542 5064
5543 4365
5544 242
5545 31701
5546 26215
5547 9266
5548 1212
5549 7694
5550 18229
5551 14999
5552 26975
5553 496
5554 19052
5555 30625
5556 25723
5557 26414
5558 20288
5559 8894
5560 12438
5561 11205
5562 21257
5563 15866
5564 6496
5565 14129
5566 32675
5567 27341
5568 7483
5569 9696
5570 30997
5571 4407
5572 18426
5573 18663
5574 11890
5575 32015
5576 10985
5577 19956
5578 12797
5579 26009
5580 5646
5581 9091
5582 23696
5583 4950
5584 30383
5585 27989
5586 16447
5587 6176
5588 32533
5589 7454
5590 11832
5591 19830
5592 31631
5593 895
5594 21485
5595 3348
5596 30905
5597 27955
5598 13174
5599 22470
5600 7933
5601 8333
5602 31536
5603 24191
5604 26459
5605 20258
5606 171
5607 8613
5608 3430
5609 20419
5610 25283
5611 6832
5612 25231
5613 13486
5614 5900
5615 9203
5616 26278
5617 4612
5618 26228
5619 4793
5620 18846
5621 2174
5622 7459
5623 14228
5624 14993
5625 26716
5626 29094
5627 14578
5628 10243
5629 159
5630 26445
5631 31729
5632 21867
5633 28280
5634 12241
5635 3957
5636 27120
5637 256
5638 20538
5639 19831
5640 23664
5641 1321
5642 3328
5643 9888
5644 24774
5645 3573
5646 24945
5647 19478
5648 14925
5649 3302
5650 1618
5651 11158
5652 6048
5653 20149
5654 19401
5655 29123
5656 23460
5657 12359
5658 19067
5659 1725
5660 30665
5661 8156
5662 12273
5663 14582
5664 15244
5665 16010
5666 10816
5667 2625
5668 15681
5669 13802
5670 14057
5671 21292
5672 16399
5673 5649
5674 22782
5675 12432
5676 15164
5677 20417
5678 31366
5679 28518
5680 26282
5681 7905
5682 32035
5683 27356
5684 28834
5685 31019
5686 15858
5687 4265
5688 16593
5689 21797
5690 4275
5691 32669
5692 27792
5693 23890
5694 30250
5695 29820
5696 16489
5697 25513
5698 4548
5699 30988
5700 726
5701 10566
5702 8830
5703 2413
5704 21579
5705 20064
5706 771
5707 9129
5708 20599
5709 32379
5710 29972
5711 30092
5712 21704
5713 11486
5714 15405
5715 7350
5716 4141
5717 30024
5718 19302
5719 11502
5720 16415
5721 29919
5722 2711
5723 28857
5724 16098
5725 12137
5726 30399
5727 6187
5728 18184
5729 21694
5730 8615
5731 18942
5732 4152
5733 31357
5734 21698
5735 19169
5736 10541
5737 7679
5738 23384
5739 12050
5740 13057
5741 649
5742 14307
5743 18991
5744 25004
5745 16326
5746 18618
5747 20810
5748 26056
5749 5236
5750 8172
5751 25403
5752 9111
5753 20829
5754 4719
5755 27450
5756 23366
5757 28809
5758 17018
5759 4525
5760 9843
5761 11442
5762 10543
5763 12094
5764 28398
5765 11512
5766 25469
5767 30257
5768 17084
5769 6358
5770 17989
5771 17908
5772 10594
5773 10325
5774 32187
5775 23800
5776 24160
5777 1151
5778 15376
5779 23744
5780 5371
5781 3095
5782 15182
5783 21560
5784 10559
5785 20615
5786 5763
5787 17479
5788 25157
5789 24346
5790 15905
5791 21159
5792 10674
5793 10859
5794 2981
5795 7925
5796 23680
5797 10270
5798 14455
5799 28164
5800 6401
5801 30413
5802 15377
5803 8055
5804 11808
5805 8261
5806 21860
5807 8591
5808 4075
5809 19443
5810 17271
5811 22337
5812 30030
5813 30105
5814 29010
5815 9356
5816 801
5817 31813
5818 6426
5819 5385
5820 10342
5821 7556
5822 8829
5823 20676
5824 4043
5825 12499
5826 16465
5827 21322
5828 19063
5829 14166
5830 4471
5831 6403
5832 6146
5833 5069
5834 18694
5835 14018
5836 28613
5837 32451
5838 8613
5839 3995
5840 12117
5841 2824
5842 8249
5843 7413
5844 4682
5845 20066
5846 27073
5847 31967
5848 22341
5849 640
5850 12413
5851 15016
5852 13873
5853 12847
5854 31830
5855 1449
5856 3016
5857 18129
5858 21114
5859 19046
5860 24153
5861 2570
5862 71
5863 25046
5864 8137
5865 28604
5866 3434
5867 19198
5868 20697
5869 15414
5870 6472
5871 8901
5872 27046
5873 23208
5874 10141
5875 19971
5876 11126
5877 30682
5878 8290
5879 2523
5880 16305
5881 13598
5882 1781
5883 22091
5884 18478
5885 1924
5886 11380
5887 28417
5888 17584
5889 5964
5890 24937
5891 18032
5892 29105
5893 13217
5894 27309
5895 14116
5896 1118
5897 11908
5898 15750
5899 24402
5900 26594
5901 13574
5902 18195
5903 23220
5904 24551
5905 30650
5906 17130
5907 20115
5908 13402
5909 14186
5910 25855
5911 31782
5912 19055
5913 2569
5914 23240
5915 19738
5916 20198
5917 27625
5918 26526
5919 3698
5920 21900
5921 28974
5922 8295
5923 19857
5924 4612
5925 11139
5926 2674
5927 2965
5928 3527
5929 6155
5930 8610
5931 15079
5932 32618
5933 10650
5934 2511
5935 15120
5936 10016
5937 17190
5938 28521
5939 18127
5940 21631
5941 13944
5942 23390
5943 2152
5944 31111
5945 6951
5946 32318
5947 18494
5948 28384
5949 4551
5950 13982
5951 27044
5952 19811
5953 18270
5954 22202
5955 10737
5956 220
5957 19735
5958 27998
5959 21970
5960 30734
5961 6203
5962 5638
5963 26853
5964 5624
5965 15964
5966 5188
5967 19331
5968 18519
5969 16852
5970 15970
5971 8925
5972 26476
5973 622
5974 31560
5975 26442
5976 17151
5977 9826
5978 22433
5979 13535
5980 164
5981 3975
5982 30266
5983 2625
5984 12093
5985 12484
5986 24490
5987 27063
5988 13248
5989 22471
5990 30008
5991 4227
5992 29499
5993 16122
5994 2809
5995 14451
5996 24085
5997 31667
5998 27961
5999 6067
6000 16534
6001 7340
6002 21788
6003 4837
6004 31913
6005 3250
6006 4229
6007 21875
6008 4321
6009 3489
6010 24887
6011 17444
6012 4283
6013 24463
6014 22331
6015 32238
6016 29219
6017 26696
6018 10881
6019 24332
6020 21561
6021 28411
6022 22474
6023 14928
6024 9044
6025 16434
6026 1220
6027 15545
6028 15943
6029 19975
6030 28535
6031 12104
6032 228
6033 8341
6034 27873
6035 2832
6036 22463
6037 10926
6038 15069
6039 5005
6040 16693
6041 22220
6042 10570
6043 27446
6044 24492
6045 24649
6046 24168
6047 22101
6048 283
6049 19666
6050 14981
6051 8215
6052 16334
6053 6681
6054 7898
6055 21983
6056 8291
6057 29642
6058 7088
6059 19680
6060 20761
6061 1473
6062 18887
6063 9707
6064 28234
6065 15994
6066 21239
6067 17285
6068 28725
6069 5576
6070 28184
6071 26173
6072 9729
6073 11210
6074 21024
6075 25405
6076 25087
6077 21531
6078 25739
6079 10526
6080 15152
6081 24906
6082 9984
6083 1793
6084 2055
6085 17546
6086 10289
6087 27099
6088 30319
6089 21930
6090 31747
6091 1040
6092 25872
6093 22343
6094 32495
6095 4932
6096 25038
6097 2880
6098 26791
6099 14445
6100 29075
6101 27498
6102 29181
6103 5677
6104 1359
6105 23173
6106 4609
6107 10592
6108 16445
6109 24943
6110 5738
6111 4081
6112 29543
6113 19608
6114 6968
6115 12785
6116 29292
6117 15798
6118 9623
6119 234
6120 9601
6121 1466
6122 26117
6123 16752
6124 31926
6125 23298
6126 26039
6127 4858
6128 10363
6129 16336
6130 9017
6131 10736
6132 15202
6133 11515
6134 25174
6135 28677
6136 6438
6137 21732
6138 13111
6139 32455
6140 22253
6141 4780
6142 29903
6143 10356
6144 28874
6145 22948
6146 22134
6147 784
6148 30854
6149 14597
6150 7379
6151 10676
6152 8608
6153 18402
6154 11776
6155 10281
6156 20114
6157 3418
6158 10473
6159 17590
6160 854
6161 14610
6162 3061
6163 7221
6164 24873
6165 16355
6166 12009
6167 17516
6168 3983
6169 12495
6170 5129
6171 26779
6172 13975
6173 22074
6174 21632
6175 5202
6176 28256
6177 30550
6178 11265
6179 8325
6180 18396
6181 19936
6182 26543
6183 30434
6184 21204
6185 1034
6186 15418
6187 8034
6188 17708
6189 20152
6190 18251
6191 19487
6192 10089
6193 30702
6194 16419
6195 22373
6196 10864
6197 28041
6198 7039
6199 26635
6200 2704
6201 10286
6202 9918
6203 12292
6204 9155
6205 32385
6206 24133
6207 31025
6208 6961
6209 14487
6210 803
6211 29817
6212 16886
6213 30637
6214 13297
6215 32540
6216 5413
6217 17946
6218 3324
6219 21060
6220 32525
6221 25474
6222 5031
6223 20702
6224 15803
6225 8525
6226 28938
6227 26535
6228 4800
6229 25431
6230 16351
6231 13194
6232 8244
6233 6377
6234 29087
6235 25129
6236 5882
6237 16873
6238 3816
6239 186
6240 6726
6241 21581
6242 22306
6243 11540
6244 31837
6245 5589
6246 866
6247 23817
6248 14492
6249 15866
6250 12430
6251 12279
6252 20156
6253 29730
6254 13507
6255 32410
6256 25428
6257 32277
6258 25587
6259 7460
6260 18847
6261 12980
6262 2003
6263 912
6264 23168
6265 1257
6266 3828
6267 20531
6268 15555
6269 15066
6270 14127
6271 22676
6272 678
6273 9570
6274 14151
6275 15485
6276 16536
6277 27585
6278 11210
6279 12114
6280 320
6281 16274
6282 19256
6283 27554
6284 15041
6285 3326
6286 9575
6287 1276
6288 10557
6289 31536
6290 29222
6291 3076
6292 12952
6293 20744
6294 13089
6295 14533
6296 14206
6297 4628
6298 11525
6299 3913
6300 30119
6301 26556
6302 31716
6303 12903
6304 24409
6305 10940
6306 18138
6307 22749
6308 3119
6309 8408
6310 22257
6311 6303
6312 10010
6313 17098
6314 5442
6315 31854
6316 32165
6317 7808
6318 13405
6319 6059
6320 5245
6321 10628
6322 2283
6323 3182
6324 25904
6325 6076
6326 21906
6327 14291
6328 10549
6329 2643
6330 3609
6331 30868
6332 22061
6333 10999
6334 21965
6335 17373
6336 12136
6337 1861
6338 15651
6339 31835
6340 4267
6341 16513
6342 670
6343 16279
6344 22064
6345 25483
6346 23283
6347 7554
6348 1519
6349 32014
6350 1132
6351 28240
6352 7708
6353 15867
6354 10634
6355 14986
6356 11505
6357 17462
6358 22254
6359 26975
6360 5549
6361 23439
6362 2169
6363 10556
6364 9949
6365 19187
6366 4531
6367 18076
6368 26074
6369 483
6370 25961
6371 25888
6372 13203
6373 14886
6374 155
6375 20194
6376 11916
6377 25019
6378 31893
6379 19975
6380 30247
6381 24850
6382 3163
6383 17555
6384 13091
6385 4476
6386 26954
6387 30337
6388 2402
6389 30687
6390 29437
6391 14868
6392 22255
6393 6062
6394 1646
6395 616
6396 25663
6397 29208
6398 20573
6399 30796
6400 27063
6401 1408
6402 7926
6403 5460
6404 3695
6405 24878
6406 30382
6407 29993
6408 17462
6409 8516
6410 28270
6411 20772
6412 9430
6413 26355
6414 5875
6415 23067
6416 13465
6417 8430
6418 29045
6419 25723
6420 11787
6421 14367
6422 14726
6423 6807
6424 15106
6425 29850
6426 1598
6427 10560
6428 16092
6429 11983
6430 1685
6431 6806
6432 5640
6433 8451
6434 23824
6435 21277
6436 28360
6437 27905
6438 24224
6439 25876
6440 7988
6441 10764
6442 14535
6443 11778
6444 7299
6445 3865
6446 17148
6447 29329
6448 30598
6449 3387
6450 32593
6451 27807
6452 629
6453 28255
6454 3667
6455 32659
6456 1006
6457 19513
6458 6705
6459 1773
6460 6971
6461 29566
6462 32033
6463 29474
6464 14804
6465 1876
6466 9984
6467 10406
6468 22052
6469 30983
6470 1592
6471 21834
6472 15248
6473 10237
6474 30695
6475 12232
6476 7094
6477 15852
6478 830
6479 21916
6480 17650
6481 6986
6482 25639
6483 15126
6484 8743
6485 26629
6486 10538
6487 25006
6488 26556
6489 7285
6490 26769
6491 18583
6492 4580
6493 5775
6494 20682
6495 19351
6496 6179
6497 3931
6498 6158
6499 25621
6500 31246
6501 1192
6502 3904
6503 116
6504 2386
6505 27390
6506 23576
6507 26015
6508 5367
6509 15316
6510 7808
6511 20197
6512 23014
6513 13315
6514 1342
6515 16392
6516 23721
6517 22139
6518 5588
6519 15760
6520 4211
6521 1844
6522 11172
6523 24421
6524 28512
6525 21096
6526 29272
6527 29085
6528 26621
6529 13312
6530 24449
6531 6035
6532 17419
6533 29516
6534 28542
6535 9529
6536 27776
6537 26358
6538 10656
6539 8879
6540 11983
6541 13625
6542 12172
6543 11796
6544 26473
6545 25678
6546 23520
6547 12188
6548 13700
6549 20263
6550 13337
6551 5090
6552 7195
6553 21088
6554 12724
6555 128
6556 13366
6557 17779
6558 9875
6559 14046
6560 21611
6561 5163
6562 16547
6563 6471
6564 20901
6565 3163
6566 28860
6567 1602
6568 15652
6569 13263
6570 14536
6571 32287
6572 17349
6573 14979
6574 9512
6575 18128
6576 4740
6577 23827
6578 30035
6579 506
6580 25663
6581 19315
6582 14272
6583 26956
6584 7357
6585 26592
6586 23815
6587 9488
6588 5358
6589 29206
6590 1603
6591 28927
6592 31860
6593 29380
6594 4794
6595 858
6596 29795
6597 31549
6598 12480
6599 27190
6600 18245
6601 3440
6602 30168
6603 21272
6604 25186
6605 16410
6606 16925
6607 28865
6608 29758
6609 29498
6610 29408
6611 29515
6612 21602
6613 10438
6614 10387
6615 18037
6616 6239
6617 21916
6618 9189
6619 2620
6620 31249
6621 16059
6622 32303
6623 31147
6624 29473
6625 14003
6626 16655
6627 13299
6628 12749
6629 20314
6630 8530
6631 7102
6632 19180
6633 21441
6634 24856
6635 16577
6636 19756
6637 7782
6638 7474
6639 1936
6640 6559
6641 8107
6642 2511
6643 951
6644 9590
6645 10375
6646 25176
6647 14342
6648 2316
6649 19836
6650 4248
6651 12588
6652 38
6653 30153
6654 20256
6655 11912
6656 16249
6657 27360
6658 19178
6659 19771
6660 17260
6661 31770
6662 2108
6663 27010
6664 31776
6665 2730
6666 3791
6667 10819
6668 31405
6669 4560
6670 8497
6671 27365
6672 943
6673 32591
6674 872
6675 30565
6676 11010
6677 28704
6678 5336
6679 20134
6680 23753
6681 9576
6682 16743
6683 24329
6684 30645
6685 17832
6686 3550
6687 28990
6688 23684
6689 15923
6690 17298
6691 13658
6692 5831
6693 22758
6694 32581
6695 9769
6696 745
6697 23059
6698 10055
6699 14021
6700 5485
6701 15038
6702 3296
6703 32359
6704 10103
6705 21260
6706 15603
6707 22142
6708 27790
6709 2296
6710 17371
6711 7934
6712 30112
6713 22344
6714 26777
6715 7419
6716 25926
6717 16575
6718 9009
6719 10102
6720 14666
6721 917
6722 21073
6723 5751
6724 19815
6725 8484
6726 29748
6727 10332
6728 31567
6729 3556
6730 26310
6731 20848
6732 31731
6733 7577
6734 29449
6735 10687
6736 28158
6737 32715
6738 10167
6739 27945
6740 9634
6741 24695
6742 18217
6743 16822
6744 10648
6745 260
6746 19575
6747 14377
6748 354
6749 23928
6750 19425
6751 15064
6752 14548
6753 12780
6754 12909
6755 24250
6756 15570
6757 29758
6758 10450
6759 19138
6760 30043
6761 5637
6762 7573
6763 10603
6764 16583
6765 8906
6766 14962
6767 22677
6768 13388
6769 3701
6770 18685
6771 19343
6772 17863
6773 18437
6774 19081
6775 21365
6776 17081
6777 25732
6778 18249
6779 16828
6780 14480
6781 30266
6782 6325
6783 6411
6784 12841
6785 25634
6786 13103
6787 16460
6788 28306
6789 21914
6790 13031
6791 27652
6792 29972
6793 1630
6794 12284
6795 12767
6796 10865
6797 5815
6798 7652
6799 31376
6800 19306
6801 11248
6802 14861
6803 17879
6804 28804
6805 29962
6806 19908
6807 29923
6808 32524
6809 26545
6810 18263
6811 3803
6812 11097
6813 18798
6814 28278
6815 13240
6816 28753
6817 22813
6818 14303
6819 12629
6820 8239
6821 11426
6822 31803
6823 28361
6824 29315
6825 5848
6826 5698
6827 8692
6828 13177
6829 10698
6830 11302
6831 856
6832 30815
6833 10534
6834 10287
6835 29738
6836 32098
6837 238
6838 9378
6839 19113
6840 4248
6841 5233
6842 20200
6843 14511
6844 11844
6845 31098
6846 1516
6847 134
6848 12885
6849 29639
6850 14277
6851 27644
6852 17199
6853 17596
6854 17045
6855 14778
6856 22958
6857 9049
6858 23729
6859 29905
6860 2664
6861 28778
6862 18434
6863 27286
6864 29747
6865 31485
6866 21675
6867 12976
6868 30696
6869 26905
6870 30443
6871 32111
6872 7526
6873 6317
6874 29765
6875 7264
6876 18905
6877 3271
6878 27615
6879 31006
6880 11068
6881 15110
6882 15913
6883 28266
6884 32028
6885 19794
6886 6078
6887 14206
6888 2719
6889 11210
6890 9103
6891 27039
6892 4550
6893 25342
6894 10302
6895 11250
6896 27631
6897 14943
6898 5320
6899 8592
6900 8094
6901 3828
6902 16487
6903 14812
6904 16252
6905 17998
6906 25015
6907 23317
6908 15008
6909 28093
6910 279
6911 6951
6912 526
6913 22980
6914 27218
6915 31431
6916 10109
6917 22987
6918 24959
6919 22206
6920 22878
6921 21524
6922 7973
6923 901
6924 24601
6925 24048
6926 22435
6927 18195
6928 154
6929 9267
6930 20943
6931 9459
6932 26636
6933 14309
6934 20702
6935 12441
6936 1252
6937 4922
6938 21892
6939 23030
6940 28962
6941 27332
6942 31323
6943 26698
6944 20947
6945 7912
6946 28553
6947 5946
6948 20443
6949 24975
6950 22942
6951 2594
6952 3569
6953 25629
6954 6075
6955 2476
6956 16363
6957 8615
6958 13561
6959 16290
6960 18236
6961 6497
6962 2312
6963 25856
6964 30907
6965 3413
6966 19479
6967 5710
6968 28582
6969 6491
6970 8692
6971 16940
6972 4582
6973 13893
6974 24693
6975 26159
6976 10644
6977 32090
6978 5398
6979 3563
6980 14269
6981 16390
6982 3555
6983 18513
6984 25698
6985 18383
6986 27033
6987 1852
6988 12227
6989 21131
6990 29448
6991 7494
6992 18654
6993 7888
6994 19387
6995 19936
6996 11570
6997 7341
6998 10715
6999 9122
7000 30152
7001 5783
7002 11601
7003 223
7004 30068
7005 26278
7006 4139
7007 7805
7008 3161
7009 3074
7010 13889
7011 27907
7012 21675
7013 13464
7014 24600
7015 3060
7016 3257
7017 3857
7018 1286
7019 19292
7020 25130
7021 30980
7022 6295
7023 27560
7024 646
7025 23914
7026 16176
7027 4026
7028 5369
7029 22355
7030 13810
7031 5437
7032 340
7033 27864
7034 29153
7035 18230
7036 10325
7037 30289
7038 14918
7039 7900
7040 28968
7041 1480
7042 16978
7043 1706
7044 20525
7045 25261
7046 1539
7047 21426
7048 11004
7049 28106
7050 28236
7051 26932
7052 15783
7053 378
7054 112
7055 14959
7056 25919
7057 8726
7058 7343
7059 7863
7060 29593
7061 4785
7062 4132
7063 11208
7064 28753
7065 8709
7066 32238
7067 2650
7068 27408
7069 17324
7070 25486
7071 30966
7072 17163
7073 18836
7074 15504
7075 28935
7076 1996
7077 20909
7078 2414
7079 8756
7080 22325
7081 15332
7082 15793
7083 14317
7084 23746
7085 15445
7086 22873
7087 7492
7088 22030
7089 23996
7090 12671
7091 13055
7092 16537
7093 2093
7094 11321
7095 11243
7096 5320
7097 24582
7098 29630
7099 883
7100 12845
7101 4385
7102 25802
7103 17008
7104 24841
7105 23118
7106 15428
7107 1603
7108 3343
7109 27904
7110 18463
7111 32290
7112 7531
7113 30022
7114 8062
7115 21167
7116 3587
7117 24061
7118 9755
7119 11215
7120 11773
7121 9541
7122 24297
7123 18617
7124 10113
7125 21809
7126 20984
7127 24141
7128 13504
7129 29891
7130 2457
7131 12200
7132 9781
7133 1303
7134 27332
7135 5365
7136 7722
7137 24286
7138 27830
7139 25733
7140 9599
7141 1038
7142 29662
7143 29219
7144 32167
7145 14808
7146 21498
7147 6305
7148 21491
7149 32475
7150 15742
7151 439
7152 14867
7153 12695
7154 6709
7155 8206
7156 2010
7157 31524
7158 7466
7159 3991
7160 2625
7161 21027
7162 2505
7163 20513
7164 9135
7165 10742
7166 30274
7167 3627
7168 16759
7169 8748
7170 3374
7171 28150
7172 19106
7173 19007
7174 4725
7175 3295
7176 27632
7177 19842
7178 12143
7179 11500
7180 25881
7181 6997
7182 19017
7183 16037
7184 15192
7185 24475
7186 27819
7187 15653
7188 29994
7189 24430
7190 32151
7191 4208
7192 17236
7193 3601
7194 21141
7195 27143
7196 15139
7197 28197
7198 23565
7199 20410
7200 1527
7201 4896
7202 28916
7203 18622
7204 10755
7205 22268
7206 32170
7207 24831
7208 20558
7209 6188
7210 6691
7211 30391
7212 11261
7213 5076
7214 19270
7215 1600
7216 26325
7217 12345
7218 29586
7219 26663
7220 14076
7221 19319
7222 14087
7223 13697
7224 511
7225 25202
7226 22084
7227 18050
7228 12569
7229 9230
7230 17645
7231 32587
7232 6835
7233 17571
7234 32591
7235 24324
7236 9511
7237 9643
7238 25415
7239 1323
7240 1737
7241 9662
7242 4191
7243 8491
7244 18216
7245 11457
7246 4923
7247 49
7248 26001
7249 18522
7250 24628
7251 11579
7252 18645
7253 27814
7254 24898
7255 22386
7256 23628
7257 11567
7258 6943
7259 29369
7260 32282
7261 536
7262 11689
7263 18054
7264 8881
7265 28059
7266 13193
7267 24304
7268 20888
7269 5558
7270 17682
7271 5130
7272 24426
7273 9760
7274 8811
7275 7024
7276 2337
7277 3714
7278 18673
7279 22559
7280 21652
7281 28900
7282 30679
7283 23690
7284 23103
7285 21605
7286 26639
7287 21226
7288 23619
7289 28720
7290 15214
7291 16341
7292 20141
7293 8875
7294 26379
7295 21266
7296 13563
7297 26866
7298 7400
7299 15020
7300 30941
7301 27267
7302 30932
7303 11333
7304 7736
7305 27963
7306 29839
7307 6317
7308 30832
7309 17793
7310 26416
7311 15795
7312 17639
7313 5825
7314 5060
7315 2619
7316 20161
7317 30748
7318 2872
7319 2193
7320 32747
7321 20829
7322 25977
7323 17149
7324 859
7325 1071
7326 5593
7327 22168
7328 23705
7329 13710
7330 24245
7331 10333
7332 6270
7333 19324
7334 10324
7335 28803
7336 31547
7337 29429
7338 16147
7339 4107
7340 20382
7341 16932
7342 15551
7343 25749
7344 15249
7345 19159
7346 8515
7347 3703
7348 15844
7349 12593
7350 24195
7351 23824
7352 14668
7353 6814
7354 23431
7355 21850
7356 12459
7357 2316
7358 13020
7359 1727
7360 6289
7361 30297
7362 12343
7363 8750
7364 25091
7365 17415
7366 20828
7367 1901
7368 8828
7369 21303
7370 20030
7371 15537
7372 32050
7373 22741
7374 27752
7375 1132
7376 12698
7377 16912
7378 8603
7379 1382
7380 29486
7381 15629
7382 18873
7383 14607
7384 28270
7385 14812
7386 29665
7387 5140
7388 7973
7389 30635
7390 2780
7391 7472
7392 23533
7393 29241
7394 23736
7395 26181
7396 15093
7397 17294
7398 17842
7399 7083
7400 13314
7401 19946
7402 602
7403 7623
7404 9140
7405 16891
7406 27889
7407 22752
7408 5131
7409 21842
7410 10774
7411 20271
7412 28201
7413 15640
7414 2210
7415 2357
7416 31066
7417 16637
7418 6352
7419 24658
7420 19281
7421 31346
7422 16033
7423 22418
7424 3509
7425 5144
7426 17278
7427 30410
7428 15580
7429 7544
7430 11039
7431 23524
7432 17366
7433 18164
7434 20397
7435 30327
7436 6573
7437 6653
7438 2339
7439 8603
7440 17387
7441 391
7442 25594
7443 4091
7444 25181
7445 14010
7446 11013
7447 15915
7448 10263
7449 26091
7450 18586
7451 24380
7452 26040
7453 8138
7454 17138
7455 30606
7456 2287
7457 27357
7458 22482
7459 6630
7460 13630
7461 2349
7462 31595
7463 31424
7464 23038
7465 17983
7466 16000
7467 19943
7468 27044
7469 24901
7470 24518
7471 8770
7472 5698
7473 26518
7474 3216
7475 12273
7476 14161
7477 4956
7478 5291
7479 19609
7480 15533
7481 652
7482 5511
7483 31227
7484 21217
7485 23068
7486 24728
7487 17100
7488 7333
7489 10608
7490 8444
7491 22976
7492 9637
7493 8725
7494 1118
7495 12009
7496 29316
7497 30641
7498 27418
7499 28479
7500 21025
7501 31802
7502 25506
7503 8832
7504 21529
7505 19559
7506 29984
7507 23354
7508 2189
7509 8292
7510 32093
7511 11557
7512 27941
7513 5322
7514 9697
7515 23991
7516 11092
7517 32718
7518 13404
7519 755
7520 3038
7521 9913
7522 14916
7523 1154
7524 17304
7525 26520
7526 26560
7527 13060
7528 32111
7529 11060
7530 1477
7531 27048
7532 17836
7533 13124
7534 23422
7535 28154
7536 14967
7537 6370
7538 754
7539 509
7540 9625
7541 3900
7542 28897
7543 23674
7544 25478
7545 16012
7546 13294
7547 31639
7548 15258
7549 19274
7550 12036
7551 1451
7552 3491
7553 23967
7554 21234
7555 11345
7556 30880
7557 15646
7558 7000
7559 17852
7560 24264
7561 21679
7562 21191
7563 4170
7564 27342
7565 13003
7566 25124
7567 21595
7568 31332
7569 23023
7570 12109
7571 22627
7572 4606
7573 30026
7574 20223
7575 23358
7576 15832
7577 17849
7578 3576
7579 2244
7580 1082
7581 23286
7582 5464
7583 7326
7584 19707
7585 27917
7586 11853
7587 10072
7588 25156
7589 27151
7590 26863
7591 10678
7592 28310
7593 3081
7594 10857
7595 31308
7596 7182
7597 2871
7598 26202
7599 10569
7600 14568
7601 16502
7602 1915
7603 22164
7604 1347
7605 19448
7606 19329
7607 11802
7608 3619
7609 5179
7610 5701
7611 32358
7612 14780
7613 12604
7614 34
7615 7538
7616 26862
7617 6120
7618 9118
7619 4028
7620 21004
7621 6611
7622 28237
7623 9629
7624 30945
7625 3372
7626 30963
7627 726
7628 26613
7629 12529
7630 10985
7631 17516
7632 3852
7633 8543
7634 11458
7635 14519
7636 27376
7637 28845
7638 28205
7639 23989
7640 23152
7641 14329
7642 17181
7643 6564
7644 17577
7645 13443
7646 23592
7647 25039
7648 29828
7649 17689
7650 7725
7651 17320
7652 19840
7653 23506
7654 7482
7655 1047
7656 15794
7657 14335
7658 16045
7659 18706
7660 4362
7661 31839
7662 18073
7663 366
7664 2519
7665 30098
7666 21611
7667 32500
7668 25229
7669 9424
7670 4813
7671 30392
7672 7366
7673 25307
7674 7882
7675 23462
7676 16776
7677 12082
7678 27187
7679 18270
7680 30406
7681 32648
7682 7490
7683 25922
7684 3625
7685 9076
7686 15230
7687 5068
7688 28944
7689 4202
7690 4062
7691 12326
7692 3541
7693 10730
7694 9265
7695 16372
7696 10834
7697 23031
7698 18365
7699 28020
7700 16291
7701 3531
7702 26919
7703 2506
7704 17198
7705 27337
7706 18323
7707 2453
7708 225
7709 20403
7710 16139
7711 12230
7712 27323
7713 30237
7714 13349
7715 23218
7716 398
7717 18466
7718 25312
7719 10086
7720 15107
7721 15957
7722 5328
7723 24378
7724 2270
7725 23034
7726 635
7727 25513
7728 25987
7729 3959
7730 25602
7731 3167
7732 2489
7733 13573
7734 29956
7735 11156
7736 12207
7737 18859
7738 28607
7739 11417
7740 1853
7741 10349
7742 17272
7743 176
7744 16235
7745 31681
7746 2589
7747 20001
7748 18743
7749 1346
7750 298
7751 5514
7752 14227
7753 3496
7754 2505
7755 16759
7756 24750
7757 4344
7758 29757
7759 21554
7760 9332
7761 31480
7762 6784
7763 10205
7764 31832
7765 2022
7766 3627
7767 29885
7768 14417
7769 7529
7770 23959
7771 4569
7772 3362
7773 12232
7774 13378
7775 9156
7776 22495
7777 1882
7778 23156
7779 11703
7780 15021
7781 31294
7782 22562
7783 14562
7784 30409
7785 28235
7786 16146
7787 1540
7788 10188
7789 14154
7790 24640
7791 32058
7792 17453
7793 9571
7794 28801
7795 20500
7796 1799
7797 22486
7798 24678
7799 494
7800 10012
7801 10220
7802 27491
7803 19070
7804 32539
7805 16428
7806 8752
7807 1705
7808 2846
7809 13265
7810 29808
7811 11163
7812 24439
7813 10876
7814 32145
7815 28694
7816 31916
7817 29735
7818 6387
7819 8202
7820 9408
7821 6490
7822 332
7823 20071
7824 5556
7825 15265
7826 32587
7827 22831
7828 19790
7829 23101
7830 27515
7831 29647
7832 14873
7833 20250
7834 1899
7835 11183
7836 32173
7837 6145
7838 29196
7839 6920
7840 9264
7841 16399
7842 15194
7843 15862
7844 29981
7845 32102
7846 23358
7847 7630
7848 16708
7849 22306
7850 4019
7851 18097
7852 21011
7853 26511
7854 26153
7855 15201
7856 24083
7857 3737
7858 29734
7859 23380
7860 9909
7861 10371
7862 819
7863 28423
7864 9039
7865 7388
7866 13302
7867 20117
7868 23906
7869 22959
7870 23708
7871 22152
7872 25118
7873 3835
7874 9850
7875 7919
7876 27944
7877 15970
7878 12019
7879 10417
7880 12442
7881 29477
7882 12188
7883 29984
7884 24140
7885 13904
7886 29086
7887 15313
7888 22098
7889 4914
7890 4188
7891 12972
7892 7877
7893 16400
7894 20310
7895 7231
7896 2247
7897 16155
7898 1869
7899 4183
7900 9921
7901 2974
7902 28329
7903 13010
7904 30703
7905 10108
7906 16663
7907 19631
7908 27935
7909 7386
7910 2678
7911 31591
7912 10933
7913 18457
7914 6388
7915 27264
7916 11251
7917 32263
7918 23156
7919 19295
7920 11127
7921 25174
7922 10548
7923 32606
7924 29957
7925 589
7926 19372
7927 10270
7928 1159
7929 1981
7930 11193
7931 4639
7932 5714
7933 6199
7934 2298
7935 11661
7936 3243
7937 13436
7938 10874
7939 2397
7940 20106
7941 11317
7942 21392
7943 1177
7944 926
7945 31204
7946 4
7947 10744
7948 20880
7949 6939
7950 11123
7951 27058
7952 32396
7953 14572
7954 10229
7955 9618
7956 7422
7957 13472
7958 18428
7959 17229
7960 9369
7961 27819
7962 24448
7963 14610
7964 7326
7965 19936
7966 24665
7967 18530
7968 15195
7969 1250
7970 5612
7971 23330
7972 7922
7973 25563
7974 17417
7975 14063
7976 859
7977 20592
7978 11540
7979 31409
7980 6572
7981 19956
7982 17251
7983 6771
7984 25752
7985 30683
7986 2536
7987 19826
7988 15926
7989 114
7990 26640
7991 8819
7992 27396
7993 1998
7994 29930
7995 11866
7996 24108
7997 24322
7998 32140
7999 2297
8000 4870
8001 2966
8002 19123
8003 3110
8004 8157
8005 7988
8006 27049
8007 2320
8008 26102
8009 14243
8010 31852
8011 26579
8012 718
8013 15098
8014 21772
8015 25929
8016 26276
8017 9229
8018 24661
8019 25379
8020 13367
8021 29484
8022 9134
8023 32313
8024 19921
8025 5901
8026 21057
8027 24351
8028 13188
8029 25094
8030 15708
8031 30969
8032 5812
8033 24447
8034 9239
8035 10896
8036 18134
8037 7592
8038 9784
8039 30117
8040 23414
8041 16231
8042 24147
8043 16517
8044 16255
8045 27285
8046 26422
8047 21981
8048 439
8049 26217
8050 20612
8051 5840
8052 3721
8053 32308
8054 18079
8055 4935
8056 14087
8057 31823
8058 29131
8059 31880
8060 10543
8061 20818
8062 20625
8063 9739
8064 15725
8065 15239
8066 4450
8067 2184
8068 15714
8069 671
8070 12157
8071 31573
8072 2020
8073 7075
8074 22291
8075 6127
8076 13894
8077 18733
8078 21672
8079 31703
8080 9945
8081 3031
8082 5052
8083 23711
8084 4274
8085 30452
8086 28843
8087 8772
8088 1198
8089 15742
8090 25042
8091 31678
8092 32692
8093 2896
8094 15347
8095 8662
8096 29242
8097 32405
8098 5594
8099 15416
8100 24843
8101 21889
8102 3905
8103 7369
8104 839
8105 9279
8106 32498
8107 17722
8108 427
8109 10026
8110 19499
8111 27358
8112 15122
8113 1343
8114 30534
8115 27832
8116 12860
8117 5842
8118 5529
8119 28633
8120 2255
8121 1153
8122 17564
8123 5609
8124 11163
8125 21095
8126 22601
8127 515
8128 5154
8129 11154
8130 18633
8131 8134
8132 17240
8133 438
8134 9036
8135 24744
8136 22951
8137 21794
8138 569
8139 25486
8140 28726
8141 14580
8142 20615
8143 15002
8144 5995
8145 26505
8146 23658
8147 17220
8148 7855
8149 31544
8150 32051
8151 17581
8152 2417
8153 8000
8154 20593
8155 18479
8156 21869
8157 19710
8158 21085
8159 24633
8160 30254
8161 26980
8162 21877
8163 20826
8164 10705
8165 22182
8166 7526
8167 20891
8168 2829
8169 20022
8170 8495
8171 21010
8172 1136
8173 5875
8174 14468
8175 1716
8176 2283
8177 27550
8178 14448
8179 8299
8180 13713
8181 9613
8182 17215
8183 28009
8184 16540
8185 32675
8186 20379
8187 21435
8188 22961
8189 1407
8190 10997
8191 23073
8192 24421
8193 756
8194 31527
8195 13085
8196 3583
8197 1977
8198 855
8199 32330
8200 2943
8201 21346
8202 12318
8203 13295
8204 29920
8205 15759
8206 12009
8207 28372
8208 20635
8209 28260
8210 5280
8211 2132
8212 2668
8213 31545
8214 22406
8215 15028
8216 23640
8217 15250
8218 8289
8219 15795
8220 18671
8221 27217
8222 14042
8223 4450
8224 2767
8225 26410
8226 3366
8227 27446
8228 7529
8229 11352
8230 12006
8231 31068
8232 17160
8233 19598
8234 5964
8235 28748
8236 11279
8237 3377
8238 12928
8239 5793
8240 9089
8241 28868
8242 3650
8243 17192
8244 25799
8245 17828
8246 32208
8247 311
8248 32430
8249 3317
8250 13578
8251 20288
8252 26544
8253 19932
8254 7892
8255 11173
8256 10100
8257 10478
8258 29372
8259 25550
8260 14744
8261 16361
8262 19933
8263 22906
8264 3501
8265 17826
8266 21250
8267 12882
8268 18563
8269 19007
8270 5647
8271 9668
8272 10919
8273 6054
8274 22173
8275 23822
8276 16427
8277 12854
8278 19941
8279 6553
8280 15781
8281 20916
8282 5087
8283 5513
8284 11898
8285 26248
8286 24491
8287 21138
8288 22621
8289 32553
8290 10031
8291 19213
8292 30738
8293 8662
8294 25090
8295 14667
8296 15224
8297 28295
8298 29576
8299 26921
8300 7366
8301 7459
8302 95
8303 18404
8304 789
8305 11251
8306 13050
8307 9775
8308 19487
8309 21079
8310 13196
8311 24707
8312 9030
8313 2999
8314 22312
8315 25015
8316 18904
8317 20157
8318 18982
8319 13264
8320 13457
8321 17601
8322 14792
8323 4890
8324 8801
8325 5509
8326 16670
8327 14200
8328 4208
8329 6947
8330 7462
8331 18424
8332 12128
8333 4675
8334 27704
8335 11434
8336 15826
8337 6801
8338 31905
8339 12979
8340 27691
8341 7023
8342 28303
8343 13981
8344 11672
8345 24806
8346 11565
8347 18673
8348 6735
8349 1251
8350 782
8351 264
8352 18200
8353 30880
8354 19919
8355 29214
8356 13836
8357 16992
8358 5368
8359 30376
8360 17565
8361 17247
8362 2084
8363 17895
8364 15063
8365 6665
8366 10338
8367 1982
8368 24550
8369 29802
8370 8410
8371 23233
8372 14295
8373 26342
8374 4788
8375 142
8376 20131
8377 6954
8378 22581
8379 9312
8380 13417
8381 27490
8382 811
8383 28641
8384 3835
8385 15788
8386 6796
8387 25152
8388 25756
8389 13261
8390 23386
8391 7556
8392 1032
8393 804
8394 201
8395 7712
8396 11701
8397 2268
8398 22436
8399 4295
8400 25177
8401 28261
8402 8429
8403 14977
8404 31404
8405 29220
8406 1988
8407 9983
8408 27759
8409 10345
8410 11913
8411 4395
8412 24749
8413 18594
8414 5957
8415 14852
8416 32577
8417 23247
8418 27462
8419 8617
8420 5016
8421 22838
8422 26122
8423 22195
8424 28344
8425 6744
8426 26463
8427 20424
8428 10881
8429 5923
8430 28871
8431 878
8432 12851
8433 24937
8434 4641
8435 12828
8436 13361
8437 24209
8438 2438
8439 5783
8440 24837
8441 6797
8442 6770
8443 28796
8444 7075
8445 18188
8446 24612
8447 7448
8448 32498
8449 15088
8450 8007
8451 12928
8452 23688
8453 1538
8454 23249
8455 20702
8456 6325
8457 27876
8458 12332
8459 7690
8460 1988
8461 24904
8462 16020
8463 8026
8464 12413
8465 19040
8466 7616
8467 26042
8468 6127
8469 12693
8470 10180
8471 16383
8472 31340
8473 10108
8474 6710
8475 26488
8476 5588
8477 29958
8478 21135
8479 23238
8480 26903
8481 27895
8482 10709
8483 23278
8484 3317
8485 29081
8486 13175
8487 16045
8488 2568
8489 689
8490 25465
8491 4108
8492 20485
8493 26546
8494 24528
8495 10291
8496 12863
8497 18993
8498 272
8499 15746
8500 3436
8501 21657
8502 17988
8503 6110
8504 31404
8505 10528
8506 16413
8507 24393
8508 13255
8509 17657
8510 14160
8511 14518
8512 3254
8513 9163
8514 4665
8515 9499
8516 9830
8517 14179
8518 15812
8519 22215
8520 16056
8521 1958
8522 7565
8523 28918
8524 16844
8525 3785
8526 18246
8527 26019
8528 127
8529 9668
8530 3418
8531 26013
8532 12338
8533 5379
8534 7375
8535 5853
8536 6094
8537 7519
8538 12913
8539 1303
8540 3588
8541 3406
8542 11053
8543 143
8544 11482
8545 13910
8546 29627
8547 24366
8548 24163
8549 22216
8550 7040
8551 21461
8552 9933
8553 19370
8554 3762
8555 20465
8556 20386
8557 7925
8558 15293
8559 9040
8560 22599
8561 17921
8562 10213
8563 20019
8564 20425
8565 9277
8566 14125
8567 14756
8568 31704
8569 9763
8570 11128
8571 18953
8572 28948
8573 2155
8574 7919
8575 32762
8576 136
8577 8063
8578 32162
8579 6992
8580 7796
8581 13104
8582 17010
8583 29822
8584 9808
8585 17063
8586 31534
8587 37
8588 8205
8589 17566
8590 22524
8591 12514
8592 27294
8593 14288
8594 18939
8595 11115
8596 28599
8597 6061
8598 29990
8599 218
8600 17621
8601 2387
8602 31100
8603 25416
8604 23934
8605 21690
8606 22366
8607 2206
8608 13002
8609 32302
8610 29496
8611 12200
8612 1058
8613 5123
8614 31843
8615 31595
8616 5448
8617 1156
8618 15178
8619 6329
8620 3479
8621 4140
8622 2764
8623 25090
8624 23693
8625 11289
8626 226
8627 30061
8628 18310
8629 26813
8630 2690
8631 28967
8632 1226
8633 12503
8634 32451
8635 18939
8636 1994
8637 29857
8638 27969
8639 28708
8640 25255
8641 5451
8642 11203
8643 13919
8644 24820
8645 9385
8646 26395
8647 12100
8648 16317
8649 19753
8650 15182
8651 29909
8652 9928
8653 30215
8654 5877
8655 3672
8656 18202
8657 30660
8658 28131
8659 26722
8660 17085
8661 29908
8662 32520
8663 4917
8664 16833
8665 10903
8666 12693
8667 15179
8668 22657
8669 20106
8670 19809
8671 4147
8672 9000
8673 19391
8674 4748
8675 3484
8676 14963
8677 29834
8678 29794
8679 23216
8680 26040
8681 31870
8682 31618
8683 13219
8684 11815
8685 20119
8686 4927
8687 4491
8688 14160
8689 5049
8690 17990
8691 1138
8692 229
8693 32089
8694 11905
8695 29609
8696 30145
8697 10362
8698 7228
8699 14432
8700 27690
8701 11484
8702 14471
8703 18036
8704 31571
8705 11376
8706 9947
8707 22408
8708 18981
8709 30478
8710 27136
8711 19543
8712 15167
8713 5738
8714 4141
8715 14408
8716 6716
8717 22085
8718 27250
8719 19268
8720 11828
8721 7392
8722 21331
8723 3524
8724 21893
8725 10166
8726 18614
8727 9006
8728 3795
8729 106
8730 23807
8731 1633
8732 4941
8733 15871
8734 17273
8735 29838
8736 26162
8737 26183
8738 31736
8739 31307
8740 32148
8741 926
8742 25020
8743 22242
8744 26717
8745 17112
8746 8601
8747 10735
8748 5519
8749 11639
8750 23381
8751 7978
8752 8400
8753 21537
8754 29266
8755 3201
8756 18469
8757 32082
8758 20844
8759 13930
8760 28414
8761 11343
8762 9765
8763 11895
8764 21107
8765 5211
8766 22272
8767 42
8768 21197
8769 19500
8770 14634
8771 8204
8772 30280
8773 21920
8774 18783
8775 20729
8776 2327
8777 19885
8778 27660
8779 29630
8780 32425
8781 22678
8782 30897
8783 29926
8784 30763
8785 7781
8786 5258
8787 19664
8788 5198
8789 27541
8790 8302
8791 17925
8792 27722
8793 18959
8794 15863
8795 32201
8796 25123
8797 9816
8798 12259
8799 21232
8800 9258
8801 21768
8802 6586
8803 14067
8804 2504
8805 3198
8806 25265
8807 5443
8808 11639
8809 9938
8810 16335
8811 17629
8812 26641
8813 16395
8814 10574
8815 14367
8816 4429
8817 1170
8818 16196
8819 24282
8820 10630
8821 17383
8822 24963
8823 28328
8824 20671
8825 7059
8826 32445
8827 1408
8828 12005
8829 20062
8830 24300
8831 23175
8832 12627
8833 7105
8834 27888
8835 28969
8836 16796
8837 11166
8838 17274
8839 617
8840 22916
8841 25135
8842 298
8843 4213
8844 6223
8845 12349
8846 10228
8847 22654
8848 15679
8849 13202
8850 3016
8851 5830
8852 11096
8853 15280
8854 5234
8855 20731
8856 23142
8857 1731
8858 22207
8859 6851
8860 22849
8861 19157
8862 18657
8863 2200
8864 17744
8865 24385
8866 5652
8867 17622
8868 23372
8869 6762
8870 21890
8871 31506
8872 1350
8873 14252
8874 10340
8875 3502
8876 2540
8877 22931
8878 875
8879 18858
8880 16648
8881 31819
8882 10078
8883 3261
8884 29001
8885 27736
8886 3332
8887 4517
8888 15174
8889 5511
8890 18500
8891 22203
8892 13760
8893 15909
8894 9867
8895 21194
8896 7975
8897 622
8898 3182
8899 27681
8900 18528
8901 9288
8902 22161
8903 26087
8904 7366
8905 818
8906 16839
8907 14255
8908 27503
8909 20599
8910 7802
8911 844
8912 21936
8913 21415
8914 21326
8915 7399
8916 1763
8917 21319
8918 29441
8919 22863
8920 6503
8921 30152
8922 27030
8923 5775
8924 19689
8925 11958
8926 1202
8927 12998
8928 29154
8929 3122
8930 23366
8931 25907
8932 11873
8933 30882
8934 22638
8935 11664
8936 11
8937 17575
8938 28057
8939 19873
8940 8032
8941 3408
8942 12267
8943 268
8944 10304
8945 21133
8946 25823
8947 26475
8948 11181
8949 20966
8950 16945
8951 21664
8952 3794
8953 31084
8954 25851
8955 31592
8956 23364
8957 1776
8958 17438
8959 9780
8960 25737
8961 10100
8962 8675
8963 29236
8964 26327
8965 10975
8966 16610
8967 16564
8968 797
8969 8181
8970 24611
8971 21163
8972 15432
8973 27781
8974 17028
8975 17041
8976 22975
8977 13796
8978 17754
8979 20594
8980 21295
8981 11675
8982 19035
8983 13377
8984 10638
8985 5725
8986 30908
8987 27246
8988 20826
8989 5436
8990 6550
8991 11962
8992 4642
8993 8988
8994 5006
8995 6475
8996 32584
8997 12903
8998 18869
8999 4603
9000 28165
9001 23810
9002 25005
9003 3574
9004 3245
9005 11904
9006 13582
9007 19332
9008 32565
9009 24214
9010 29191
9011 35
9012 9458
9013 4047
9014 12105
9015 11481
9016 27555
9017 26241
9018 30496
9019 3272
9020 21426
9021 3072
9022 3555
9023 20995
9024 2487
9025 29201
9026 30607
9027 9376
9028 14654
9029 27298
9030 175
9031 6159
9032 31946
9033 26552
9034 20095
9035 2730
9036 3866
9037 30632
9038 14928
9039 9100
9040 8618
9041 20874
9042 31790
9043 25255
9044 31869
9045 1515
9046 26817
9047 30481
9048 19226
9049 10178
9050 18033
9051 20383
9052 15061
9053 421
9054 32205
9055 6581
9056 20047
9057 11069
9058 10542
9059 8796
9060 2624
9061 4856
9062 18327
9063 19861
9064 24436
9065 20477
9066 5856
9067 6126
9068 30228
9069 20581
9070 22804
9071 22098
9072 15911
9073 14248
9074 2327
9075 10277
9076 26968
9077 341
9078 17036
9079 20369
9080 12794
9081 15367
9082 24821
9083 25626
9084 4937
9085 28820
9086 6684
9087 4985
9088 22259
9089 2439
9090 6067
9091 25767
9092 7127
9093 20177
9094 21559
9095 12600
9096 14860
9097 18875
9098 16154
9099 18666
9100 10277
9101 9503
9102 27680
9103 29566
9104 17843
9105 24024
9106 21002
9107 17606
9108 12044
9109 22391
9110 23666
9111 30464
9112 32331
9113 10551
9114 21750
9115 16226
9116 7576
9117 14132
9118 26520
9119 20726
9120 3754
9121 27607
9122 18021
9123 424
9124 19337
9125 9621
9126 12373
9127 17822
9128 9369
9129 11481
9130 24435
9131 29895
9132 16340
9133 17982
9134 8765
9135 3767
9136 7511
9137 13570
9138 9294
9139 28850
9140 17696
9141 16824