100
431 230 -343 -166
-814 792 55 915
-201 -983 440 -225
-150 652 -474 194
-78 501 -663 -3
556 987 596 852
349 152 473 -648
433 -589 826 679
890 -310 -461 -26
711 -105 92 -236
192 -633 346 -404
-590 168 36 -866
284 513 -8 455
293 -546 -446 293
-754 -929 460 -837
-309 -437 -554 -751
138 -193 -175 -378
603 -922 -473 750
551 110 -655 -453
680 208 -524 42
710 720 -732 822
-878 311 -404 -480
-393 -678 1 -953
452 -369 -523 672
970 -198 13 -796
357 119 345 161
-93 27 973 -617
-440 -550 -92 -554
-252 881 363 444
-899 847 -421 148
116 -743 926 -710
753 -316 -156 71
795 -832 451 572
-877 942 -892 939
-508 347 826 -7
-369 183 -450 776
182 208 573 627
-690 672 -4 334
-758 169 646 -910
361 -704 144 119
-128 -425 -745 -555
-299 -998 904 904
739 -669 -322 -728
-964 522 913 -980
657 -949 -674 -56
352 -205 -536 435
-803 198 821 482
-987 -478 343 -782
-642 81 -227 251
-554 -248 -411 -219
65 572 112 -89
485 994 945 387
539 -417 -49 -793
797 -794 649 386
-895 753 -188 -156
-764 262 -867 -345
547 -963 235 -301
-999 -12 -82 780
714 -159 410 -845
-944 503 -231 910
810 -857 142 386
-220 -109 -905 170
76 72 -366 663
-646 -608 666 -201
462 26 -183 -248
314 444 -331 -364
-109 996 -952 -700
-1000 -207 135 58
-593 -771 -644 -529
-239 -49 -56 950
502 194 347 -592
-986 -228 -30 632
802 555 747 842
477 88 -410 -585
-862 -427 545 -9
157 662 420 -248
-594 386 -381 263
973 407 654 934
215 457 407 -863
-438 -916 499 920
-556 302 -199 235
942 -151 -334 -759
-931 841 -905 951
-279 -909 198 -676
-907 -818 -851 -417
69 -861 -337 710
-251 -809 -135 -62
-941 -184 513 467
-547 -351 103 283
-568 -944 -337 -363
723 589 365 568
192 -983 745 587
968 643 -23 211
-305 429 774 806
980 781 -470 -20
87 768 771 948
897 198 -347 625
-571 761 587 -653
-939 72 1 411
-405 552 -929 589
