100
160 -843 -200 -675
186 -951 87 -916
50 751 -308 -772
-504 -83 658 604
359 107 181 -642
205 -451 166 -222
700 211 185 706
-248 965 -394 -981
434 540 817 -965
910 540 -588 -587
403 -348 642 873
871 -683 -198 -645
885 -840 -865 540
-881 -398 -982 -104
33 -424 -899 -257
526 -599 -799 80
-75 64 860 682
-350 -634 689 -459
686 602 412 -65
-265 650 -3 -695
-950 -297 924 404
754 903 720 426
959 -628 -871 -775
-479 -239 -709 -671
-804 545 -253 -572
-757 -825 715 -629
73 946 870 641
610 -225 -744 978
75 83 312 734
-235 -228 -740 208
-183 -185 336 993
518 -734 18 -351
-882 666 -454 749
241 460 486 299
-83 376 -741 -663
-169 -913 881 -759
927 852 -231 820
197 496 -747 694
566 -636 778 -360
-834 -189 892 -397
209 -588 -256 349
-514 -755 -210 -56
-709 -189 525 -140
-923 -732 284 -702
627 597 -240 -58
738 387 572 659
-200 -212 -254 33
881 818 304 752
372 611 -387 713
536 126 -265 -256
318 802 -644 -4
-112 428 -321 296
-1 -241 939 872
771 -759 -758 164
942 -684 -597 -191
254 -977 -594 -497
371 -7 -352 -647
-751 987 724 744
134 -110 559 -344
783 294 113 -351
-870 -317 518 -71
102 283 -644 -509
220 855 -274 58
535 272 460 138
191 -141 -444 -973
263 436 784 275
-728 202 -316 -853
-194 -619 -121 146
590 570 340 -235
123 -121 -599 -242
-389 694 -445 -516
448 266 -558 -474
999 591 -432 878
558 -642 -979 -4
-982 385 -730 -114
510 -788 366 -878
844 -127 -991 772
-56 700 49 220
-615 -201 438 -121
-509 -796 -279 -935
-148 936 597 -80
-470 -723 488 168
128 -810 570 787
983 -390 -183 669
-339 344 -400 -519
-846 -909 31 202
-647 -182 -93 742
-423 -622 -154 189
-586 552 791 550
6 494 -858 -9
418 989 694 631
-201 335 -629 861
-649 19 -83 565
595 -146 -377 -39
-257 25 125 -54
960 476 -666 776
-393 -692 -37 -179
67 -539 -717 850
156 -395 274 -916
490 -263 151 -511
