100
233 917 -484 779
-974 -689 767 839
-865 396 -597 -486
935 -17 873 -874
-733 66 -470 983
953 628 614 -941
-174 -45 32 399
939 929 527 -400
-971 148 181 -907
178 211 -58 -371
730 -744 843 333
935 -505 -214 318
843 554 568 60
-335 -614 108 -859
-807 869 318 294
-24 -919 -900 -1
-754 456 135 135
-884 -691 162 -917
-921 -150 -436 166
908 -374 -285 -488
877 -300 -389 -586
-869 781 422 296
482 -53 -532 820
-562 964 -149 780
-310 -982 443 -743
905 4 -420 392
-468 625 476 -7
43 -638 -575 -871
-225 -279 -819 -49
-856 -773 -19 822
646 34 469 768
-277 288 670 -690
98 29 -897 -881
-689 544 -572 -607
761 -907 847 -798
235 -771 -132 106
158 567 449 -42
788 93 -729 -492
-196 656 -235 831
-993 -745 286 448
-792 -560 408 971
923 33 -733 -481
-973 754 374 -944
313 551 -436 711
-81 -837 890 445
-144 761 -351 -992
-476 597 668 -642
598 -201 -412 211
559 -485 321 -846
-740 -798 -298 -119
-677 12 798 -62
-958 -578 -258 -340
-90 812 428 -530
795 -105 491 -414
-744 -465 37 705
202 -406 341 -6
-595 -717 -527 -13
-943 517 -943 662
-472 -861 735 288
-277 261 186 487
336 549 476 -311
84 472 -980 367
963 -347 -247 -456
747 -243 -34 -285
-24 -491 -551 372
-36 -314 -750 358
-512 563 361 838
-119 143 760 -822
-928 -212 -3 -341
579 -43 98 -313
221 -714 667 986
107 599 596 -748
-85 -569 -827 -304
-641 -620 684 496
598 -784 271 971
-155 36 600 -162
708 160 -239 535
-173 -844 8 -267
179 708 369 394
-415 -959 -949 -284
146 -219 884 720
745 -442 -647 635
-12 525 798 -493
168 681 -339 638
931 -360 701 -519
903 -299 237 -697
386 706 188 241
-945 215 -773 777
984 -666 -801 -875
350 572 -808 -670
377 990 -868 -110
850 33 137 -914
663 -332 169 -99
-265 889 -390 533
-616 -388 114 379
160 290 -320 304
-67 95 482 270
378 -768 842 -56
-34 518 -365 492
-710 -201 -52 -237
