100
627 345 916 976
513 105 -452 418
402 -639 -230 360
-691 -847 -356 174
-144 -989 -837 455
-403 294 411 -396
98 -52 -139 215
931 -692 793 823
664 -352 -515 619
576 -132 316 -85
-86 40 -511 915
815 -530 -415 -886
232 36 819 412
-1000 -157 759 -739
134 449 286 455
626 -824 -398 61
864 -208 625 177
-407 790 -533 -919
522 -619 759 506
879 -834 -601 145
497 -942 411 484
-300 396 -131 571
-152 695 715 224
-338 -474 391 170
74 419 508 -439
110 -818 -765 629
-782 -245 80 -240
522 -248 32 -742
-40 -362 359 893
-690 638 -817 -304
864 469 794 541
914 -137 750 756
603 -636 805 347
-613 132 -361 587
498 677 -498 -745
250 -897 767 -129
478 768 16 444
-207 43 -479 -56
255 -543 -239 314
-974 336 359 140
-140 -277 -841 1
-278 -71 -594 -109
353 217 -654 -678
-873 -940 223 -403
-432 866 612 570
796 626 775 -519
160 824 95 -245
-446 159 467 -248
-262 788 281 -93
-311 -368 -419 254
908 993 260 286
-854 -320 464 707
-416 794 376 -768
-666 -102 858 -714
-805 575 -542 -806
-309 -972 -18 -932
-904 -848 -890 684
245 -622 -927 352
399 -203 -554 -912
436 580 -962 -281
-253 -425 -585 -309
-409 -237 647 320
614 -814 308 -763
347 347 559 -991
799 476 654 754
288 -884 661 -455
-851 544 -148 385
700 -297 -454 -966
978 682 -171 453
-49 782 539 -589
930 -803 215 -838
672 304 902 678
-932 593 -82 807
-737 -683 -618 964
-866 -102 -484 -534
68 864 -373 882
571 422 943 493
-577 889 -889 -925
-847 153 -776 572
615 332 775 527
351 -143 -323 -666
-648 -426 -667 -433
-359 -374 -743 -772
-66 173 -369 -90
781 401 843 -547
-498 752 -992 -320
-629 573 220 -695
-49 -93 -475 124
23 914 105 279
770 -810 310 -24
-765 -250 -335 -991
-370 362 420 -899
-246 -176 -383 662
763 -558 -39 580
439 191 -46 -756
-52 -534 -590 -114
596 -842 -640 79
-151 516 568 895
581 759 715 -202
501 -451 -928 45
