100
538 297 -356 -521
958 -128 231 -9
32 624 162 -374
39 447 475 -706
316 578 451 946
85 597 -107 -408
-830 -686 -127 831
-908 -776 -458 220
-89 531 476 764
496 -563 -340 490
-352 934 -741 463
518 -490 -979 -60
-703 481 -568 -552
680 355 -965 -8
856 214 446 -294
-978 901 -376 403
732 -354 -58 -833
328 532 -31 473
995 -229 -796 218
-339 -100 -704 807
-375 597 817 -808
210 -443 -338 -174
499 796 163 -981
339 -112 883 -961
693 764 50 -159
-698 -555 586 -996
781 -110 -236 204
394 16 -923 -673
920 703 252 -182
-727 -311 23 786
-260 -405 -437 -972
589 137 -216 -208
-974 713 -792 307
-514 -417 282 711
-68 379 -175 670
334 -64 451 -147
-571 -633 162 910
-232 522 74 891
-963 -190 -244 -496
284 -778 -350 853
-778 -155 -750 -862
-697 -20 -898 -735
922 -130 464 -94
-279 -197 -764 460
889 358 372 -143
-429 -54 771 -137
296 658 -895 444
142 -998 -847 -419
-506 524 158 -621
-362 -354 631 372
591 -162 -597 592
108 834 -286 371
-725 274 499 -139
115 -459 -429 312
-193 247 -731 -558
-921 -826 -962 -762
905 811 194 986
-716 830 339 386
892 -589 -28 -321
-491 -873 299 -949
-910 -616 461 954
-541 75 473 993
815 -96 95 -302
-449 804 255 -420
-543 645 -751 817
779 287 415 -5
872 -525 525 609
438 -120 805 226
-289 -134 626 673
154 -883 -981 249
12 -724 417 784
-20 271 371 73
-252 167 531 -903
-586 -87 -249 -999
-971 165 -58 -349
-146 773 -696 649
-287 -364 -499 -48
-976 823 292 943
-333 841 903 -244
-596 53 145 -177
739 588 -446 203
958 -217 574 691
-740 -981 -627 -641
496 -942 -523 -895
-739 327 -789 -897
-842 329 -887 264
-886 999 -216 -536
559 -246 -66 -118
-111 -750 -447 935
-279 -432 -831 823
-170 671 435 -557
984 -752 -250 -482
-942 712 835 846
-430 370 -747 602
796 38 -887 -291
-52 -776 -555 56
459 -1000 -41 -133
250 833 201 -205
-870 -969 137 -636
68 -711 531 -509
