100
-844 -38 183 731
-738 811 826 -788
-832 559 208 -487
616 352 748 123
438 656 473 57
-649 787 -635 -871
-341 -137 -747 246
202 -774 -417 927
-65 -748 928 -343
-850 -787 629 0
-898 409 -728 7
913 -5 298 -883
268 267 11 725
-299 75 851 -661
-82 -397 -828 -565
888 784 640 -645
-230 -61 -931 999
-777 376 203 -628
713 -75 940 483
-263 -168 99 749
464 -672 -317 493
-666 163 -594 -495
-521 349 -30 -19
-639 548 -364 -651
517 -258 571 -540
841 -997 -850 88
719 13 548 213
461 345 287 243
-248 -747 -885 -515
495 -758 682 414
917 757 903 934
-278 959 239 -241
-611 -128 -559 502
-331 -701 207 584
182 477 121 177
872 -98 183 -45
-960 435 840 -636
873 238 -672 946
-288 -102 502 -980
-162 112 296 -395
982 444 642 -447
-317 150 967 -442
786 -48 -175 157
-269 574 -527 -372
-130 -488 515 123
151 294 685 943
-441 -59 190 -688
-643 119 991 -36
454 -84 796 798
922 -448 743 403
337 822 383 802
-176 248 -26 653
277 -608 -107 -402
-526 953 -247 568
-676 925 906 776
-291 -933 -133 -840
190 -445 292 -780
282 555 756 -523
273 367 -964 -489
-858 498 736 -560
-498 811 -256 659
115 -270 -142 -113
-721 -596 206 -259
350 826 226 275
144 -21 -960 -56
967 -702 -734 77
-503 -636 -932 798
898 -859 965 507
147 -162 789 876
463 -526 -13 -21
-843 968 -518 804
985 -784 785 305
109 606 -655 -31
152 222 -400 181
946 343 -150 -925
426 -612 -25 -522
-852 328 233 -479
-522 -830 -154 866
-90 542 -497 727
-315 -412 432 -800
-919 -693 -286 -801
-587 -9 955 520
-50 978 143 657
-66 5 -483 -320
-743 510 585 -970
-142 -503 -602 -893
883 -624 241 599
835 -286 665 -476
553 -274 672 -294
313 -87 -145 -61
354 876 -55 233
-652 -183 513 886
-528 -187 33 150
741 -52 -762 588
112 -571 707 -85
30 474 -575 -986
466 235 211 44
83 -757 903 790
-305 -7 -514 -765
-177 -944 229 884
