100
-471 -471 -502 -502
561 561 -946 535
369 369 885 461
-307 -307 145 145
430 430 -348 -348
-381 -773 547 547
-717 -45 -114 -687
-27 666 -943 -943
-110 768 -123 55
-270 -937 -336 -336
349 349 -459 -459
-930 -9 893 -767
329 329 823 823
-88 611 475 475
789 793 414 414
440 440 508 312
896 596 783 783
489 489 807 807
441 381 -37 -37
211 211 -105 -105
775 -357 -76 -76
-25 -618 -971 -971
-517 -517 -623 -623
532 532 452 452
-487 127 -314 -314
-587 -587 -229 -229
531 531 326 886
31 -794 763 763
-391 332 -362 -362
921 921 589 589
799 799 -558 -558
-289 -870 626 626
451 451 -326 -326
617 617 -105 430
-165 -165 -350 -350
-300 202 845 845
162 125 661 661
-861 475 643 643
108 -485 713 713
-950 -950 714 714
-380 -691 572 572
-138 -557 -314 -314
-304 -304 294 294
186 938 219 833
-498 -498 66 -331
49 49 -377 -377
812 812 267 -318
-811 -811 -504 959
541 541 348 348
196 196 866 866
-270 -270 -47 -913
-824 -42 -372 -372
-700 -700 -74 -74
358 101 714 714
726 361 499 499
-490 -490 -637 -740
977 -141 -210 -210
-956 -450 -161 -161
-977 -977 -189 -43
-656 -323 -387 -387
-421 -421 619 619
-195 802 542 542
-835 -835 496 496
107 107 34 34
-663 865 -981 -981
-49 -49 661 661
647 647 -301 -301
419 -434 225 -681
833 175 -614 719
519 519 -408 -408
-505 610 -191 -191
-691 -691 612 -726
309 309 672 672
-517 520 60 60
492 492 247 -369
598 598 -651 -350
-793 -793 548 548
-762 -758 269 669
-594 -516 -890 -890
384 384 -645 -645
756 -51 -443 -443
-150 -150 37 -954
795 795 -496 -434
573 573 395 -140
-220 -220 -668 -692
-785 72 -308 -308
-895 -895 455 455
-900 -118 713 713
434 434 -559 -108
375 375 553 215
-605 429 -535 -535
828 445 -423 -423
320 638 804 804
-662 -662 -519 -519
-105 487 845 885
-485 -485 -252 -252
533 533 -458 -904
-959 -241 299 299
204 -645 -707 -707
226 226 -502 -502
