100
-296 -891 321 321
-56 -56 763 228
-583 -583 512 512
140 126 -352 -352
-318 -318 -141 -181
-834 -834 -445 -445
752 752 702 702
581 581 -281 -281
419 56 -220 -220
900 900 -778 -778
-348 -791 425 425
865 -284 -677 -677
-224 -224 44 328
-791 -791 -220 -220
857 705 -493 -493
651 708 97 97
94 735 326 326
172 172 -678 727
48 298 -273 -273
602 -695 -474 -474
672 236 -753 -753
699 699 -491 -491
791 791 326 -843
-648 767 -264 254
266 -322 -237 -237
-948 -948 -571 -571
600 -832 -172 -172
835 835 -447 -872
842 842 -136 -385
514 831 147 147
697 697 -278 -657
-263 799 283 -206
301 -81 -500 -46
549 386 -189 -189
234 -811 -19 -19
-452 -45 -60 -60
52 -957 -300 -708
-64 -64 -223 -223
476 476 226 226
-887 -887 394 394
-867 -867 -734 -788
158 163 472 957
314 314 99 99
-934 636 -938 -938
330 330 -449 265
346 -111 509 509
-21 27 220 220
881 -846 -154 -154
-920 -920 -352 -622
644 -242 -29 -29
-917 -917 516 -180
-552 -552 -173 457
987 987 994 867
565 926 574 -314
-463 -463 -420 -420
-528 993 -551 -551
716 -782 544 544
859 859 -830 -830
439 439 888 547
801 -217 209 -510
690 -175 -329 -329
177 177 -887 -134
-679 -679 -268 496
-322 -322 676 676
819 819 -431 -431
-172 -172 -804 642
386 -233 568 568
380 -281 -72 -788
842 842 577 638
138 138 714 714
895 -569 -373 -373
-627 -988 212 212
-985 -985 -897 -897
387 -495 -775 -775
-161 -161 594 249
956 78 838 196
874 874 761 761
45 -164 306 117
-758 -730 825 825
-682 607 630 630
-900 -900 -514 -514
-341 -341 629 629
78 78 890 890
444 -71 779 779
157 -782 364 364
332 -995 988 988
233 -456 447 447
-855 -855 -442 -532
-419 540 853 853
-501 -501 900 900
917 -934 -884 -884
-311 -311 -199 -692
58 58 842 -841
-766 183 801 659
11 -130 -207 -207
-56 -996 -191 -191
649 456 44 -238
836 213 -816 -816
-123 -123 -502 -404
484 -750 -67 -67
