100
316 316 -752 -752
272 -806 610 610
-85 -85 974 974
722 -870 -739 -739
-226 -226 11 11
-274 -274 430 -738
680 680 695 641
65 65 -928 -928
-245 482 -425 -124
507 -581 -878 -878
667 -518 422 974
-395 718 -864 -864
126 554 211 211
772 772 899 899
610 610 -486 -486
527 7 -690 111
-303 732 -873 537
526 526 -638 -39
-896 -896 519 885
459 55 888 888
313 525 -875 -875
95 95 -478 287
327 -708 -696 -696
-717 -972 -575 -162
978 978 877 322
-402 9 -899 -899
-536 -87 344 344
-735 923 -98 -98
-459 -459 692 692
170 170 -823 -823
-274 -274 930 930
-547 -263 639 639
496 2 -755 -755
672 672 -525 564
-416 -416 -70 -70
504 504 178 178
-200 -200 916 916
-328 201 -495 -495
571 571 870 870
842 322 -893 -893
-564 849 777 777
-725 969 -810 -419
-464 670 626 224
-156 -156 811 811
-163 -720 484 484
128 -690 -483 -483
-576 -576 -647 -647
264 264 -241 -842
-787 -832 -176 236
-526 -526 822 822
557 557 709 156
-152 -152 435 435
-624 -624 8 8
652 779 217 217
600 -53 611 611
144 323 806 982
-919 -919 843 843
-791 -791 59 59
179 179 287 287
591 591 -815 -815
-788 -799 -442 -442
-661 -799 -757 -757
-343 -343 -649 -237
774 774 652 652
-113 -113 621 621
-840 -840 -278 -459
906 -328 -679 -679
-761 -99 581 581
-866 -890 354 -234
525 525 841 841
-447 -447 -635 -635
-691 -691 -212 -296
-636 448 -376 -376
-348 -407 -220 -220
-119 -790 -874 -874
-699 -699 488 488
-841 -841 -885 -885
-176 112 -586 -586
440 302 781 781
-168 -168 398 398
677 385 -46 724
540 932 -262 -262
-929 366 168 168
-359 -106 810 810
465 687 -896 -896
788 788 -587 -587
-158 -158 -871 -871
-253 -253 -544 -544
979 257 -490 -490
798 -352 245 245
-358 658 397 397
-219 -219 654 654
-43 381 -559 -559
47 47 723 723
-853 865 697 697
-996 -996 762 762
-863 168 389 389
-744 -744 -769 -769
-294 -294 761 365
50 -715 -447 -759
