100
-24 621 -244 -244
99 618 -376 -376
180 180 382 -672
-206 -206 782 782
-642 24 203 203
537 -472 159 159
-876 -649 21 -11
209 -348 372 -796
-701 324 -587 -587
206 -426 251 251
-157 -710 191 191
485 485 -462 -462
-192 291 -53 275
-436 564 532 -733
426 490 43 43
581 581 -528 -528
90 90 -554 -554
373 373 253 -491
783 -470 360 360
-134 -134 -254 -254
-798 928 -314 -314
963 963 744 195
-562 -562 713 867
-461 -461 -183 -453
63 -7 -480 714
-233 -72 872 872
297 297 517 -431
-961 90 -699 -238
-910 727 -605 -425
-462 -741 431 431
-199 105 359 359
549 -36 -68 -68
974 208 -123 -123
847 847 151 151
-635 -452 73 834
-410 -410 997 -16
-173 -173 -564 -564
-198 -267 521 521
-508 -610 140 -445
138 138 640 640
-431 167 260 260
701 619 755 755
-380 -380 868 -508
-698 -698 590 137
134 134 795 -519
973 90 -691 -691
-833 -833 -296 -471
614 614 -520 -520
375 512 813 813
-554 -554 2 2
743 698 339 339
146 146 691 691
35 525 -27 247
-729 -729 115 115
-954 -375 -990 -990
234 -839 553 553
-969 284 -205 -205
-430 -430 372 -99
730 730 998 998
-308 -308 -876 383
722 646 -456 -456
-507 715 -923 -923
69 69 986 986
204 204 -231 -701
-593 780 -83 -83
-473 274 -148 -148
891 891 429 429
-932 -932 -434 -434
-409 -329 -347 -347
400 400 502 -409
411 -501 683 683
783 524 -391 450
766 706 885 885
-755 -755 -293 -249
185 523 -694 708
-585 -585 345 509
-102 778 -550 -550
-646 -358 -443 -443
125 604 -669 -669
-326 689 -279 715
133 133 -806 -412
651 -506 864 864
818 818 645 645
-985 -985 296 296
200 708 463 463
735 735 -829 -829
-722 798 720 720
-676 -676 682 682
-205 -542 -720 -720
-845 -845 -422 -422
896 896 -8 -878
963 963 -229 -229
-343 -343 71 71
491 838 -28 -28
-317 -317 -391 616
925 512 -953 -953
-972 -340 86 86
933 -584 -198 -198
157 157 -191 -191
983 983 -421 -421
