100
-429 -429 -489 177
923 923 361 935
867 867 -985 -985
-244 -518 -534 -534
-416 -416 -782 995
-60 -50 -331 -331
-276 -836 -848 -848
905 531 -98 -98
630 630 456 845
-298 -298 -624 951
68 792 738 738
825 -233 -433 -433
699 580 131 131
423 -955 -972 -972
792 182 -266 815
-217 804 -791 435
71 71 -446 902
-99 -99 -522 588
101 101 -565 -565
-225 -225 -730 168
230 230 -564 833
-409 -409 -429 -429
859 859 -954 861
843 843 453 923
427 -338 -532 -532
854 854 -573 -573
559 559 78 662
491 828 -274 -274
98 -469 -572 624
209 209 -818 517
-143 -143 -922 -922
854 854 438 965
-24 -24 -708 240
-93 -93 -932 928
-166 -166 -824 -824
210 210 -674 -674
389 514 -694 958
468 468 -952 -952
-350 469 -387 -387
495 -580 -688 -688
-47 -806 -974 -974
243 48 -317 -317
877 -158 -423 -423
523 -856 -913 -913
482 113 -720 -720
-192 -192 -299 -299
-130 602 -933 -933
977 774 -260 984
-166 -557 -667 -667
33 -515 -597 -597
115 115 -370 -370
-151 -917 -977 -977
-342 -342 -688 169
421 -953 -987 607
949 150 -670 -670
-63 964 -121 -121
707 707 -305 754
414 414 325 325
973 -43 -717 -717
290 290 -79 -79
-356 -175 -255 -255
143 143 -8 314
-35 -35 -601 -601
492 -791 -980 -980
80 -536 -868 -868
829 829 69 69
-139 -139 -963 -49
84 -904 -989 -989
840 740 -775 -775
587 587 222 222
926 926 280 950
-382 -382 -550 -550
-273 703 312 312
759 -141 -242 -242
702 702 -646 -646
-330 -330 -998 91
768 768 -983 -983
175 175 -1000 -1000
112 134 -765 -765
-29 -29 -968 -968
-129 -129 -154 -154
-491 -931 -995 -995
-391 -391 -624 -365
202 -547 -918 -918
275 -415 -430 -430
38 38 -267 -267
897 897 -98 967
649 649 -497 -497
34 34 -357 -357
332 -227 -718 -718
-500 -851 -924 -924
68 -120 -253 -253
347 347 -254 -254
731 -445 -753 -753
726 -781 -986 -986
739 739 435 435
-107 -107 -183 -183
-384 481 382 382
81 81 -939 -939
414 -360 -378 -378
