100
-126 85 -51 -51
766 -511 -907 -907
-482 -195 -919 -919
540 540 55 55
348 -401 -918 -918
72 72 -218 944
739 739 176 176
274 274 -733 -733
749 -128 -337 933
278 799 -171 -171
642 -673 -934 -934
160 -57 -74 619
403 61 -639 -639
249 249 -409 799
-219 608 232 232
291 -156 -934 -934
698 445 -284 -284
812 812 16 859
23 -410 -878 -878
344 713 -539 -539
-306 -232 -993 -993
533 533 -78 -78
-476 -476 -836 -836
-33 -738 -801 966
702 702 659 830
-453 872 320 320
739 -412 -757 -757
765 865 -892 -892
297 -676 -977 -977
-456 -456 -944 314
-262 -679 -752 -42
-46 626 -137 45
952 509 -149 -149
-359 857 592 592
-497 -812 -923 -923
-72 -876 -958 -958
142 543 179 179
-317 149 -644 890
852 852 -503 -503
-154 702 -210 -210
-313 -313 -505 -183
-197 887 -536 201
277 -861 -984 814
985 985 507 991
588 588 -461 820
284 290 -984 -984
-229 -229 -777 151
744 744 -706 -706
278 278 -13 -13
997 835 710 998
-108 511 463 463
-487 -487 -780 -780
-10 -10 -421 309
-259 -259 -726 -726
-157 -157 -870 -870
569 216 -113 -113
-49 -49 -445 -445
-468 890 778 698
-497 317 -210 777
871 187 -583 -583
122 122 -793 251
-33 2 -361 210
36 -613 -905 -905
45 -870 -905 -905
414 414 -832 -832
932 932 757 757
734 734 411 798
169 -569 -696 -696
686 686 344 344
632 632 407 407
122 -352 -802 244
-106 -212 -335 -335
458 757 308 308
890 890 767 767
-137 647 63 352
639 639 321 321
590 713 -537 -537
996 886 153 996
639 -324 -962 -962
429 -954 -962 -962
89 -478 -590 -590
-175 -322 -378 -378
842 -168 -866 -866
461 461 -244 -244
225 488 -6 -6
396 655 545 545
337 337 -875 444
234 234 -432 -432
692 692 -69 966
-222 -222 -770 -770
441 -882 -944 -944
-265 613 -101 -101
-315 -315 -709 -709
964 964 -243 968
332 517 -919 955
536 605 -744 661
390 998 -436 882
-321 -321 -595 559
894 831 -106 949
838 838 691 691
