100
-206 29 -722 -722
242 242 -861 401
862 688 557 557
734 -724 -937 -937
-466 -466 -672 -672
-220 -220 -919 -215
-165 -165 -450 -450
677 558 -114 -114
948 -753 -999 -999
-498 -498 -687 273
714 -72 -87 -87
-101 -925 -994 -994
661 -8 -173 -173
-115 -115 -984 -984
475 475 60 60
24 545 -547 -547
-435 217 -985 -985
-90 -90 -644 -644
-38 -38 -157 -157
593 -928 -961 -961
585 585 -272 978
-264 -264 -692 -692
759 759 612 612
41 100 -110 -110
-1 -555 -567 -567
824 824 -514 -514
329 -349 -643 -643
306 -747 -766 -766
425 425 124 124
113 113 -941 -941
601 -599 -774 -774
975 203 -568 -568
-305 -305 -512 -512
73 73 -503 -503
132 132 -583 -583
426 7 -637 -637
796 86 -98 -98
695 554 -967 -967
985 -273 -986 -986
736 -942 -948 -948
-189 -189 -741 -741
-227 916 660 660
692 692 540 887
51 51 -684 -684
-59 -59 -887 -887
351 743 -76 -76
979 979 -672 -672
921 921 -604 -604
808 808 -296 847
439 439 -9 690
868 -314 -438 -438
677 978 -362 -362
-161 -270 -650 -650
707 707 566 566
900 -381 -612 -612
43 10 -611 395
-361 -361 -731 -731
26 31 -366 -366
-67 542 353 353
-283 500 -113 -113
66 66 -219 -219
706 -583 -916 -916
446 -858 -971 -971
988 988 -202 990
-452 -452 -553 -553
438 438 283 646
970 970 -117 -117
-135 -164 -760 -760
765 765 569 885
659 -870 -940 -940
129 129 -621 -621
699 149 -113 -113
720 -457 -614 -614
326 986 -961 -961
-220 -220 -453 -453
756 756 105 105
-255 -362 -604 -604
-335 -335 -783 33
-213 -213 -711 16
-425 -425 -833 975
-348 -12 -15 -15
211 211 -827 -827
361 361 -500 -500
207 207 -854 912
671 671 474 474
835 835 340 340
495 -849 -926 -926
234 -473 -693 -693
978 510 -154 -154
-70 -779 -876 -876
364 364 316 559
697 697 107 107
360 360 -132 -132
-157 499 -234 -234
862 -396 -751 980
156 813 -852 -852
-32 -504 -742 -742
579 509 505 505
-480 222 -298 886
653 356 -129 -129
