100
731 731 570 885
599 524 -315 -315
392 392 131 482
218 218 32 32
397 397 294 294
875 -91 -509 976
-302 -302 -473 -473
533 426 -594 -594
822 822 -248 872
441 441 -164 -164
-333 90 -931 -931
765 765 561 561
977 977 -318 -318
577 56 -383 -383
-499 -499 -508 -508
501 501 410 945
173 -947 -983 -983
766 936 -22 -22
558 -655 -893 -893
350 350 -225 -225
-361 709 -214 -214
-52 -52 -853 400
739 -928 -940 -940
248 -192 -235 -235
363 363 -829 695
208 208 -893 369
-383 96 -666 -666
-492 654 211 211
415 -980 -997 -997
-476 -476 -545 -256
539 539 -66 792
117 534 19 19
-158 220 -408 -408
399 -965 -994 847
-138 -810 -938 -938
643 541 -42 -42
352 228 -145 -145
873 873 433 879
627 134 -10 -10
401 -592 -690 -690
-132 259 147 147
469 264 -75 -75
831 -691 -1000 -1000
315 315 -894 -894
588 588 -425 -425
261 -827 -852 407
504 504 -581 970
136 136 -138 -138
-401 -401 -866 312
932 932 -63 -63
48 548 -624 -624
153 153 -18 799
80 80 -567 -567
400 400 -924 -924
274 274 -541 751
527 527 322 322
789 -169 -918 -918
-499 -499 -749 -749
-255 -316 -951 -951
208 -887 -925 -925
-432 -432 -784 -784
387 387 -369 -369
-114 701 79 79
407 407 -424 742
599 599 253 912
509 -841 -876 -876
491 834 -15 -15
212 418 -366 -366
644 178 -576 -576
20 20 -1 491
-55 -515 -929 -929
-225 -8 -425 -425
823 823 -52 -52
-150 -839 -883 -883
76 286 -60 281
31 -919 -975 -975
901 595 -165 -165
521 521 -32 -32
646 646 -888 -888
-96 -848 -880 -880
257 54 -904 -904
-191 -191 -896 301
434 826 -769 -769
-236 -236 -964 -964
144 144 -702 -702
-414 -414 -865 817
169 -296 -816 -816
-298 -774 -784 -784
-43 -880 -919 333
-457 -550 -917 -917
-372 -558 -815 -815
280 860 836 836
120 120 -246 -246
-17 -410 -977 -977
805 805 -363 -363
842 -605 -715 -715
103 380 -900 -900
402 402 -673 -673
-168 -925 -978 969
459 459 197 197
