100
882 882 656 964
-262 733 546 546
-445 370 201 201
-332 -332 -645 -645
838 838 675 675
-364 125 -294 -294
-192 -683 -711 -711
-466 -466 -939 -939
-170 -170 -574 -574
538 538 -330 851
631 7 -59 -59
180 927 292 292
916 916 -709 990
188 -325 -513 -513
-386 288 242 242
319 319 252 252
685 685 -62 -62
-170 -241 -862 935
569 569 434 434
-15 -786 -791 -791
312 -599 -844 -844
79 -403 -547 -547
338 338 -110 952
670 670 -280 -280
899 36 -679 -679
733 296 -231 888
-484 -484 -612 -612
498 -429 -968 -968
712 -932 -981 756
983 -535 -786 -786
-121 -121 -588 -588
-488 418 239 239
323 323 -580 779
734 563 528 930
-399 -399 -477 -46
715 715 390 390
126 -227 -700 -700
89 89 -522 -522
-403 700 -157 -157
612 612 -17 -17
931 702 -494 -494
-496 -496 -911 -911
561 -835 -887 -887
873 873 -270 965
206 206 -426 -426
976 557 -965 -965
51 51 -995 -995
-228 856 720 720
937 129 -245 -245
251 251 -229 -229
940 940 680 998
-150 -150 -669 -669
-166 128 -808 -808
355 355 -146 865
699 -403 -422 -422
428 -82 -527 -527
672 672 296 296
-256 653 -409 -409
954 954 560 560
554 554 475 475
-146 -146 -168 -168
-406 863 647 647
-10 -10 -15 778
463 463 -420 838
169 -202 -398 -398
-82 -273 -670 -670
-470 -601 -945 -945
-173 -173 -921 -921
-304 -304 -519 -519
-500 -121 -506 -506
-251 -251 -944 -944
290 -7 -964 -964
596 596 -462 -462
821 821 -154 -154
175 878 -88 -88
158 158 -161 678
348 -524 -622 -622
-75 -75 -348 641
-8 -8 -138 -138
-427 -427 -907 875
453 453 -125 -125
-62 450 409 409
-332 -332 -572 -121
-70 745 -413 -413
677 667 155 155
220 220 -462 -462
968 446 -194 -194
990 127 -246 -246
-294 -294 -892 368
-347 966 -506 -506
971 971 969 969
820 30 -322 -322
-496 -62 -126 -126
879 879 -814 981
-468 168 -630 317
879 879 376 953
658 658 -675 909
-74 -74 -795 -795
712 705 -820 -820
-234 -234 -235 -235
