1000
35
2
668 92
838 874
582 854
44 855
90 945
251 266
853 420
33 944
744 812
875 464
971 308
177 956
650 405
543 534
597 410
569 265
501 406
490 435
611 533
289 700
477 539
318 329
310 350
624 53
513 498
869 483
806 397
439 455
801 333
988 750
742 908
366 242
665 855
676 276
387 317
1000
2
327 215
855 644
895 517
345 518
569 858
367 789
692 172
186 482
978 986
814 317
87 907
576 452
501 241
306 176
868 44
844 194
610 51
838 504
567 182
373 487
391 92
276 435
263 461
916 593
798 730
261 885
988 837
336 488
429 994
16 296
389 859
489 999
909 678
854 475
212 579
962 602
670 237
36 284
49 304
228 846
33 489
82 372
677 770
860 105
763 875
400 151
733 240
501 642
918 355
468 481
285 429
82 954
17 470
589 417
773 817
263 157
305 696
528 981
465 739
437 227
613 188
730 346
427 582
339 696
936 806
176 572
587 610
525 955
431 114
372 203
930 986
711 586
681 590
918 498
329 354
724 941
541 805
638 319
387 328
15 674
134 190
246 72
151 122
26 581
587 749
135 868
734 845
805 767
787 722
264 115
75 339
407 967
496 397
286 234
724 300
907 209
841 504
280 992
978 658
572 916
758 707
784 844
903 588
610 689
662 225
155 736
915 914
55 410
662 340
643 385
639 902
946 831
757 577
822 734
586 746
650 344
804 785
187 706
724 148
747 385
372 253
473 286
518 527
48 179
218 42
916 208
295 213
38 52
789 212
137 375
957 138
718 112
922 256
169 998
403 267
734 126
520 558
763 389
436 810
568 653
204 835
860 498
47 250
549 187
461 38
561 769
175 630
880 449
237 48
446 639
315 531
116 186
441 879
574 876
40 493
881 243
327 92
93 725
341 993
912 153
30 824
921 205
806 800
653 42
200 450
33 866
332 148
51 772
26 976
1000 418
469 880
12 147
323 104
872 16
97 783
168 126
958 89
330 763
240 334
157 791
783 189
656 115
336 58
238 714
34 237
483 502
468 494
1000 143
598 871
158 694
5 325
171 963
765 853
77 357
186 233
147 321
421 155
787 109
212 24
174 597
613 656
450 80
149 450
222 746
320 731
791 677
408 962
639 172
166 715
880 351
300 27
23 720
533 809
180 744
185 353
341 797
8 790
228 509
239 802
606 911
532 397
587 939
710 577
463 875
643 342
577 942
720 600
662 252
760 193
996 296
546 688
444 905
829 672
765 420
825 371
330 356
119 268
647 180
844 109
54 486
450 982
428 170
933 441
421 45
985 768
340 530
807 136
787 636
807 551
55 983
273 384
338 391
3 984
570 846
444 975
683 894
957 110
415 241
902 187
285 887
307 977
768 113
112 906
748 270
457 802
252 81
537 941
472 539
277 393
736 720
368 419
965 676
880 731
916 782
270 553
20 576
881 787
688 344
45 788
613 853
941 216
933 478
508 404
368 784
797 104
856 516
522 172
191 401
903 458
534 172
362 553
99 242
692 138
585 88
925 549
940 218
116 872
695 624
276 414
407 424
517 614
939 390
786 481
791 40
938 676
563 652
581 661
893 624
150 830
711 427
378 650
644 846
521 690
469 148
103 227
923 620
841 213
9 978
693 151
17 983
179 579
634 759
591 878
382 740
59 92
518 789
93 161
634 613
850 102
113 953
328 35
924 520
600 284
497 292
787 865
626 965
795 611
723 385
841 456
477 899
547 994
687 639
507 320
603 356
773 715
660 453
102 583
972 701
219 821
344 5
37 322
969 832
284 43
216 124
498 44
23 44
390 61
34 896
733 988
251 505
55 911
957 156
845 281
208 415
453 551
419 489
224 387
320 508
429 888
631 278
283 5
321 672
66 706
567 798
694 170
654 100
432 963
255 628
243 814
43 47
716 461
535 940
200 207
447 980
446 77
258 728
434 930
400 851
636 318
1000 681
487 653
780 918
615 386
546 209
551 588
255 266
400 142
205 599
700 651
579 145
80 188
872 513
117 623
363 104
941 714
136 427
366 267
697 333
4 594
893 554
533 500
820 932
641 376
883 340
27 461
836 458
1000 707
322 116
330 36
572 622
749 707
48 466
326 96
798 329
689 691
883 221
190 54
505 182
429 387
873 807
199 708
616 198
766 937
665 95
324 588
716 72
647 116
538 972
211 687
300 252
377 534
824 918
939 680
451 720
66 323
526 264
382 494
813 148
430 478
594 754
417 310
177 63
777 66
34 339
753 686
942 481
571 766
751 510
445 201
229 863
876 106
126 257
599 291
756 381
120 350
486 536
11 662
599 787
728 632
125 480
669 67
312 240
184 62
749 980
263 329
842 490
434 320
98 385
610 854
765 729
203 250
264 565
911 214
351 990
198 827
821 866
245 133
457 428
194 205
408 456
533 601
297 319
920 395
703 529
248 819
609 802
68 225
366 330
790 68
320 987
894 492
205 139
624 661
918 818
866 677
625 750
278 922
420 549
316 474
430 915
292 38
68 711
614 433
393 404
852 64
390 745
555 594
235 179
607 505
996 472
181 620
573 458
541 345
7 208
818 436
122 462
825 189
172 439
973 564
842 176
627 583
921 182
529 507
360 135
11 707
958 192
326 882
1 219
226 359
778 44
146 900
857 971
440 28
761 765
944 954
940 570
536 212
103 416
71 814
550 81
520 859
624 198
741 977
416 966
335 193
361 481
444 217
803 236
597 563
352 540
868 291
461 403
855 916
171 925
729 720
357 601
579 981
798 671
309 565
636 643
757 349
475 553
565 277
788 513
191 139
52 58
781 865
813 987
780 983
911 860
54 268
460 984
600 609
654 908
173 642
902 282
990 377
834 906
5 973
419 548
463 822
957 243
38 121
230 169
455 492
29 509
111 840
844 62
449 498
969 621
491 223
902 480
951 87
385 955
59 155
854 521
977 811
116 366
931 697
535 386
188 563
246 651
754 441
712 202
938 681
175 780
255 428
259 205
867 996
511 925
150 365
798 478
527 265
844 809
961 378
546 500
292 143
150 45
584 862
599 873
894 125
653 148
552 263
704 418
258 214
695 408
930 844
237 808
108 80
969 420
809 514
271 100
9 421
497 592
634 95
464 879
219 468
378 122
731 81
892 988
646 938
747 928
781 984
87 240
415 55
11 576
921 281
675 929
53 523
520 686
617 335
916 187
155 293
309 885
373 200
224 371
489 971
650 269
306 736
860 72
791 870
647 711
150 674
639 203
196 510
240 165
196 156
351 350
800 11
586 173
562 810
895 50
132 544
670 789
279 529
212 421
398 211
131 548
236 121
102 431
982 693
947 530
200 650
879 1000
660 465
172 574
626 418
975 757
961 645
897 591
173 108
12 571
318 494
470 553
967 923
336 300
615 634
829 815
283 708
814 295
524 337
220 149
106 194
257 418
838 505
8 11
612 371
933 282
217 754
186 183
28 873
482 642
507 311
808 141
370 973
787 893
661 6
393 766
200 1
183 389
857 543
751 468
265 683
101 481
788 639
663 815
863 497
809 369
159 968
862 528
941 648
772 953
6 516
719 205
516 253
593 372
147 344
191 412
378 644
892 518
634 907
684 496
755 492
217 913
460 78
440 752
77 211
704 82
726 422
286 593
27 231
316 173
926 506
936 655
501 180
172 134
86 856
630 840
699 846
752 158
275 543
909 351
105 613
433 830
386 70
774 764
300 89
289 577
946 224
232 447
404 403
932 840
610 913
31 309
110 134
818 384
676 727
735 780
691 519
961 428
588 734
192 240
174 480
816 120
55 399
918 458
154 201
649 763
114 680
423 223
165 241
959 841
319 45
972 361
563 285
788 502
18 979
741 544
810 909
15 865
659 932
674 812
484 322
927 597
353 349
172 518
941 130
710 259
526 681
619 88
965 759
589 335
89 682
230 899
942 244
115 600
527 788
412 10
461 690
959 166
38 482
683 331
611 392
941 136
424 560
575 741
670 515
427 758
548 656
8 489
251 122
441 777
261 204
138 722
893 96
887 282
577 921
612 539
664 553
26 439
464 952
179 485
467 957
242 14
964 250
855 214
723 647
342 984
850 480
705 94
927 943
375 856
863 339
746 526
243 772
964 58
723 495
542 541
803 135
907 767
384 113
980 459
759 674
442 960
153 146
53 431
440 779
286 302
469 32
179 711
155 494
120 229
340 661
122 143
148 28
261 883
492 240
341 602
265 782
561 417
279 965
200 718
743 485
371 212
868 901
274 22
747 394
603 438
406 724
580 905
751 192
788 594
432 128
195 696
910 755
465 188
719 16
258 813
500 980
376 720
881 650
93 979
395 695
416 152
418 348
57 520
539 844
113 322
971 307
370 232
61 186
772 131
201 381
944 52
360 319
771 592
320 864
570 66
558 338
218 328
37 626
847 575
469 960
249 791
266 618
375 679
803 146
161 355
878 456
406 237
127 529
829 446
744 750
512 301
439 81
980 475
706 827
50 526
786 298
668 403
267 394
433 421
891 594
775 768
401 532
5 527
60 185
973 803
286 836
456 725
916 435
199 973
613 600
850 398
249 869
153 867
263 937
287 153
530 413
921 931
945 277
457 356
461 781
159 98
616 966
822 883
752 373
207 365
972 56
114 573
925 266
439 539
203 726
691 84
138 611
366 434
239 175
790 699
307 300
149 275
617 970
157 368
342 716
732 666
123 846
238 399
463 676
937 665
401 628
101 891