1000
93
2
452 283
540 260
939 372
193 90
328 968
629 267
660 857
402 867
385 19
825 86
323 981
7 348
610 855
482 942
872 647
287 675
282 827
934 572
198 126
661 877
94 641
143 753
849 544
971 234
563 147
671 885
128 30
584 737
884 417
30 107
415 669
782 696
495 715
619 44
193 279
920 286
919 414
390 768
958 712
353 872
859 375
108 338
404 691
426 287
459 455
394 873
123 527
921 969
241 539
364 433
818 283
70 88
49 811
207 358
523 559
229 733
934 336
70 689
378 495
328 836
301 721
60 776
599 980
744 839
871 108
624 40
742 45
127 142
208 334
499 82
244 727
814 529
414 883
218 791
729 545
978 29
617 38
804 215
369 900
405 239
359 380
278 452
777 757
594 984
90 92
65 685
171 230
214 584
112 431
727 192
975 704
572 943
93 728
1000
2
157 814
627 913
52 337
293 682
140 421
438 733
404 879
177 820
563 699
49 776
282 512
558 360
55 884
64 626
826 508
353 334
321 331
247 725
667 891
406 159
311 195
243 66
73 419
885 987
117 285
763 751
148 672
110 202
556 525
827 381
385 180
67 57
510 313
781 529
555 538
39 217
732 281
282 156
52 518
143 168
802 257
270 949
928 732
502 835
608 328
568 992
507 634
49 369
298 181
249 852
719 287
420 802
919 701
310 970
570 804
490 723
60 759
23 339
842 524
526 450
851 93
793 710
726 193
430 23
726 30
226 796
668 645
597 586
697 258
556 266
61 45
988 472
155 10
163 997
885 688
798 735
780 942
796 505
135 225
879 212
254 104
7 921
748 603
859 444
213 414
61 273
810 48
745 964
409 907
312 293
594 461
379 373
403 175
229 889
399 107
100 5
210 106
277 309
60 135
104 272
548 164
545 357
563 641
673 971
547 984
615 492
445 993
216 847
167 444
87 918
902 186
922 463
291 198
771 350
685 226
974 232
389 518
941 951
158 613
273 56
948 887
547 392
879 762
590 398
205 676
667 458
861 588
920 503
137 690
205 821
267 178
405 655
47 345
957 556
309 581
611 256
467 157
648 697
270 589
446 826
617 112
283 829
51 202
332 540
243 888
360 509
417 116
515 463
812 471
18 120
403 628
376 869
136 375
917 405
315 715
582 931
826 864
760 229
65 443
768 659
330 479
167 746
595 681
560 406
503 577
526 905
556 253
125 43
979 393
799 293
107 380
224 933
243 983
161 659
425 280
317 106
758 483
203 352
515 762
110 369
690 987
273 245
239 749
639 217
141 437
509 248
816 732
532 410
66 44
420 842
323 736
299 80
570 501
784 436
262 893
804 951
231 76
547 469
176 185
37 316
973 545
563 140
629 446
549 46
489 968
240 163
55 538
243 976
39 378
411 300
622 214
603 852
641 501
320 816
38 356
132 10
252 46
150 232
492 50
278 332
18 869
495 424
406 89
400 444
466 810
96 87
376 50
290 16
550 961
184 587
668 315
949 919
712 98
503 555
147 132
239 516
1000 733
940 405
821 339
201 638
500 296
76 875
345 365
891 246
325 74
185 344
740 133
262 803
230 116
358 728
247 596
244 246
680 535
3 852
873 203
489 372
498 564
247 194
280 489
791 956
914 975
299 5
107 912
807 688
28 516
416 626
463 11
872 142
545 226
993 769
428 833
492 277
748 738
470 27
578 612
334 491
587 632
847 45
896 654
85 923
169 852
900 632
862 771
125 758
996 470
526 775
302 17
51 50
107 872
428 36
484 114
879 422
97 725
818 992
378 902
266 899
753 166
882 966
288 6
75 636
827 600
410 129
969 813
530 427
684 309
462 519
422 340
292 871
65 110
862 794
363 128
692 116
645 925
433 932
931 508
567 757
459 329
237 779
141 118
205 176
427 19
695 200
358 338
70 774
447 284
920 810
763 963
277 407
888 61
690 170
920 609
278 731
937 867
509 429
984 66
956 762
84 650
314 793
340 735
919 786
18 838
947 780
800 223
538 39
636 580
208 555
188 838
285 476
704 146
256 687
212 211
801 294
213 114
438 552
848 356
689 218
545 636
349 697
210 887
735 845
818 295
400 5
132 36
832 835
181 87
873 743
649 673
388 861
138 826
764 986
533 453
203 78
88 903
774 297
789 508
142 606
154 893
962 285
280 145
471 461
583 344
203 232
368 943
92 506
768 856
491 300
308 45
729 747
947 502
43 88
362 536
45 515
780 359
800 60
503 622
520 86
965 74
317 333
368 760
838 135
967 680
787 626
76 515
372 374
369 767
461 730
302 858
596 82
568 395
141 70
17 12
507 333
437 175
17 805
287 854
291 253
885 429
879 960
296 602
334 664
368 146
745 22
355 340
455 922
87 947
344 455
958 202
787 746
377 804
550 663
9 841
267 894
621 497
205 916
99 890
579 818
388 323
839 742
663 293
16 101
239 711
555 548
912 341
294 288
496 195
302 857
387 569
102 8
65 306
923 515
548 854
333 935
176 523
28 190
168 395
290 758
105 844
658 17
537 303
304 384
497 958
240 884
878 341
243 294
999 165
809 546
370 493
480 546
367 859
87 886
254 377
644 358
572 301
374 460
955 30
844 451
339 83
686 216
776 280
509 774
797 317
671 166
161 150
711 528
360 798
413 613
526 408
323 97
60 696
557 14
77 752
817 415
186 502
630 961
782 491
86 578
159 756
743 320
257 806
199 617
955 963
581 480
371 903
928 782
951 836
796 27
939 612
794 125
465 775
437 598
265 875
527 424
630 622
95 239
427 293
207 733
255 787
564 977
690 843
759 992
679 906
18 617
517 163
93 333
938 530
931 554
404 809
329 385
430 423
623 208
67 829
940 674
968 503
2 9
346 760
1000 376
17 369
344 533
532 789
218 821
318 500
374 73
308 55
457 738
829 432
945 248
612 237
273 579
739 274
587 436
386 586
163 402
955 859
287 838
647 504
658 964
3 383
388 310
789 196
399 618
627 344
865 591
932 137
169 670
762 108
458 147
45 972
901 999
830 187
188 476
42 845
791 396
580 530
57 368
726 456
985 704
151 201
294 82
689 815
103 451
922 912
949 966
884 849
317 713
387 504
541 428
701 683
823 280
213 880
647 938
687 632
641 837
184 287
918 873
101 372
675 22
284 623
339 167
824 655
231 210
511 123
990 211
806 164
490 18
395 136
955 81
119 947
917 303
233 186
527 333
910 201
706 193
175 45
711 350
51 941
912 913
64 901
123 221
64 612
238 811
100 544
891 570
490 160
872 75
697 750
759 606
950 465
150 477
861 860
826 263
153 737
176 568
989 298
788 53
262 25
863 713
920 105
282 761
264 506
835 961
255 594
918 557
410 68
33 622
279 210
884 431
947 59
998 935
709 137
339 322
513 553
386 432
658 667
193 273
524 379
585 779
324 503
687 733
922 719
706 200
928 590
631 226
1000 980
161 60
117 851
733 629
404 118
414 413
137 957
685 660
335 270
790 659
124 476
743 45
546 449
244 474
390 226
51 389
558 211
801 26
414 533
6 817
651 418
229 139
374 265
798 61
534 588
719 9
415 813
53 961
261 649
786 2
226 836
743 783
399 543
160 812
75 166
628 77
583 208
567 309
472 365
369 358
304 439
366 70
251 771
30 864
419 815
865 996
3 607
131 401
501 290
212 928
455 191
356 38
398 923
698 221
639 66
578 942
504 296
363 106
66 393
321 836
559 186
831 561
144 961
961 645
603 524
572 57
714 279
446 463
201 143
684 839
560 613
132 63
908 495
521 325
887 841
160 797
378 991
358 522
303 670
518 905
546 441
314 611
719 759
74 272
254 109
110 813
73 242
228 981
88 748
657 326
940 817
122 318
159 831
191 813
853 60
718 398
500 383
8 570
141 433
841 394
541 303
207 614
896 434
946 983
533 602
308 472
418 781
789 928
964 331
741 816
390 810
213 241
192 572
811 332
5 3
78 897
657 636
510 552
69 807
886 953
409 545
424 178
326 565
106 289
895 198
456 637
7 20
877 198
591 39
881 947
394 958
844 50
945 705
602 365
512 487
317 272
32 93
801 709
657 906
349 903
455 804
539 461
823 768
10 413
806 243
360 199
200 555
249 497
259 202
861 122
40 178
393 423
270 194
131 278
451 479
532 906
634 71
718 456
190 728
221 995
322 932
194 873
486 794
369 96
995 230
218 386
407 610
809 28
155 291
657 606
122 188
863 755
610 932
563 799
11 783
794 332
714 339
205 551
132 573
998 478
802 215
215 560
177 23
587 331
314 243
288 787
783 150
541 392
82 103
191 92
237 336
424 302
26 628
852 509
552 850
986 354
416 200
913 592
575 852
275 240
446 562
26 228
64 918
620 497
21 162
588 609
849 363
911 874
342 114
382 894
315 719
599 731
270 511
674 196
362 948
435 160
510 812
387 925
730 358
421 750
871 360
710 719
75 620
944 416
734 677
661 400
395 259
482 17
122 156
212 835
103 999
994 964
810 381
888 539
738 660
640 609
20 350
679 94
321 623
861 406
299 522
806 46
132 287
414 253
794 625
88 249
975 433
212 785
813 452
675 903
111 315
863 482
16 541
575 336
515 436
742 166
309 899
563 440
185 976
693 979
952 132
227 927
564 790
63 729
593 737
631 56
403 845
537 418
385 112
106 252
899 847
769 207
745 331
646 281
658 690
611 609
173 189
887 89
979 301
817 923
390 799
978 792
643 515
562 379
978 667
630 876
865 750
434 609
80 431
241 89
473 852
50 645
40 936
733 370
589 901
293 978
699 270
121 341
136 682
720 113
700 701
340 564
451 125
524 882
556 765
971 380
968 20
24 359
307 109
729 895
361 373
224 60
642 345
752 130
378 471
594 78
524 934
641 974
410 165
855 317
281 177
696 248
196 72
606 855
180 686
101 892
58 325
951 52
21 55
181 398
525 774
475 48
59 468
373 469
632 228
785 264
404 833
511 952