1000
0
2
1000
2
151 281
794 442
900 229
877 237
529 189
201 879
457 669
836 778
585 971
853 899
643 597
203 950
751 362
804 231
731 836
884 881
469 29
675 368
258 903
957 138
92 509
16 900
529 203
29 114
173 881
364 167
477 566
116 228
928 919
810 10
107 45
243 927
74 917
646 683
819 954
820 262
463 187
162 343
389 190
808 913
423 171
432 899
89 899
478 368
170 640
377 628
684 971
554 757
887 199
791 58
153 962
671 967
148 184
309 888
374 469
801 148
639 584
46 727
482 524
446 651
163 823
278 198
793 831
955 32
382 97
441 886
59 111
852 206
295 512
446 20
332 246
167 971
829 212
49 662
87 495
313 601
669 942
799 813
125 105
844 858
201 284
743 259
747 946
817 41
809 262
412 141
859 578
111 39
141 511
700 580
5 364
532 673
658 330
486 782
786 681
639 987
317 733
597 63
678 413
455 486
26 866
978 884
795 440
274 935
951 974
866 955
689 398
980 346
79 817
127 865
849 117
203 165
849 799
579 878
564 385
716 589
250 693
825 396
133 98
683 83
423 548
389 112
297 720
809 376
888 288
240 737
404 794
253 605
592 832
834 155
216 549
96 818
242 920
565 726
369 247
160 792
795 548
255 443
620 63
818 507
350 409
243 106
202 496
62 146
679 895
652 894
444 747
63 37
18 628
762 387
226 273
530 20
820 136
815 439
198 632
298 900
393 540
357 594
387 418
91 65
312 743
311 107
489 373
495 859
352 608
245 578
880 126
949 52
261 763
842 810
747 139
709 139
679 417
84 417
834 175
482 498
917 792
956 757
516 451
615 220
58 211
149 290
688 97
341 948
212 182
110 310
321 170
800 351
587 883
767 772
409 248
621 677
391 577
786 259
379 752
478 788
963 626
77 2
74 417
302 637
599 411
946 271
580 745
621 518
980 739
290 740
339 910
769 729
838 554
339 216
305 168
4 619
145 80
621 219
849 922
207 447
684 153
69 263
249 689
781 580
779 422
672 117
683 440
198 521
345 536
736 1
704 91
972 848
523 592
418 371
865 625
169 548
129 237
162 729
277 942
661 55
715 684
172 398
475 721
270 819
256 357
171 311
448 142
511 970
733 928
692 949
904 860
496 384
96 658
113 724
951 125
778 18
808 301
415 282
21 684
100 629
392 622
291 839
764 801
160 848
729 851
797 984
62 644
368 509
653 480
232 956
956 362
973 763
14 739
44 387
774 495
15 165
116 305
4 879
458 515
79 186
718 227
521 779
870 888
288 875
719 871
830 674
232 802
436 246
892 479
632 665
325 998
829 441
654 184
671 111
51 749
648 768
975 169
546 197
56 185
71 127
56 900
800 287
53 236
884 944
66 867
960 743
864 140
183 518
324 205
980 374
954 628
141 280
148 38
476 555
223 898
681 630
149 481
916 201
68 152
496 485
18 807
227 234
947 761
103 270
966 82
995 271
61 487
550 208
524 378
763 98
275 443
727 776
275 995
976 694
498 824
179 515
630 757
100 576
518 202
197 835
636 191
105 696
677 6
256 553
735 370
2 362
812 81
137 439
75 112
132 572
287 662
438 269
419 890
844 288
443 41
122 78
583 578
126 612
935 381
516 670
102 517
31 265
597 167
703 23
630 187
946 917
848 736
185 618
625 380
257 67
772 730
497 707
307 622
318 242
354 833
911 455
701 293
719 650
459 774
24 88
960 970
356 159
57 892
777 681
624 33
99 395
763 595
101 421
568 770
14 273
954 924
79 7
216 798
656 26
923 679
466 882
1000 173
40 56
417 168
88 40
553 539
786 315
485 239
87 53
360 101
677 314
376 756
320 944
905 327
969 827
5 786
60 357
959 99
412 727
619 852
766 171
390 903
837 874
493 923
278 853
375 955
518 751
710 837
46 966
515 14
792 871
152 851
227 462
301 991
188 919
842 305
89 583
207 925
808 52
200 86
904 574
392 421
676 453
609 721
418 123
87 561
345 238
411 572
699 711
562 886
982 755
190 70
689 748
347 496
799 546
933 54
471 324
826 147
776 434
867 545
908 953
105 253
190 515
176 240
578 89
477 559
843 666
980 531
766 326
26 564
223 959
618 694
634 443
192 762
229 58
658 488
363 763
92 904
629 267
144 558
355 620
116 549
638 448
431 403
125 809
318 348
119 287
393 752
82 584
865 310
993 523
149 355
285 241
259 265
859 754
823 566
725 290
114 362
737 897
116 862
705 434
561 823
720 953
926 153
888 791
462 232
313 963
587 949
555 197
213 413
302 35
978 26
677 444
388 413
340 855
626 44
288 538
218 360
842 143
512 729
933 326
961 245
288 899
193 842
447 758
606 748
792 936
773 820
379 512
585 70
367 210
465 6
748 682
717 941
824 229
22 109
906 334
705 545
232 250
386 30
7 343
129 150
278 901
970 656
765 554
77 483
115 541
488 214
222 205
155 398
785 176
858 690
509 562
234 92
163 971
121 169
665 249
671 943
501 992
950 617
897 27
99 11
567 939
577 141
495 83
538 631
258 747
672 118
308 905
561 471
227 33
991 891
633 661
185 485
652 135
102 900
161 552
911 79
842 487
219 336
569 108
966 178
854 989
647 162
893 207
984 471
239 974
714 871
987 898
707 990
32 808
890 544
712 152
623 553
990 193
241 910
301 558
87 154
547 85
667 791
291 2
614 881
328 327
103 314
576 809
655 960
969 544
503 680
47 477
584 36
670 824
945 322
382 383
827 280
467 846
70 109
847 683
341 526
361 795
191 937
604 846
248 924
741 102
603 788
931 538
175 600
362 120
273 95
854 99
374 673
296 795
133 495
830 474
20 190
268 211
478 223
408 77
146 500
179 100
639 109
638 814
60 351
285 332
797 490
782 522
162 430
316 295
924 497
120 295
39 387
857 516
962 264
945 459
116 123
559 754
231 548
919 642
250 203
325 46
693 106
567 206
535 234
500 810
731 971
105 769
710 961
636 671
577 580
129 692
54 39
797 636
586 716
277 835
270 601
880 314
59 798
872 945
32 723
755 114
694 211
234 403
171 869
73 99
801 201
142 854
592 291
490 177
6 118
364 627
719 595
293 129
393 164
73 776
886 179
889 579
389 474
981 912
342 405
10 494
958 504
700 549
794 541
77 151
658 440
129 728
35 421
856 779
936 929
554 822
459 794
752 848
267 85
759 960
841 120
806 798
623 505
698 768
45 775
918 54
214 47
782 600
819 637
378 755
917 283
928 376
428 679
575 694
115 333
6 956
804 811
105 779
667 803
546 711
929 464
116 142
862 897
94 680
886 471
786 802
106 713
529 533
744 103
227 858
787 584
165 943
746 622
721 412
776 618
474 704
433 589
197 294
486 290
326 371
113 111
524 218
824 405
750 567
859 328
776 646
911 293
940 656
266 660
419 41
277 892
96 710
481 292
355 318
934 680
40 46
791 915
263 966
319 364
532 178
692 659
175 954
303 114
962 568
125 732
960 401
624 55
462 456
347 817
773 632
496 164
677 638
78 291
603 397
6 486
926 49
145 452
3 799
565 316
367 689
47 326
441 22
733 903
477 431
71 601
62 566
116 90
556 194
380 158
942 737
996 867
786 492
318 140
290 234
455 656
274 853
334 714
875 66
968 703
848 38
656 909
956 771
998 511
964 729
20 257
465 15
123 250
506 792
389 796
377 195
803 650
48 488
364 274
905 683
976 752
721 631
660 28
754 9
538 69
737 909
326 554
276 800
155 781
592 896
928 320
90 83
970 489
922 685
762 827
367 90
930 439
720 942
466 825
950 355
894 39
264 219
592 539
18 98
671 961
993 951
281 83
385 250
571 306
934 333
484 652
774 414
91 493
355 556
670 656
911 563
694 526
781 637
416 798
735 438
111 79
388 391
161 124
992 84
782 925
768 617
928 541
382 18
385 736
574 54
744 836
616 789
361 396
778 776
546 864
213 656
942 953
46 103
428 37
186 209
313 953
826 240
493 207
610 229
295 183
283 390
18 898
178 730
294 955
505 191
818 69
846 760
373 243
214 801
631 751
9 295
55 186
534 899
745 143
127 391
677 409
780 46
307 309
775 952
616 631
142 785
52 987
896 424
581 109
224 211
211 585
505 265
122 390
163 866
885 290
608 913
50 387
959 356
48 85
307 663
68 800
447 119
138 343
542 718
803 118
928 14
702 784
278 823
174 793
41 58
82 648
970 131
387 280
839 434
365 497
448 784
297 894
902 434
588 795
152 391
912 431
404 613
215 33
788 388
825 828
797 906
827 766
389 565
398 579
998 762
75 797
897 723
691 798
157 278
944 660
20 856
90 423
820 304
456 607
43 280
786 839
538 965
957 278
529 354
856 879
467 282
675 363
5 717
512 513
995 455
172 14
662 613
789 482
269 596
440 311
227 226
502 764
542 810
393 70
163 248
300 981
882 975
695 886
691 206
398 37
12 921
403 674
533 543
155 801
138 946
464 364
523 965
480 64
774 872
486 288
472 785
268 353
111 314
590 154
519 339
542 882
259 944