1000
43
2
241 572
315 339
554 942
160 945
846 557
940 610
480 531
561 182
167 917
917 780
538 164
682 367
876 832
387 156
703 131
251 943
55 565
633 960
858 145
904 704
701 196
665 532
78 577
713 596
846 982
376 383
497 57
749 725
889 488
880 591
970 483
886 24
47 518
984 257
662 239
312 714
434 976
598 864
905 310
459 750
643 834
484 140
891 233
1000
2
864 779
72 95
721 41
577 958
417 976
476 752
584 489
990 895
555 776
222 152
991 126
813 449
227 456
283 711
947 525
295 810
303 366
256 375
758 185
333 174
161 160
925 743
1000 267
989 906
394 210
57 384
336 870
832 914
677 466
624 623
990 918
784 644
635 39
371 393
223 703
566 734
214 843
828 565
461 816
471 206
26 879
589 713
748 772
626 776
590 602
398 579
871 533
575 858
924 945
250 146
999 167
232 564
9 59
128 821
227 598
26 252
477 966
316 576
90 293
704 679
246 453
609 117
986 183
974 909
127 575
406 477
741 637
40 102
48 520
922 274
469 300
877 297
265 192
873 354
484 576
384 730
380 993
198 365
175 523
625 654
97 31
482 837
19 522
290 66
393 212
339 861
863 567
158 479
758 382
833 594
309 568
675 688
560 872
53 87
746 677
740 842
59 573
30 78
446 672
495 838
235 186
699 97
752 208
575 510
589 759
455 897
327 129
584 886
352 988
972 97
17 63
290 427
636 671
504 81
342 351
919 576
536 969
672 287
176 599
148 764
357 602
12 683
82 947
921 433
287 244
529 655
307 170
81 294
841 585
726 182
935 996
110 822
964 781
108 491
731 608
606 88
561 617
122 643
916 42
75 202
286 956
856 944
477 936
589 317
872 314
851 158
310 312
979 625
444 439
116 175
398 73
262 958
690 383
600 957
777 27
158 62
982 365
357 810
652 297
127 524
610 329
33 271
640 364
248 83
802 715
257 199
787 870
508 828
253 108
136 29
486 293
442 819
9 150
628 661
446 106
536 407
434 920
30 425
283 629
508 436
695 116
634 481
986 494
661 590
953 796
970 438
441 411
256 801
912 883
813 357
989 348
115 774
620 496
199 902
124 58
338 818
525 323
651 510
816 663
451 768
458 420
557 250
182 812
403 93
47 215
801 387
915 268
160 534
763 710
435 239
767 772
56 292
447 58
153 262
720 604
382 530
375 938
131 909
102 533
353 148
748 506
534 662
773 45
195 887
755 629
125 873
753 533
164 551
590 669
812 662
624 545
191 998
835 321
258 936
854 611
435 601
116 320
614 888
716 808
774 470
788 251
695 540
783 210
90 724
878 254
385 501
150 575
851 336
248 108
271 453
70 57
53 185
728 666
72 444
825 198
265 612
800 959
504 934
169 945
657 398
550 394
899 700
968 101
387 567
560 10
19 630
66 423
814 146
440 238
589 264
787 853
228 586
164 731
871 684
27 527
81 577
920 331
628 240
431 14
158 343
23 177
972 441
599 137
586 39
726 174
654 512
378 881
449 893
963 319
576 990
198 657
566 469
987 545
708 770
558 218
112 933
394 435
373 344
571 958
734 297
483 388
160 212
620 609
105 935
279 680
924 476
688 841
945 675
385 4
796 294
221 907
578 614
693 950
310 263
259 43
911 741
782 423
953 754
31 409
688 661
440 963
137 128
803 433
154 539
436 949
184 657
207 762
622 899
63 931
513 322
326 776
414 459
198 718
564 580
478 251
592 918
213 728
45 367
160 550
257 596
498 441
604 56
554 577
306 616
508 170
289 185
945 55
995 494
124 559
425 602
161 17
519 374
96 915
92 256
464 349
203 313
789 158
368 342
734 673
309 241
194 950
777 139
4 124
984 479
682 761
80 842
777 950
567 872
864 659
479 327
7 681
639 147
838 358
840 572
382 148
164 576
449 293
66 804
416 49
283 449
161 362
290 937
312 209
161 527
867 639
854 225
672 844
371 861
202 210
784 935
709 300
510 158
944 575
961 711
976 595
159 136
309 800
425 620
8 585
146 226
575 351
450 598
547 820
459 748
381 594
34 442
893 544
599 836
470 911
546 797
858 56
285 166
856 709
785 215
645 282
441 219
985 242
817 531
414 627
630 794
220 663
235 465
558 185
300 28
448 198
176 305
605 460
470 460
520 606
27 164
239 467
735 223
60 903
753 473
881 734
619 100
397 205
564 954
390 216
333 189
765 509
845 369
968 314
181 840
271 207
3 861
25 89
84 436
343 188
909 223
922 527
675 670
83 590
623 824
805 308
12 921
816 856
642 135
521 174
974 143
732 329
4 108
417 439
543 760
626 451
334 899
329 8
920 412
598 895
235 754
202 599
27 17
806 668
503 679
193 477
821 924
157 176
31 925
614 925
36 592
376 370
842 56
377 762
819 974
656 406
80 857
4 106
225 161
773 79
839 317
555 12
240 63
187 622
988 153
546 23
96 273
392 937
681 769
698 499
94 705
256 173
913 259
278 489
772 402
568 962
718 474
973 309
537 512
282 524
16 180
546 111
804 290
47 484
410 97
335 503
153 590
28 66
201 657
906 972
411 473
933 128
947 258
789 483
121 422
358 136
601 903
598 405
192 996
240 953
92 574
456 597
164 835
14 364
491 919
687 901
392 971
381 690
580 521
524 700
942 881
187 895
135 784
299 679
780 538
631 223
464 438
171 627
272 184
342 763
103 380
15 494
350 747
535 282
267 58
981 209
938 520
103 424
655 753
102 786
642 733
9 105
522 179
83 794
715 776
908 817
155 922
662 857
669 196
138 287
605 470
847 542
341 301
317 996
405 419
781 47
503 141
503 24
672 586
169 386
713 76
554 220
350 215
76 370
762 565
656 366
386 503
259 727
155 575
74 560
993 854
606 847
347 460
871 18
397 39
755 110
467 308
329 816
874 756
185 635
320 192
1000 57
46 610
783 201
184 856
760 177
62 717
375 760
528 245
129 925
636 883
34 102
542 362
269 415
117 453
401 788
996 752
844 42
361 979
242 544
186 353
72 247
421 447
6 948
43 134
872 30
368 257
131 261
970 751
675 438
555 427
225 551
178 421
592 890
399 833
434 584
537 857
183 309
303 540
256 346
26 480
375 745
88 858
6 58
960 32
495 515
459 72
65 636
492 656
526 890
840 311
825 376
167 359
36 822
899 291
167 276
122 893
20 562
102 25
619 62
57 465
576 515
536 992
502 27
647 379
268 486
41 445
213 208
803 248
29 53
890 547
328 364
791 700
925 245
724 543
306 132
359 233
998 895
224 852
273 222
230 541
707 623
985 271
830 139
870 210
192 759
108 871
122 898
570 398
142 646
940 799
777 651
383 775
545 958
626 817
179 207
709 885
829 45
507 10
184 376
571 727
135 678
597 608
928 519
6 421
164 297
220 940
947 602
66 843
560 43
660 90
250 720
327 430
765 833
792 300
209 362
26 695
392 974
654 319
492 11
739 655
660 958
947 606
912 12
801 823
407 812
912 656
531 238
437 295
423 228
594 631
942 971
677 333
297 682
651 788
693 389
795 352
699 93
309 962
456 109
136 862
920 399
869 803
637 306
97 411
885 43
393 826
365 69
510 661
750 160
801 794
901 947
497 951
39 806
264 494
266 399
708 538
797 576
340 785
233 788
195 470
830 587
647 195
7 157
207 109
668 7
254 920
953 751
222 343
908 485
837 173
235 896
62 384
823 753
520 56
541 715
877 722
653 523
916 12
679 475
472 699
481 725
618 434
475 840
128 382
676 316
907 911
211 320
646 34
73 165
441 613
231 317
334 236
839 602
247 870
76 718
920 908
794 889
693 621
80 821
2 756
136 260
18 347
932 15
732 4
179 172
968 762
840 653
997 30
606 595
251 681
664 170
941 457
59 633
77 490
453 431
597 589
42 614
287 973
980 18
328 159
541 647
920 380
300 268
409 905
862 660
938 525
181 878
981 591
862 410
81 315
840 677
255 233
643 893
206 622
262 885
132 802
532 403
533 183
670 293
87 531
952 376
55 485
605 388
75 467
149 507
133 340
184 739
572 178
983 129
151 244
14 283
397 545
685 929
727 355
221 165
885 525
893 292
9 497
31 435
315 179
294 799
518 477
537 89
6 519
218 156
114 583
438 510
479 475
438 205
829 659
721 65
535 613
708 895
462 738
329 776
268 622
575 137
450 463
578 807
982 147
963 95
729 752
605 207
226 394
763 406
404 483
471 938
96 530
184 909
620 865
684 887
838 258
24 288
73 953
446 54
99 760
500 827
512 456
33 89
202 795
495 605
629 317
895 76
846 78
984 817
942 668
704 780
277 79
419 349
31 864
754 129
624 606
307 487
61 339
575 614
485 421
219 465
737 465
541 935
542 524
751 836
543 806
967 172
236 385
872 618
600 626
98 575
583 404
413 995
94 988
609 930
760 179
395 497
643 287
783 536
810 885
371 705
43 689
876 278
425 99
248 25
724 345
951 658
101 364
653 546
703 261
476 462
439 222
310 81
508 444
968 669
329 691
373 723
379 600
1000 804
699 599
180 774
296 482
432 748
845 84
293 899
696 120
361 134
693 22
566 200
466 885
221 146
575 593
868 954
545 219
109 595
818 288
368 465
769 151
212 966
586 504
216 281
976 576
766 668
950 683
220 767
568 440
912 142
384 131
447 280
349 555
874 518
194 594
982 315
96 545
632 682
401 847
314 376
775 80
395 724
114 614
842 33
53 753
175 789
235 973