1000
4
2
241 417
79 138
530 139
929 572
1000
2
375 388
948 575
280 285
91 516
454 964
494 557
807 122
47 319
438 357
766 593
188 78
549 429
846 627
918 727
118 846
650 492
585 598
418 865
234 860
380 687
824 225
595 982
698 641
300 488
349 417
80 888
846 628
316 691
606 586
770 723
783 419
566 368
16 335
584 249
547 315
287 722
539 881
703 589
873 354
76 573
122 155
461 320
134 128
362 91
713 131
166 496
550 731
863 565
418 446
166 964
760 804
37 650
685 739
238 909
444 665
482 917
819 942
236 304
421 598
395 134
728 560
981 629
642 843
546 411
640 711
726 751
866 762
400 902
852 990
811 295
654 292
564 825
585 799
128 5
748 874
490 476
433 470
104 427
664 649
837 303
711 563
53 929
324 805
830 528
794 640
822 447
283 385
623 219
536 751
224 283
624 65
110 409
535 566
835 550
566 23
853 629
937 905
557 261
709 386
788 854
378 961
653 660
698 275
879 585
377 454
867 353
870 329
761 756
246 947
306 811
321 158
439 258
414 347
870 475
85 9
680 462
321 332
473 18
959 703
954 335
508 173
39 378
501 799
133 746
97 790
908 770
299 347
27 713
45 896
539 129
256 570
590 576
902 415
946 212
117 899
898 625
71 937
2 923
87 486
20 184
276 928
305 574
626 331
638 670
578 528
799 833
98 740
760 351
154 705
562 623
956 459
247 26
747 600
301 834
85 320
369 712
247 673
286 872
3 275
542 932
803 692
116 252
783 875
602 289
580 515
911 535
325 157
912 72
108 212
905 192
532 625
256 130
297 893
2 299
167 895
582 321
938 697
572 720
571 525
8 502
391 270
388 68
778 652
139 885
863 395
429 746
19 684
876 667
576 229
317 742
123 898
415 412
594 986
131 164
863 491
18 605
112 405
672 890
56 162
774 271
908 554
368 926
237 595
592 812
823 908
906 297
157 320
60 750
657 543
266 871
33 635
476 496
39 499
385 447
661 511
69 568
64 436
846 653
383 789
816 557
49 721
854 205
392 265
307 401
807 572
623 191
206 98
687 596
597 71
394 609
933 462
176 349
250 21
1 632
810 816
188 858
889 393
414 632
658 720
32 464
291 655
655 848
104 341
796 52
763 189
660 48
651 188
396 900
560 748
883 369
915 70
578 155
815 344
787 472
63 170
287 706
176 293
905 632
985 700
35 748
889 47
147 539
234 894
790 793
993 672
514 907
93 443
414 907
786 552
730 201
73 17
906 601
661 162
232 646
862 266
745 750
312 891
640 897
784 781
690 128
804 555
34 896
997 799
155 135
350 884
335 423
252 240
23 913
753 606
558 614
223 302
715 887
544 706
783 679
486 824
806 641
378 191
537 727
990 43
861 339
926 195
113 530
786 487
794 538
444 351
152 667
4 218
905 899
924 39
577 761
863 382
402 592
572 290
318 913
332 178
252 609
724 716
490 509
555 283
47 998
985 550
664 988
767 568
886 42
607 814
803 821
195 556
764 119
845 82
31 528
611 634
136 335
702 626
843 256
260 241
253 245
142 917
584 261
836 822
302 794
635 456
966 182
11 730
300 855
163 682
734 773
316 222
459 17
199 302
272 458
894 876
702 36
792 638
296 980
459 949
125 93
405 443
274 415
172 925
622 334
607 707
458 274
928 917
290 126
570 913
584 815
788 637
850 932
274 497
263 732
798 739
177 202
181 450
968 352
727 941
37 333
648 847
606 575
763 247
53 684
159 636
498 298
624 700
581 898
548 843
629 345
934 157
898 114
607 218
466 333
158 854
17 157
700 622
84 814
868 136
497 378
123 347
27 746
46 608
643 945
802 624
290 735
780 539
849 738
756 666
422 914
871 438
422 571
411 505
736 630
992 585
359 114
931 386
860 328
345 854
272 146
829 913
233 961
452 433
698 207
450 472
472 320
909 894
242 672
750 978
301 742
914 660
855 844
45 66
523 389
272 146
886 100
59 470
60 510
254 110
68 703
581 540
375 489
433 968
160 534
297 813
275 210
472 482
405 868
547 927
608 818
425 845
918 483
315 329
344 920
438 411
975 18
950 349
859 734
316 18
268 965
182 894
174 653
375 579
520 922
857 479
91 281
324 360
115 990
689 458
909 478
869 883
496 170
583 354
904 251
723 523
215 905
416 388
909 791
318 429
64 527
907 154
159 582
514 274
571 554
731 480
31 951
714 526
121 297
231 376
547 954
898 761
210 313
500 118
455 170
898 518
696 157
24 854
738 889
479 309
442 562
140 824
512 853
350 984
149 932
359 47
237 608
807 446
273 659
916 727
828 813
597 875
321 620
80 411
508 559
71 301
120 210
124 983
414 825
319 563
757 677
961 993
285 120
791 557
778 58
635 605
222 231
479 543
202 558
953 709
468 375
361 939
584 485
274 997
309 592
911 417
268 872
762 904
991 904
812 120
961 447
76 182
29 554
724 231
463 28
291 283
402 652
221 337
488 494
686 796
85 948
565 705
171 326
608 161
229 772
632 189
218 707
370 598
612 446
828 75
825 119
357 227
122 929
915 609
423 600
756 859
548 320
563 718
645 523
231 225
294 862
765 863
921 135
460 532
932 640
606 756
758 314
334 879
243 249
839 17
200 594
875 747
914 790
465 910
312 47
135 957
260 899
171 180
385 630
712 316
621 669
424 378
983 757
608 577
357 446
945 557
40 819
655 305
608 119
214 271
517 348
227 777
599 749
956 983
731 667
651 351
336 426
81 670
534 688
598 891
486 542
799 877
712 453
181 672
924 746
942 440
446 521
568 44
269 524
378 351
542 380
702 229
805 782
250 339
821 847
581 306
740 731
534 804
183 66
475 458
812 416
898 609
288 817
652 909
340 381
259 234
761 960
462 917
93 712
607 914
910 187
571 2
269 457
805 452
522 279
909 685
46 158
293 686
975 296
594 666
677 852
899 789
164 713
57 608
776 664
521 685
202 444
686 471
900 842
274 773
120 182
458 518
692 102
203 18
398 796
35 426
999 286
214 514
998 622
122 773
285 994
809 487
789 847
309 688
688 582
813 160
115 622
677 806
723 879
175 472
26 210
897 376
495 462
242 844
84 363
616 720
708 776
558 497
622 866
536 310
447 348
469 562
969 497
719 44
727 894
867 104
455 116
479 301
577 720
144 12
434 111
84 142
886 641
990 860
507 525
521 305
873 989
866 193
837 937
588 563
182 455
18 636
570 848
288 498
568 431
862 353
893 945
846 130
937 835
989 443
360 509
748 584
849 965
776 37
253 716
951 434
170 968
69 91
816 708
588 735
490 801
87 382
97 285
864 34
119 204
828 830
713 927
413 913
244 541
950 496
256 900
930 777
220 350
867 35
58 806
769 547
607 207
281 55
843 144
88 962
347 916
143 411
194 556
324 437
96 625
933 703
876 862
479 95
211 345
481 620
502 601
167 108
160 447
163 2
590 602
315 288
869 458
699 63
365 374
499 812
998 783
514 225
996 992
672 207
688 152
178 189
105 344
649 264
142 163
265 83
116 932
371 985
389 421
399 753
794 249
564 143
32 429
367 27
772 390
585 459
542 763
999 998
458 999
261 952
161 877
34 629
808 756
613 548
528 11
652 321
259 567
815 642
995 534
669 766
923 605
576 816
367 927
813 177
925 73
128 438
302 513
66 461
269 30
9 796
392 660
469 2
227 283
644 573
816 664
691 91
268 266
906 635
544 719
163 821
143 290
610 444
802 27
257 422
56 265
570 799
276 390
800 502
24 443
427 840
106 117
282 726
734 187
360 630
257 874
450 400
163 59
195 316
85 451
738 492
67 659
290 343
48 89
196 71
884 622
262 341
90 543
66 824
82 777
453 338
650 254
89 812
312 636
480 748
438 217
591 505
227 880
847 274
320 394
696 203
16 958
896 105
852 961
280 285
738 84
623 387
337 63
551 648
698 30
747 136
598 337
640 824
568 838
449 888
231 144
442 598
453 337
703 657
650 334
941 387
418 915
125 754
978 27
754 675
408 852
162 5
189 801
180 108
990 980
995 221
476 789
170 280
477 872
936 126
558 229
864 975
143 989
80 472
15 185
499 775
37 660
779 577
813 311
684 802
290 31
374 765
171 544
45 647
767 332
125 324
560 988
650 55
976 82
526 343
266 24
117 654
36 247
582 848
557 266
649 199
648 375
315 818
918 359
816 36
43 940
712 602
928 361
8 255
794 886
949 412
261 417
417 296
664 999
143 572
616 144
122 263
518 437
432 787
147 599
822 189
539 533
143 818
246 150
72 39
35 373
802 648
789 219
943 804
217 86
376 832
229 849
446 98
285 877
884 432
475 57
620 365
590 762
182 835
264 606
225 650
330 27
297 118
597 240
274 813
677 649
996 257
849 441
354 134
669 589
565 495
645 536
212 234
650 745
420 913
702 997
914 31
375 211
501 971
802 774
783 478
774 130
734 622
570 439
755 590
27 671
436 671
559 647
257 208
392 676
472 93
24 737
476 398
947 976
368 100
749 502
929 522
631 14
143 552
452 250
493 830
272 929