1000
20
2
275 434
683 899
634 290
775 633
999 646
523 107
674 696
500 918
397 491
605 850
974 18
18 217
21 838
972 194
324 439
966 950
873 1000
849 506
642 623
491 992
1000
2
269 13
98 942
708 949
211 456
791 815
657 764
184 674
332 204
511 303
750 186
94 715
136 966
67 984
471 708
958 961
699 226
325 148
519 384
449 81
840 239
896 848
3 431
874 686
635 384
989 736
922 434
802 57
399 868
392 221
575 349
182 625
927 858
773 445
242 221
878 433
459 125
280 813
555 153
499 541
889 839
276 810
272 430
218 22
297 961
242 224
309 775
848 587
633 620
384 874
192 261
306 3
385 937
815 939
442 665
832 330
855 459
491 478
888 60
851 185
20 93
408 680
867 255
267 851
227 650
76 418
262 381
772 646
670 939
936 111
603 767
792 810
578 282
639 465
693 490
1 64
934 408
743 800
15 361
3 593
10 78
362 271
811 134
268 480
72 556
942 26
322 733
835 251
366 826
716 410
315 716
473 248
476 215
399 842
576 401
434 937
831 795
560 641
280 179
472 351
734 765
377 408
497 563
658 214
388 373
623 54
441 95
653 916
661 52
757 588
804 542
525 986
336 436
978 616
614 449
318 700
565 46
107 61
609 764
626 348
489 248
754 929
694 406
196 355
809 304
942 965
845 818
950 532
253 928
499 219
728 817
918 293
862 376
705 822
139 331
170 979
930 275
259 624
680 806
330 489
109 271
453 953
441 754
837 693
681 335
263 761
151 532
53 365
907 757
186 398
439 707
728 369
981 987
344 13
792 673
853 253
295 305
557 735
410 393
780 91
728 42
851 230
574 255
594 832
363 780
229 802
486 957
522 819
295 865
831 438
537 683
690 183
339 599
918 748
991 697
190 70
90 392
300 15
646 893
847 9
672 427
162 510
735 683
680 381
547 862
819 435
896 860
617 586
458 886
333 801
582 875
870 24
618 169
38 264
62 884
624 85
663 785
946 397
467 625
778 365
486 948
799 381
807 767
966 617
653 651
417 586
877 638
609 494
807 999
109 220
882 732
304 896
868 602
293 334
226 422
698 64
369 848
796 175
967 114
143 619
116 911
556 344
549 517
837 707
515 298
278 748
29 933
644 249
534 288
582 112
709 632
175 77
479 322
603 445
435 746
415 902
8 323
245 908
191 434
966 705
731 243
804 111
176 447
359 61
734 293
172 442
924 698
518 754
372 473
551 806
570 965
60 577
639 656
837 829
89 802
885 819
397 689
282 924
135 992
984 221
284 508
662 207
557 532
961 928
356 863
86 925
827 145
853 818
800 689
646 889
491 531
59 239
219 692
162 705
684 497
925 967
4 939
526 561
822 838
488 177
700 573
453 878
69 305
695 869
994 693
109 836
223 519
74 793
563 587
497 246
83 774
564 439
64 441
999 885
630 838
413 329
763 865
559 831
521 253
51 866
297 511
701 519
30 126
663 592
64 160
189 147
285 104
937 348
545 935
232 174
124 996
855 238
212 413
69 732
17 471
598 314
982 650
184 363
128 847
306 191
358 846
689 642
949 625
989 845
911 572
19 35
567 873
624 778
637 692
509 5
515 458
318 848
108 854
210 235
700 867
777 409
64 466
50 12
90 38
857 353
961 227
739 527
99 362
304 87
406 164
91 920
974 761
767 81
966 328
667 17
546 443
425 609
260 474
972 350
863 828
702 823
54 440
349 504
153 4
942 558
519 33
477 492
145 595
924 110
274 942
126 819
385 550
779 644
375 751
345 237
578 398
411 984
189 111
839 342
466 781
899 984
165 728
828 309
674 103
770 948
45 895
118 781
796 897
776 170
647 121
758 576
870 520
559 59
630 398
752 95
530 2
430 694
729 609
2 403
64 123
702 108
369 819
240 164
715 15
685 713
487 794
289 709
313 847
119 294
596 870
388 125
871 169
818 952
130 171
706 193
645 407
652 13
577 243
176 644
257 212
356 96
5 644
156 669
843 274
962 790
143 701
915 365
222 84
668 351
607 373
895 251
131 898
264 60
140 791
703 748
3 58
843 359
54 350
380 896
623 341
685 117
394 951
482 615
387 149
317 993
874 211
595 356
108 210
415 599
353 117
346 707
175 189
65 580
538 796
475 513
137 511
629 882
462 110
496 200
611 164
192 484
726 138
839 185
700 254
783 52
722 128
758 248
668 174
827 558
970 653
70 458
164 698
339 977
160 186
176 770
349 719
605 74
856 795
258 555
400 392
958 122
519 715
721 187
241 548
744 210
200 165
667 363
862 357
691 373
542 866
494 242
584 450
667 440
245 276
346 996
667 304
469 185
370 190
371 610
89 466
819 288
630 837
3 844
545 693
216 86
911 62
679 494
511 345
285 755
620 631
103 286
286 571
471 655
112 193
265 200
659 435
840 640
272 194
483 168
238 51
254 148
112 932
642 622
629 926
729 248
908 183
534 545
753 356
200 217
900 816
416 910
250 607
550 873
800 384
41 38
786 646
185 897
577 178
871 557
104 951
805 363
133 690
908 237
397 459
453 296
274 221
206 523
827 107
396 627
490 436
16 276
81 200
524 9
378 746
918 833
696 722
547 828
763 806
417 159
264 869
806 537
441 11
412 620
117 159
598 959
594 613
586 26
164 461
386 541
207 303
725 902
376 624
82 490
429 850
648 45
70 806
581 511
816 344
130 285
502 79
595 447
691 180
472 854
992 210
747 198
864 823
452 240
446 885
729 227
734 729
271 803
534 203
665 701
547 146
337 400
224 283
847 914
814 670
120 806
879 218
3 95
40 806
334 838
690 414
64 775
494 686
578 379
888 594
80 786
740 768
186 963
51 384
229 864
53 700
669 284
917 24
378 956
829 711
145 871
476 208
645 970
245 574
700 133
520 131
270 259
899 455
573 301
838 153
164 243
852 185
526 768
560 903
76 740
965 220
962 792
780 959
113 24
532 813
508 403
943 778
661 193
584 586
493 774
90 9
16 942
545 893
61 104
147 136
195 111
708 157
254 839
115 367
214 998
179 722
401 121
851 413
314 786
998 158
559 88
166 926
381 62
170 441
165 316
929 712
778 988
868 32
826 334
398 39
331 576
112 83
48 962
496 713
748 845
223 658
284 740
936 664
802 105
457 966
421 737
29 198
724 896
229 901
229 978
291 912
905 403
994 305
716 489
17 815
686 591
825 969
331 760
985 132
864 441
449 636
177 478
834 252
725 414
152 306
392 794
217 648
548 562
952 616
403 969
430 88
911 606
408 241
365 392
372 581
832 821
568 360
650 753
963 374
167 466
679 910
260 247
557 807
809 509
422 563
829 204
650 739
809 57
980 526
801 703
458 632
875 25
344 524
778 306
898 296
772 928
557 383
527 113
541 687
973 963
249 153
518 250
892 678
658 223
203 458
925 660
442 152
37 785
675 814
442 924
461 565
204 17
299 730
129 840
416 454
154 16
606 671
265 849
348 922
71 903
732 348
914 173
499 950
309 525
115 750
449 575
667 652
943 965
381 424
804 148
877 957
163 482
979 427
683 327
700 105
581 431
452 494
955 302
796 263
827 910
365 627
837 31
278 779
347 10
202 151
509 78
459 671
912 438
449 946
116 500
50 696
283 502
189 237
155 336
852 333
246 216
959 434
246 588
212 592
949 414
94 457
843 553
479 106
342 927
51 457
779 101
504 61
954 44
649 460
380 500
793 625
715 103
58 312
691 621
904 639
386 349
448 581
253 926
686 594
205 89
402 983
541 905
43 846
949 691
305 328
191 449
304 905
552 713
217 594
333 472
584 719
172 31
299 425
309 336
18 513
776 420
495 668
676 889
865 624
931 522
951 121
970 606
378 873
318 946
466 651
769 50
721 940
432 371
364 740
706 734
252 834
505 98
501 180
338 718
804 269
239 106
741 208
712 118
81 29
415 898
31 535
947 751
475 731
121 190
470 179
275 74
12 779
523 864
959 861
581 114
129 171
571 869
379 282
339 811
663 105
708 45
640 7
796 466
89 268
7 558
446 282
983 809
412 858
25 722
718 957
835 198
128 406
418 858
39 756
668 53
213 727
98 852
85 245
669 173
864 675
83 310
308 65
470 720
922 846
441 991
155 276
540 282
33 958
491 423
713 158
828 277
236 277
128 321
521 796
493 736
823 575
397 130
992 867
849 265
64 642
256 218
269 147
851 653
104 341
75 169
498 902
445 86
530 573
406 402
720 250
138 542
825 534
24 168
400 224
432 816
865 39
33 133
186 884
785 641
224 212
809 74
465 254
159 995
178 916
396 249
165 533
143 341
67 166
508 818
389 292
633 606
682 666
90 867
901 227
508 124
438 668
197 902
921 707
248 450
622 644
699 139
528 841
479 946
6 339
764 746
630 748
351 663
765 793
882 665
19 741
141 456
408 689
709 329
396 309
130 369
952 828
507 831
668 338
777 673
676 892
771 657
639 121
319 756
913 200
772 283
940 912
738 700
601 799
380 348
107 509
68 410
337 575
592 4
912 368
29 939
259 799
595 250
271 265
357 536
817 128
818 756
40 908
455 992
706 186
691 164
695 758
925 31
684 516
34 947
884 62
885 494
212 831
95 483
448 451
18 264
579 835
371 970
742 178