1000
47
2
97 197
691 541
687 515
783 49
435 417
828 339
237 98
511 309
94 754
571 657
32 258
700 890
747 329
38 447
298 319
294 394
867 985
286 905
851 421
954 285
837 781
975 73
878 485
733 323
238 303
980 622
912 31
511 658
359 900
105 8
570 750
754 789
86 39
693 936
811 998
573 647
778 547
71 8
384 803
682 973
457 13
946 721
43 457
378 753
708 834
761 630
584 866
1000
2
418 669
256 462
957 67
460 529
713 237
427 136
596 162
290 278
135 747
290 80
819 685
888 196
437 948
30 549
577 965
414 346
633 670
807 941
736 266
469 800
855 248
287 450
409 577
79 895
323 721
975 141
405 214
688 193
161 69
94 89
33 507
434 18
528 241
958 615
858 779
767 712
378 53
514 786
629 944
681 303
664 7
795 420
220 483
613 733
903 706
821 288
564 607
305 444
847 614
58 704
744 176
768 121
229 281
907 857
224 939
512 240
945 306
659 516
140 623
600 43
680 421
330 596
379 986
39 225
951 448
280 695
624 399
815 852
679 73
60 255
11 571
494 307
229 504
175 368
127 774
762 158
546 91
753 924
428 143
500 379
591 132
73 566
530 239
769 561
312 828
815 674
751 660
333 979
163 507
698 289
280 460
799 178
902 551
101 330
694 953
60 636
84 132
201 965
722 969
525 33
148 691
59 898
350 391
228 513
249 926
153 880
385 951
57 286
854 510
967 547
462 26
182 897
509 382
861 231
702 386
615 849
76 673
747 426
415 974
290 663
251 442
543 635
745 599
273 598
108 239
144 921
265 677
817 773
410 678
355 111
63 970
959 490
994 57
267 409
383 556
71 633
998 965
268 742
916 540
691 23
130 834
296 394
862 112
519 271
141 225
381 555
194 691
45 540
748 311
948 482
867 370
114 216
335 733
309 250
624 999
624 754
184 271
499 45
735 369
315 875
594 47
430 139
89 826
678 836
488 977
669 354
347 783
921 33
867 581
634 491
579 609
596 114
232 446
158 966
815 824
840 760
222 621
898 311
446 928
146 934
904 815
639 602
949 912
986 815
492 971
657 423
932 252
536 163
50 46
128 864
869 319
975 91
940 224
401 385
151 898
670 407
64 661
360 364
572 698
531 415
668 187
837 951
791 725
113 840
770 240
55 638
559 29
80 850
252 832
586 755
730 256
513 145
268 872
861 191
569 391
605 589
929 794
539 719
518 652
910 287
243 316
924 153
696 356
2 300
187 588
54 268
195 566
413 814
789 625
4 358
15 608
298 943
401 836
14 918
839 923
556 434
591 480
586 286
187 940
585 373
879 990
641 73
907 405
886 696
29 241
405 395
848 702
337 601
889 350
870 728
625 426
161 215
257 98
852 443
389 789
815 267
130 807
691 37
563 576
84 943
816 488
337 16
541 26
968 429
375 837
508 351
262 20
917 518
118 121
312 506
909 479
125 38
285 815
426 200
743 509
142 558
348 831
925 888
856 892
669 582
81 176
933 342
196 201
212 665
321 875
522 229
353 646
619 638
461 44
189 203
905 682
112 252
512 389
492 367
632 160
301 712
687 585
406 234
785 617
898 106
491 772
686 196
769 304
185 229
700 373
783 956
54 247
207 566
987 50
284 618
561 584
330 248
520 735
481 305
703 731
410 545
502 447
740 270
751 924
851 802
648 985
757 702
583 315
619 569
717 254
539 277
190 220
524 709
306 357
13 360
439 774
256 940
221 348
561 323
623 763
476 271
100 232
972 682
898 942
603 614
195 493
891 384
712 766
93 17
474 457
728 912
231 983
203 803
330 116
477 953
878 952
223 977
535 546
11 784
487 965
398 33
809 640
417 520
757 861
888 231
317 615
142 899
597 697
53 279
812 881
231 689
832 453
18 718
350 380
502 188
696 251
220 504
890 988
23 646
848 262
228 517
228 722
767 824
418 172
102 229
52 684
269 236
136 638
953 837
17 806
24 712
56 244
215 297
231 589
943 431
202 170
299 429
891 65
605 660
236 58
888 640
742 509
875 229
146 179
66 163
985 89
226 392
684 793
689 267
733 983
697 935
504 995
715 395
411 319
54 999
377 294
638 118
802 864
346 299
42 763
461 378
852 39
770 887
183 810
153 915
792 849
201 295
195 916
41 958
234 447
956 962
92 945
79 245
808 777
543 201
539 356
931 742
394 700
629 928
861 133
842 4
982 395
650 528
310 691
485 895
489 792
857 580
736 287
176 895
63 718
96 954
73 378
47 818
77 27
745 289
160 939
292 493
333 941
20 994
983 505
888 823
648 96
754 384
383 929
278 797
647 725
750 71
102 149
889 530
175 985
170 334
923 461
826 607
754 198
600 88
54 840
911 701
935 16
436 669
945 714
466 943
790 567
365 244
715 605
125 890
590 295
575 864
107 753
471 212
950 422
652 355
613 914
55 548
929 491
568 225
556 33
519 697
952 884
940 666
488 417
907 77
63 482
941 169
234 763
733 535
536 384
889 149
297 295
48 577
785 615
802 692
1000 672
389 951
555 680
968 43
96 875
471 158
356 763
679 941
877 763
827 413
498 715
561 146
9 608
722 146
222 875
837 573
547 225
523 101
905 491
495 352
365 318
510 72
80 540
364 957
302 190
369 151
256 281
296 264
888 17
761 461
892 598
34 790
822 556
242 78
398 737
430 114
406 291
537 485
182 900
793 835
441 513
985 696
793 280
312 32
648 72
493 891
669 526
680 843
433 922
272 183
10 701
296 415
343 185
251 876
84 396
710 525
908 46
572 53
325 883
84 325
955 576
215 975
453 895
817 238
168 89
420 529
141 67
943 836
251 545
63 687
940 125
563 848
170 134
252 847
369 335
171 675
263 385
649 67
631 818
656 798
258 427
326 750
494 620
585 96
517 1000
134 456
124 696
655 293
182 906
491 550
593 661
224 855
398 224
273 28
41 929
178 650
355 855
400 200
475 336
648 991
335 781
798 458
477 453
103 658
710 593
559 302
606 134
508 3
357 133
30 750
61 559
399 767
414 798
967 240
486 614
582 820
746 379
630 222
183 732
231 893
324 789
546 281
274 406
283 631
538 665
732 950
223 482
716 636
632 34
227 117
999 808
288 745
187 917
318 721
648 549
965 324
689 511
604 963
916 239
945 805
903 28
754 477
509 821
465 140
207 691
608 557
499 896
653 37
812 971
757 812
871 722
487 559
584 90
873 851
328 169
655 582
196 760
59 705
932 523
196 490
213 804
47 63
699 51
99 862
21 208
673 243
281 159
802 864
601 26
66 280
195 72
214 742
183 272
446 466
146 994
956 710
149 354
773 199
404 223
60 777
430 85
19 62
595 172
277 195
198 342
827 744
413 40
485 947
311 283
413 808
628 368
517 776
73 289
974 476
864 385
252 293
469 623
707 416
794 983
610 343
677 436
438 441
827 923
388 489
557 800
296 184
519 813
959 591
453 284
66 316
668 670
961 489
644 667
904 437
649 865
132 677
653 569
118 479
843 505
968 399
304 263
582 174
427 892
764 880
527 181
195 547
202 155
387 845
173 290
634 174
506 765
850 158
685 967
989 528
471 308
926 126
922 860
299 349
103 62
580 630
595 126
176 796
281 562
993 805
203 626
978 708
742 828
218 778
794 558
305 617
865 583
742 138
442 393
838 544
454 417
525 400
543 700
548 175
261 540
979 815
517 957
875 258
136 92
35 929
1 692
897 217
274 639
354 67
31 192
962 836
960 487
588 502
186 135
676 799
674 7
613 190
315 487
799 450
930 185
730 282
876 627
498 501
617 204
567 999
395 881
834 354
367 421
208 904
907 235
702 580
241 667
121 555
505 919
356 787
104 86
68 331
64 918
184 680
121 102
678 867
982 863
572 348
636 779
252 542
14 305
122 606
323 242
513 828
513 868
614 968
305 33
298 368
950 481
47 70
583 76
936 564
939 508
264 574
638 867
467 3
171 940
961 494
534 825
673 46
44 638
13 349
22 662
68 972
143 467
393 77
542 681
992 480
540 607
405 529
473 224
532 996
163 492
841 696
668 865
741 711
502 105
59 523
767 127
846 261
593 239
689 486
271 32
318 162
639 74
690 463
297 221
458 460
64 650
507 731
514 600
442 367
704 852
890 822
330 87
82 274
325 122
760 947
154 77
108 144
150 798
606 799
370 416
258 786
417 764
868 931
363 661
297 419
513 538
240 842
625 674
116 301
795 227
600 300
655 707
443 804
856 401
954 226
168 211
363 584
327 230
866 41
891 163
459 755
52 51
596 28
76 63
329 870
641 928
522 295
986 316
451 842
68 404
419 235
615 133
819 293
362 684
333 604
198 144
358 602
546 306
629 621
368 309
842 361
588 363
655 574
31 105
767 98
509 537
333 123
21 503
767 382
538 451
338 88
946 695
41 491
1000 669
111 720
330 305
80 917
19 86
842 49
191 960
499 699
848 183
173 868
685 939
602 574
741 939
13 687
985 53
177 337
74 640
408 403
296 487
319 314
572 513
715 114
472 213
812 320
395 984
539 431
274 140
4 15
430 17
701 415
421 229
751 494
220 158
896 867
996 567
181 919
79 895
33 902
107 196
573 853
532 112
283 805
251 638
171 33
654 223
447 427
804 549
920 23
58 816
242 405
734 422
675 812
668 707
65 126
255 638
978 786
749 260
942 351
897 113
383 903
335 181
329 138
729 600
513 138
415 754
542 148
175 217
311 194
275 376
319 529
13 296
666 113
907 608
463 155