1000
52
2
189 364
733 567
585 114
549 231
436 653
652 239
724 109
216 744
658 975
895 534
635 75
371 92
81 826
213 481
724 285
133 912
1000 865
830 584
978 378
814 766
30 817
4 106
277 219
201 934
545 447
819 531
522 541
975 954
367 187
786 90
823 918
353 822
135 183
405 464
560 570
581 942
738 584
399 14
155 599
299 51
398 469
934 271
10 908
224 728
446 362
817 621
631 169
442 765
351 199
581 263
120 161
204 210
1000
2
97 954
575 603
552 874
5 301
694 938
571 55
845 147
782 291
508 950
263 138
119 56
255 821
606 835
435 726
347 638
287 795
591 861
397 495
86 754
147 780
691 718
186 536
216 968
178 723
269 440
212 387
847 466
560 453
652 994
530 351
984 816
145 926
28 894
772 114
647 919
245 689
988 430
224 203
749 753
277 18
544 488
756 391
954 667
843 957
13 372
307 996
539 804
273 566
49 397
31 47
315 275
735 654
57 311
856 157
415 132
174 959
619 282
701 924
948 895
233 312
618 539
659 156
694 932
721 94
328 752
140 994
378 227
647 786
537 502
943 951
985 468
261 955
749 961
879 49
207 111
360 824
1 19
979 47
302 52
140 981
155 632
974 884
858 620
670 394
473 612
344 457
79 957
411 180
917 641
580 124
103 291
299 456
661 278
502 962
681 993
942 187
624 915
70 481
886 91
874 358
702 570
166 133
526 929
664 794
921 243
269 24
885 568
831 546
197 332
507 229
676 801
415 300
715 836
780 953
927 6
662 980
927 828
464 804
108 127
949 28
721 570
403 606
137 233
151 685
916 9
913 592
809 679
243 876
514 374
828 792
379 489
772 657
668 235
460 775
362 761
155 434
330 909
39 466
494 541
502 761
550 414
704 710
444 946
585 957
320 412
749 50
253 872
707 920
106 166
47 819
926 553
253 255
813 643
72 306
536 573
67 85
338 770
146 133
68 731
442 387
494 190
436 746
413 142
18 518
660 416
337 937
320 941
544 132
583 967
438 118
892 856
554 581
977 700
714 44
782 155
782 275
696 218
373 108
711 390
625 722
157 313
11 476
253 554
607 188
872 396
657 763
251 563
696 580
614 409
623 395
915 757
669 610
974 41
717 36
782 693
758 938
358 768
413 962
673 372
149 896
767 158
659 370
720 706
949 685
114 923
79 28
679 99
989 4
140 705
40 273
749 149
211 106
268 975
68 292
346 568
187 113
725 197
834 796
902 134
480 367
56 910
394 87
9 382
442 500
438 481
772 539
981 334
644 600
661 63
891 6
631 430
470 707
626 303
855 528
436 686
894 844
596 640
282 956
373 723
807 811
556 578
349 536
264 344
136 924
407 378
281 389
807 751
447 785
405 301
312 193
339 557
388 286
548 669
241 921
391 47
83 946
976 783
834 591
126 321
514 884
50 795
272 857
897 719
641 301
371 304
845 61
212 232
346 112
900 938
32 643
984 114
940 312
248 773
902 373
445 768
257 495
914 880
351 810
950 343
462 673
998 307
733 561
538 79
672 790
16 703
432 352
168 371
663 415
496 916
140 940
683 748
434 596
627 784
757 929
478 219
953 475
525 685
36 414
115 707
203 483
762 986
186 281
357 200
696 852
115 187
791 150
934 225
97 912
360 854
192 190
72 144
16 948
829 403
361 295
110 564
777 223
549 314
503 257
513 550
460 628
88 251
129 21
827 225
285 538
78 476
727 501
972 743
448 800
497 161
446 958
76 575
180 976
888 35
233 401
936 692
380 24
294 508
396 472
84 680
362 514
508 88
14 479
182 814
630 31
974 75
988 49
1 168
24 889
554 608
641 489
652 372
512 297
231 908
769 314
939 130
827 798
569 193
276 103
6 257
133 331
684 472
731 684
639 106
924 192
714 916
681 717
287 544
13 517
803 133
831 742
614 9
539 535
553 167
989 910
423 121
240 106
592 322
142 583
428 65
126 493
981 158
209 619
702 221
136 504
354 318
597 967
678 136
853 231
654 841
140 76
313 732
534 257
405 675
839 832
91 316
324 423
474 532
394 175
105 529
30 810
198 627
128 875
114 981
105 767
821 597
194 134
680 727
390 84
753 580
268 196
895 591
970 368
475 363
894 931
891 924
740 440
902 867
315 15
199 771
781 372
719 974
505 398
53 246
834 157
177 101
352 71
43 322
791 869
685 684
799 927
959 890
366 860
109 32
226 307
803 358
678 873
684 534
623 736
779 456
892 955
908 244
378 302
917 168
171 952
203 969
230 514
859 948
725 967
979 951
625 133
308 303
358 991
188 980
78 967
787 970
273 694
565 2
995 833
521 517
136 724
486 366
589 696
665 313
14 995
615 638
480 275
292 837
617 480
816 695
798 602
16 422
647 932
424 641
116 296
158 251
371 995
968 959
42 632
624 55
627 238
44 106
512 688
294 481
519 109
175 668
62 542
89 708
473 864
348 940
160 857
190 530
203 158
841 244
789 464
650 767
53 694
224 565
733 517
45 251
977 571
918 38
112 358
745 936
574 445
875 85
653 416
966 856
573 806
451 714
621 101
832 674
146 56
590 230
924 986
480 253
556 749
290 19
458 387
306 31
831 532
115 835
947 81
42 872
238 493
937 859
945 768
884 442
175 473
671 451
458 150
703 365
250 344
735 707
730 392
738 912
923 204
747 221
636 140
444 874
632 380
84 928
500 967
369 674
791 39
476 248
540 178
964 789
874 698
496 603
441 585
867 715
788 613
935 424
752 731
649 736
110 84
663 609
402 32
635 192
422 462
439 962
640 754
750 513
803 597
467 243
181 333
957 969
297 243
744 401
973 744
136 83
827 150
43 228
533 29
419 955
491 209
916 482
314 665
346 116
262 812
358 794
145 314
762 793
556 857
193 881
600 680
963 778
830 357
5 362
386 775
316 876
335 583
357 648
600 702
763 861
865 472
6 361
137 768
154 45
976 698
925 576
378 887
353 207
595 710
920 980
484 588
207 171
170 563
818 769
616 933
981 481
404 987
193 541
106 346
937 81
44 861
8 421
99 713
979 693
422 250
25 257
189 231
427 359
794 597
479 761
529 812
593 284
150 786
176 607
483 112
39 526
972 47
298 422
759 628
115 532
230 491
788 418
721 567
128 866
163 959
627 43
770 571
326 271
356 502
877 839
613 915
716 937
961 366
710 71
345 824
954 574
666 94
992 387
660 471
252 822
429 230
216 198
801 541
468 156
42 696
346 7
611 62
943 923
779 652
346 123
828 299
697 493
392 40
231 51
510 483
224 939
712 439
488 512
332 308
20 373
3 717
379 613
130 673
536 908
677 881
31 856
531 79
700 923
118 931
325 979
765 901
917 476
691 757
340 22
64 711
395 66
427 125
679 557
150 566
816 178
798 846
33 328
276 84
602 393
14 279
724 778
179 640
606 869
748 297
243 811
7 989
877 785
465 907
693 614
472 509
791 621
354 175
948 982
259 902
374 272
180 449
402 710
89 359
578 836
655 172
999 13
160 875
149 625
781 842
238 604
350 381
576 55
555 875
36 165
776 762
789 307
210 190
16 650
900 594
838 906
117 836
270 277
62 418
901 194
259 490
797 608
222 372
15 777
246 50
293 374
811 81
680 373
622 696
22 521
641 211
426 757
46 695
33 107
465 285
652 723
775 448
683 996
171 49
124 769
98 417
494 261
849 173
633 471
220 6
991 860
217 769
969 614
815 1
721 279
638 372
354 764
172 388
759 694
436 235
814 533
3 659
145 851
832 777
673 51
135 16
263 351
784 231
964 598
583 36
229 220
760 582
983 283
969 94
328 404
680 494
288 34
152 433
236 335
561 909
738 47
924 1000
397 59
582 713
656 164
100 236
736 211
169 70
845 137
163 173
892 194
18 532
227 169
964 463
504 876
723 241
923 646
592 671
704 525
735 711
40 835
947 775
397 115
845 242
604 359
414 847
553 431
378 131
951 693
945 806
569 667
398 843
312 989
513 367
865 600
78 905
434 376
679 830
842 875
423 797
586 836
644 490
618 373
620 921
66 565
726 986
583 124
828 247
464 692
613 329
291 42
233 76
769 263
258 611
490 680
759 75
868 402
564 485
127 535
405 192
451 131
177 34
606 356
280 69
47 244
397 690
286 981
765 54
244 22
16 733
54 775
807 921
528 722
757 654
256 162
197 707
644 373
92 249
80 723
669 479
966 66
168 251
46 284
657 641
658 672
373 711
798 531
983 678
252 739
331 860
252 528
918 895
252 9
495 684
731 516
162 696
581 681
299 978
316 955
619 973
978 991
35 128
874 369
805 125
108 487
984 359
366 901
606 970
261 452
653 991
967 166
39 899
198 689
877 513
995 847
838 972
189 224
451 62
593 607
539 700
446 522
410 811
775 15
132 387
819 136
730 785
301 120
684 850
808 912
363 802
758 552
125 946
775 576
8 367
534 546
418 979
419 180
790 545
194 273
932 364
409 13
149 61
132 184
911 939
447 625
740 204
176 864
501 950
791 860
669 325
405 438
303 176
617 444
72 163
69 355
526 477
367 26
889 498
561 799
788 7
775 527
562 950
743 63
252 885
922 920
209 679
709 864
206 678
659 277
840 727
632 717
555 998
743 444
848 655
594 635
662 369
514 575
318 256
637 569
140 559
840 701
589 901
916 794
578 574
70 417
653 53
485 207
403 579
650 250
234 596
236 247
964 749
821 633
356 458
202 496
368 393
548 308
293 463
101 222
388 170
990 40
575 475
247 977
53 248
226 638
843 461