1000
37
2
392 183
744 874
486 77
183 275
167 137
208 6
869 557
75 22
105 712
609 366
994 117
256 802
259 249
18 152
821 638
341 564
820 436
437 305
512 619
932 679
108 139
36 976
47 463
349 151
174 957
517 519
425 124
672 683
725 689
186 545
678 526
460 498
962 248
154 473
219 85
503 326
575 891
1000
2
653 622
354 353
124 878
661 992
748 85
116 419
119 840
459 305
736 137
182 547
986 143
794 139
968 364
576 822
689 150
712 693
123 416
45 247
645 57
238 744
141 705
514 260
896 973
916 983
461 97
529 798
592 675
936 559
38 863
732 727
365 444
771 487
211 168
85 856
224 675
599 717
731 113
976 627
437 243
609 249
339 490
46 930
164 333
840 201
196 572
279 560
367 50
398 577
217 835
784 792
861 735
508 591
199 835
569 635
77 530
235 768
19 632
49 182
964 889
382 511
460 661
422 178
62 820
754 630
6 538
773 866
624 281
456 822
467 377
808 896
906 42
663 924
25 711
457 988
951 190
851 762
202 272
939 263
443 45
892 448
934 665
665 557
297 473
378 115
849 185
10 754
578 24
29 602
87 837
941 37
26 791
151 228
415 89
490 209
133 734
9 418
750 673
974 398
145 351
512 345
887 874
450 464
249 478
65 335
314 358
724 692
148 874
919 914
314 760
123 799
493 483
216 594
155 542
991 652
244 855
996 131
80 446
946 328
275 11
15 941
720 90
632 867
315 902
133 980
661 607
778 506
89 346
99 243
887 442
246 130
648 242
260 727
39 206
406 313
568 772
605 287
861 236
505 527
137 989
507 150
595 284
655 683
981 753
278 867
546 875
349 193
116 960
271 506
165 29
819 84
800 423
722 13
11 579
891 499
567 397
648 514
33 302
548 13
407 177
232 304
52 580
849 519
539 119
25 56
499 843
491 651
617 213
663 979
143 553
830 709
302 829
574 334
483 122
346 889
298 929
544 701
508 392
220 47
863 244
454 361
438 944
11 406
156 25
737 298
930 566
359 583
394 284
916 876
405 613
116 55
542 660
107 401
51 326
799 265
921 252
626 358
196 988
116 703
365 852
353 646
417 63
228 162
346 143
38 103
107 505
509 648
164 615
401 567
293 199
831 213
451 808
923 646
796 38
348 512
889 700
157 657
114 384
170 460
878 559
562 984
64 70
984 579
36 384
145 328
582 976
541 32
783 463
29 930
852 729
441 92
780 597
748 894
332 269
353 209
828 266
193 891
687 176
469 722
911 614
402 492
941 942
876 75
756 256
357 959
984 149
50 116
746 149
9 429
417 713
638 244
978 830
134 664
357 955
737 267
920 138
110 860
431 337
286 538
593 994
496 928
143 545
43 240
45 51
668 462
115 305
705 92
486 191
107 842
145 196
460 416
333 922
627 116
258 912
653 202
906 149
130 48
45 524
287 90
927 306
903 41
611 607
485 96
149 591
290 645
786 749
60 471
22 686
586 280
950 590
481 855
738 962
254 135
486 892
576 764
197 478
804 159
436 288
255 585
231 896
581 16
644 641
838 666
678 423
297 627
13 129
833 102
443 438
588 280
681 163
43 230
640 846
388 428
134 994
12 716
889 944
731 885
584 921
902 262
695 198
240 707
678 73
161 120
862 100
399 543
263 441
772 254
639 159
681 124
153 44
839 41
988 569
277 923
841 178
537 536
375 128
594 405
200 754
524 61
854 275
955 468
715 726
73 705
237 754
828 389
149 666
781 488
587 58
763 427
587 298
963 962
425 556
718 976
661 241
389 866
515 343
685 582
421 758
286 657
863 466
397 11
131 529
851 717
938 613
496 525
262 457
838 39
364 555
14 377
795 754
242 662
449 927
595 869
36 232
525 898
697 273
260 828
801 110
896 739
74 391
263 336
200 100
374 563
654 739
291 800
493 885
813 941
163 407
809 198
991 685
95 687
309 706
866 109
816 114
199 241
856 461
576 55
912 301
970 917
40 260
69 884
144 881
176 306
640 336
855 982
20 301
668 328
7 886
788 174
351 987
414 206
799 342
261 63
642 582
331 33
193 399
268 337
632 443
994 623
778 201
604 149
501 623
828 507
860 616
32 210
954 446
416 752
139 28
166 132
609 497
165 801
895 784
489 878
227 835
500 356
35 455
505 535
430 684
394 289
299 425
499 604
222 914
708 360
293 873
492 901
369 8
53 616
791 542
845 369
376 697
725 762
151 581
648 580
264 393
869 915
818 719
870 391
984 577
751 276
450 242
528 170
601 580
137 391
473 982
112 848
678 836
961 180
768 609
112 383
1 332
649 170
50 519
561 385
95 311
660 896
904 539
66 504
118 554
246 591
535 357
790 564
544 751
744 663
711 207
46 63
538 694
233 939
212 145
323 307
807 334
554 62
872 619
565 989
525 162
931 59
871 73
975 414
823 718
429 885
924 474
947 813
519 531
751 731
27 73
389 833
406 942
894 629
913 810
969 437
972 900
847 194
972 821
959 146
890 387
382 165
860 680
977 379
211 79
461 589
151 201
422 908
494 315
536 758
477 857
194 800
756 393
993 79
565 951
576 455
338 957
619 549
636 948
279 198
26 91
787 529
291 560
436 785
226 324
542 702
180 88
501 287
832 493
717 396
796 292
202 485
600 173
33 235
120 664
785 497
754 923
25 397
482 813
181 707
488 74
409 19
513 261
305 344
106 21
92 901
664 293
385 263
465 769
849 584
432 633
433 538
555 457
934 388
621 114
95 108
539 855
478 52
115 782
747 220
154 838
472 169
131 856
431 947
977 632
883 408
264 315
945 171
123 878
910 96
343 4
555 234
210 33
637 677
166 383
896 672
573 720
840 55
575 623
1 551
254 883
311 869
549 607
39 672
837 949
119 179
304 673
764 866
705 400
542 871
135 437
542 707
156 733
761 83
355 113
985 608
348 647
477 896
254 867
919 90
167 37
620 471
710 384
688 766
135 229
636 269
17 529
975 525
262 87
607 616
200 943
576 547
942 52
794 195
918 65
636 85
101 255
907 162
990 594
928 125
174 915
393 190
444 720
714 57
806 672
672 357
967 247
255 908
650 49
454 568
465 89
4 565
695 262
79 37
207 6
161 380
272 905
921 715
624 635
771 782
658 795
138 624
394 393
531 43
793 984
962 257
424 317
173 119
930 603
155 488
960 667
867 232
571 139
298 547
773 421
680 431
215 817
406 959
561 937
1 705
272 314
313 696
982 838
814 911
440 320
398 400
986 616
631 908
755 928
806 879
348 485
661 914
302 67
225 214
355 577
271 626
891 583
673 872
772 838
135 212
157 532
611 494
148 593
754 254
872 559
132 572
44 145
485 697
563 709
910 917
286 532
894 528
115 567
751 886
756 885
449 913
417 411
758 916
3 511
521 875
70 4
446 113
148 282
161 710
343 422
978 980
954 872
507 420
790 609
657 545
494 106
809 262
516 567
529 871
429 401
745 498
404 542
962 904
823 474
965 517
896 943
496 849
166 354
620 307
963 276
851 808
733 12
421 601
930 949
471 358
349 567
208 104
108 521
7 282
995 972
799 890
266 294
90 431
1000 709
89 314
336 291
121 69
302 541
21 583
841 491
941 189
57 500
644 516
20 651
797 14
974 947
255 239
593 344
21 592
404 109
905 740
751 377
160 53
917 180
987 757
670 279
297 78
778 940
945 150
942 93
515 915
40 770
505 984
465 525
575 869
985 831
960 736
559 119
140 475
298 126
583 319
405 231
748 534
522 44
683 816
136 198
730 527
319 235
510 783
111 436
3 448
618 962
535 176
432 674
2 81
151 936
751 907
166 498
441 40
893 475
855 29
24 936
907 342
170 417
125 633
204 479
432 822
441 966
997 224
991 351
305 493
286 55
400 804
905 192
843 797
18 697
177 42
632 84
383 154
500 859
138 55
338 569
876 130
886 225
353 876
575 9
368 212
64 119
15 320
310 857
116 328
905 645
721 889
728 103
394 579
962 531
633 651
451 861
780 336
85 132
211 11
493 930
222 556
49 237
875 710
445 342
389 350
986 109
238 65
212 631
995 525
513 980
175 963
840 954
650 276
437 860
286 929
141 859
836 189
447 62
251 892
756 639
241 93
748 830
158 311
460 504
835 972
483 361
286 322
314 935
949 102
146 234
383 286
445 570
827 891
632 77
782 387
67 374
479 166
203 988
476 14
492 662
337 974
22 622
648 687
908 596
141 53
182 523
691 626
92 869
868 75
297 650
461 363
23 292
529 578
279 4
591 122
18 928
96 39
901 95
726 809
690 866
213 223
740 903
848 183
771 68
258 419
717 70
782 91
713 662
20 992
17 611
465 34
890 912
73 790
6 150
950 48
367 163
270 106
417 470
640 540
537 897
958 605
319 739
695 31
400 715
374 417
677 839
802 566
750 874
707 756
375 657
155 741
819 424
846 235
893 486
774 781
734 84
385 52
822 80
435 574
146 808
342 174
646 143
91 748
369 797
855 743
805 9
484 623
432 681
210 677
518 335
457 604
418 842
7 592
273 441
517 770
601 858
943 246
352 385
993 72
181 199
167 986
207 2
960 639
34 521
667 552
856 123
507 625
316 513
568 940
306 84
709 906
293 3
151 997
387 496
68 920
694 234
257 901
587 216
891 621
737 909
524 944
31 30
920 699
542 488
638 847
571 347
752 864
701 255
860 440
102 279
359 147