1000000
35
2
136357 520425
158717 849325
744825 743321
26495 100828
832543 598156
532134 156454
421382 445731
924333 341461
217169 191622
904674 682090
708909 300651
24373 467406
976582 141280
937466 294559
705693 585728
419446 358402
622505 578162
207726 367329
837834 234220
468156 186728
348727 516641
859533 286461
962371 300217
144273 179539
491838 48946
377981 717098
865948 918705
184503 358881
59984 121968
169791 282029
224048 105588
640430 846552
683749 364507
730232 37934
115078 198387
1000
2
741013 463805
231379 600545
750265 193749
900761 894537
889639 908950
459834 783971
626047 325781
702676 810549
201013 279011
932517 370804
561039 156564
476391 717820
519467 676492
82326 249698
230777 197404
964436 971790
661208 195814
572334 927824
905914 473095
338712 795552
382044 798545
579523 524443
640677 798550
334991 358041
77560 783859
728844 154951
456774 721587
872770 976240
914430 471448
225937 145206
668851 190372
116995 846410
902537 205681
290585 808450
195127 629296
604002 93522
944192 699876
617964 101220
14777 952955
459260 608688
253165 704456
763638 709939
426042 152760
686178 340471
624207 428467
2028 809409
135190 635375
172170 37727
841055 462754
846176 552533
608401 966529
646054 552592
182756 780370
170163 197532
249676 629422
806220 502840
850229 86209
212778 792622
755320 415308
649444 895878
360126 651472
705286 495315
286846 393807
533041 644252
856560 895569
196784 464960
862097 359189
533903 44853
139558 220417
242384 389233
849839 564955
892073 216419
651164 621202
9041 922835
36509 658484
818713 396634
826307 40350
408301 113152
434157 941341
757403 807068
836909 470538
788380 215358
829727 838634
260210 969284
59051 18945
874869 425241
583900 766941
641659 751415
904494 167051
674249 457355
825535 9313
853988 651841
49663 778640
281345 171
719981 555099
807238 73241
541989 111969
288598 371715
950603 65159
857350 9653
84104 248570
434893 184355
531862 76551
935769 436356
243602 126369
893710 585488
135682 264049
753680 701696
42689 551376
218218 279021
622827 25455
352261 164815
653776 157211
52881 604378
738721 910230
614030 822824
675152 48922
7178 207013
641824 459298
643368 401777
585667 537077
503616 237700
317478 257296
455747 360166
808671 673964
639186 431497
215770 507798
112663 869545
181360 165543
473922 920081
592125 604303
742904 267276
653224 266434
474288 811400
242083 634008
213176 344101
687436 233144
581800 4913
490439 553898
365078 815461
227861 520615
763310 959983
28413 875972
829527 726124
557867 819801
646204 149991
424103 905460
417266 593679
688245 407905
405078 930327
41912 134605
274428 729348
367748 372579
734260 374538
926477 615690
706351 670689
136304 469660
147023 681068
861983 976550
407192 419849
312702 53395
86191 736804
475206 19808
330482 163450
427713 251911
93777 985976
902868 884556
715323 786967
257134 965935
161505 699962
97976 867855
887003 750631
853866 34025
431699 232200
526926 355242
168401 839627
924988 254591
92783 400194
274399 939616
79995 218463
191527 173771
204438 610746
574678 436113
397712 348164
918399 75568
48125 16374
943422 451479
767004 313639
485504 715054
62191 528781
70295 230591
368408 995283
1533 977542
911828 792283
917157 991822
527097 108683
681945 731535
719428 256622
683999 633492
604785 602397
709059 169262
135122 168833
620740 418477
998823 622595
133531 61013
151376 720177
807955 36135
715459 809488
13676 143638
118122 930832
135460 645219
555867 817404
893105 791646
590377 577103
425137 711514
695851 134196
880775 830972
303028 501514
249448 301850
124109 382978
879215 275484
103155 687169
827970 334965
496656 841645
478603 131130
772476 130414
776348 328342
947817 669452
119988 54545
246554 545124
766058 942404
195671 646832
289727 15050
664698 539174
833252 305158
438504 712466
580641 58010
399634 408610
909326 412642
766606 904280
543771 539081
34693 836470
867423 498861
505921 503762
553406 268826
48885 319463
727581 760908
482647 17307
775957 147344
72832 609208
452501 27687
838025 549493
85696 237659
474454 511374
166652 241059
415653 226774
296491 450346
63243 163913
949206 85515
667674 502611
354340 232911
338426 598272
993818 821072
131930 769774
484767 204761
895334 453619
748800 733358
3111 350847
487368 993916
862220 654019
234974 277873
880792 531464
728218 460386
211729 193775
545900 395754
212738 416591
628664 67515
14862 138833
404938 146791
908607 889704
867904 320292
343322 616703
53649 862784
967549 541017
856699 346121
195035 608024
623993 592179
655839 868562
52564 383919
578688 114816
779673 791425
531406 924688
858939 62620
579873 263876
725762 4831
669931 110017
325122 529604
726719 378770
392387 210620
436138 765437
556740 147525
889812 697084
739703 62003
81997 308618
962273 660684
939785 258297
968461 987543
182985 827399
50162 279209
607627 775923
284039 793909
885940 609160
323513 129010
504281 232251
855981 940419
997688 929072
87943 403851
142507 343997
982205 224503
652614 944478
401539 108751
202774 369999
96293 902110
713749 146454
181318 837727
438728 465356
631636 841019
590867 955148
486381 95148
187398 342361
35566 701437
787785 123508
621640 930291
983856 603844
671146 152821
548321 72684
261571 267447
959034 357863
169556 672782
20668 867226
510509 459396
848933 658496
816766 439800
613643 303146
534947 317392
161859 570512
18829 949643
210371 640468
396285 194226
760663 67430
863398 308984
656465 124969
576430 615498
482831 262337
804632 503499
129562 315140
479246 978495
489987 812363
934646 103629
115509 469592
937372 793719
556455 956200
259713 283177
113019 655997
993754 873682
239779 857151
699017 412595
982119 791798
28093 981302
54134 832724
1152 700048
664215 996749
194894 154201
809111 129539
774181 924619
115482 711552
234689 671936
184104 494401
955112 297122
666750 948865
687155 906528
322367 386171
319122 304486
177968 863566
285787 748454
696289 286938
448501 876855
283686 159746
547407 609148
805636 321587
533767 921117
549491 768455
109404 733594
779208 64515
547067 445957
529731 234222
868836 852097
620392 704309
672934 314712
567875 958720
63165 780515
762009 28017
657370 562046
187762 721128
171194 509749
42715 221312
430865 108557
506118 540268
842150 285325
121134 389216
247633 167216
139789 116468
535664 760181
820777 208598
591244 905003
683669 654408
685517 962030
682424 859238
40427 386537
580366 727972
896285 139432
465635 843501
764340 971753
900120 606489
773429 21253
512056 537414
704820 651845
170233 756835
928377 991009
965432 519620
412363 165453
174027 614232
643834 372802
473469 200612
275690 570186
928584 688326
225969 394218
531826 990308
882322 431945
113148 172103
969549 141556
709516 674368
793400 396100
947554 721776
903461 912986
757747 315823
594790 448125
930054 754975
820926 919875
955586 612967
6412 884169
301292 748733
794739 833117
255392 193412
781413 884892
365514 750961
26447 591381
941680 819846
987481 889233
57973 890941
318570 815719
723115 429711
263843 653169
184685 601120
89395 140271
214086 95806
24439 515377
360890 335529
864845 616282
528941 646257
501173 410806
913569 527619
518539 371600
863816 506019
777184 921788
913311 95754
737506 636425
41816 517700
805945 226501
118819 895339
366771 332904
507497 907561
364632 868386
243090 745828
484667 288382
908436 502191
215539 822004
29809 734077
709955 893624
756447 487138
331763 669757
99243 585620
822534 141059
103319 628478
367559 222137
40169 250681
71392 547665
158241 436023
932402 917682
181850 417069
722415 606637
435611 937954
428640 981772
672030 654946
391747 428477
142084 723510
614585 757678
309129 437118
898736 412448
581948 782646
150936 622116
33326 222328
686132 707919
174702 618533
625600 872904
551953 864367
479540 987564
802320 424532
485687 990701
79477 877433
419177 737912
600942 33762
495590 426423
987231 910677
355222 569178
693323 506157
707645 726648
244836 393776
434566 935890
528661 576518
808793 80613
957236 804684
584528 759555
229215 70214
750255 825044
947647 685784
79307 64940
235897 91248
491362 223127
1925 362935
308657 695247
869092 16301
938246 630279
926429 889164
566168 455089
982033 891312
535701 939268
695996 636581
215174 441562
706794 965428
266605 170792
167563 345912
235732 403459
953511 243445
142938 955435
606380 451594
167033 991823
467894 105279
622101 910674
510794 188269
365762 492826
79580 417815
948445 291927
54395 163618
733489 761188
129045 516445
448332 812960
378708 684063
216418 332219
443859 875707
287653 50238
327300 454686
42060 311546
76316 180513
222219 587109
885133 587981
596286 481064
5795 544730
772991 576541
708347 506479
854080 353743
539275 302411
683054 917983
502825 899472
250201 946684
775178 537853
996921 618830
508890 555333
930375 585205
252197 668945
688665 137329
773277 801302
618392 295423
862383 907734
871963 570729
930564 726043
440824 469839
544805 123877
387821 47630
539700 638021
994313 831230
692225 507585
450059 201115
579269 896785
302671 831465
82081 507688
968793 855358
308989 103537
150780 171372
11270 539095
258452 941834
781489 215627
411672 326293
339504 315844
373922 395555
953864 884586
226784 162440
392171 193194
363554 487791
606330 182577
319256 688411
690264 288048
543768 999252
391584 210899
170623 919206
266345 945427
861039 47833
161053 789062
890478 16908
621257 780751
412463 91472
665337 639246
253911 573859
348792 133817
61649 955121
316393 897256
643531 6656
185304 703650
522259 93239
430901 692882
12444 697245
154660 389834
261430 315712
695247 668259
332620 316503
449009 745082
407974 630697
900679 661885
720907 765822
795701 298908
720943 628445
196163 880825
635100 897818
100827 157358
991057 531727
366591 519852
745323 37602
909686 523104
353314 604932
191362 202285
437787 156723
947366 845760
303771 364396
23996 24678
646570 336048
323585 367512
964492 36099
764688 115943
933917 865514
789653 924973
397240 156243
444824 658915
710197 870861
182018 63510
475793 889732
265794 429931
562806 729511
275690 866576
610258 299686
407605 256827
152085 247541
140690 632929
283640 905378
748871 733908
770891 538523
658880 684483
211118 620055
343397 921314
490916 41766
501175 483060
447849 766968
912990 527006
12830 705031
393582 623087
521068 317538
396266 673153
565079 536955
306081 365070
442332 571303
98977 729575
109826 274208
414057 837295
894262 273805
274960 901529
831922 776134
900940 279771
543101 330281
323128 72282
551664 233061
211720 72731
550599 607985
262235 632029
144940 84667
997098 587271
172322 96074
316845 798499
370281 247253
635793 780894
521057 910752
198775 352979
686885 616066
149101 746337
946347 988580
334970 14362
221641 546689
603444 772239
154674 865679
404267 299613
466697 917716
403235 639018
530141 236432
437516 900421
483684 589660
197666 4741
500411 912792
874071 703647
528858 539523
966335 991556
528102 301304
5917 749742
847993 609360
38332 2666
991390 958950
818630 974439
876665 221864
129808 406805
458295 83676
823577 941979
673335 537595
463071 690098
450386 853493
910096 979243
909367 876431
970798 437468
694086 493066
703562 58430
618778 258245
61095 610167
217195 396076
100957 610211
617940 230765
17016 592586
314440 356944
50916 504126
894538 513986
194223 344924
883830 620671
840518 793196
497101 327668
747016 707538
337085 966929
765968 955862
225173 343414
82381 958719
739490 183337
568930 357429
930453 102297
950014 244892
459240 930
265370 870130
31267 459592
731405 431449
80262 88274
224644 93714
415941 488011
801252 753026
454939 83571
225239 196464
426984 307619
155182 166473
490956 724111
523901 421408
826407 990267
182652 801999
507548 448021
188480 55166
423964 919884
486614 20578
8157 227610
630643 940450
715620 948246
209827 686911
31816 435065
883374 975152
742684 38555
141624 749991
762666 181877
687750 105424
688495 386753
423774 196042
351125 612253
251207 775089
532136 254173
312018 56645
481782 459012
997094 713753
407258 723272
400663 955425
158336 284036
930576 901019
838943 72200
167361 117960
770428 855111
739735 458922
241863 163509
654963 592988
775761 422521
884428 824249
676693 712797
397245 674826
171808 910690
388579 95417
633961 305593
50842 792296
589629 497769
209667 944923
86320 377027
62882 856747
748489 802616
315668 990352
482476 486982
99691 774589
425855 984118
115189 618899
696914 512433
293725 385073
423122 682303
480490 573434
504247 47683
882081 610227
545451 608099
555149 148123
985126 134382
4869 249966
453350 836889
240317 935825
840222 856359
710413 266076
840476 825601
884975 53741
854385 178699
955166 793858
377353 435655
367291 881599
999689 249372
491826 61491
857470 563326
209613 358947
697708 730834
608913 151057
567722 365581
86881 924295
221940 313646
190371 578767
655598 591697
148860 509983
286747 620377
303840 180451
572383 187483
578401 572071
436854 586578
633561 810675
149904 359526
685974 847611
90359 811238
515019 174432
176818 118251
98726 915109
431896 805448
10228 603846
397144 675439
113828 683890
295815 934019
864340 868197
121501 442741
956619 558354
29318 590179
885381 179221
466056 571354
543183 556414
382591 574553
247197 75760
692804 862275
507221 641051
667722 517448
244896 64866
709238 875075
748755 5052
809094 129447
389600 930594
88539 346218
5300 117856
452748 890680
813429 918804
978385 872963
991569 877327
447516 238766
953086 140319
101040 976658
297721 768761
10457 542617
349978 719694
417691 615085
241097 226784
744531 630696
673730 349421
976913 679029
467276 946013
86060 797056
864816 64444
670019 372736
458122 117534
611501 927559
774204 228892
904217 71924
514005 914673
130892 863982
150719 64935
995418 391815
808070 256300
538863 481799
605720 32127
160827 72996
978139 246886
386403 842954
827681 56421
215690 285802
690306 343542
213361 980861
88786 633929
569137 602790
64953 700028
983123 215671
764962 978541
607486 573032
751192 146348
571182 356912
178474 732009
946259 156613
495246 332661
515918 839279
905434 247959
641432 595739
107853 371144
576600 196638
5072 145736
799427 70025
362115 298901
285695 643429
793793 409532
732812 544985
72231 303993
418248 250705
552353 364506
923669 563951
213518 955938
403229 118951
720249 44660
231042 828101
415804 323993
24738 420875
986080 340516
7251 348194
155768 809298
507974 949561
218829 240785
10897 291060
61130 429144
58116 613482
310001 981784
177432 39870
937721 97012
675173 174321
141672 906214
2421 557475
746558 543510
494701 732637
884025 18304
597182 556145
827601 105156