1000000
81
2
669451 341789
328386 637260
447166 508965
636998 221967
846574 146725
405630 869428
875366 235618
76429 26937
707242 931026
973541 525342
262807 877350
956437 561487
238181 696203
773990 69541
544734 573730
850674 214184
431871 179059
367795 395388
688024 521144
617354 50949
184220 539336
920376 59585
291305 513156
602874 998546
960533 92766
523888 223339
970115 996676
784825 724647
209230 75167
310539 753963
648896 161212
484498 80766
856623 852293
476153 60998
889788 609859
111946 74008
149194 548673
649944 956850
61828 769169
955395 22360
861934 995634
245699 348400
508662 546875
73047 717891
622041 899937
471854 787289
61149 956351
868054 434123
324995 860559
495120 214783
986769 123417
805142 652314
672089 455085
609163 250268
224254 80909
788979 602539
76543 551029
950939 585204
97904 540337
303094 236296
440273 291299
23584 17773
247650 407990
451895 88996
784900 947014
820130 771668
70430 625271
423981 258870
596708 549495
25489 820961
630403 814468
939851 706945
365496 407141
808500 979751
947477 627946
216047 904102
919244 239630
921874 683245
163971 373769
288593 948870
837134 108722
1000
2
236889 423916
733993 660869
199137 330700
210363 224626
668012 840766
555445 607862
64062 920940
531355 388914
900691 478831
16859 633089
382932 452454
389070 821158
135699 553041
711278 424291
18262 548411
49364 255151
488678 783356
432371 687815
630407 159086
428792 298418
516203 984236
422632 580264
905175 953986
485529 322217
949168 502387
471657 848452
954841 860727
669609 606891
930119 380886
547533 948380
445648 596896
719882 934326
380252 152253
138492 10658
827690 567283
825428 343892
551518 764411
440507 973044
718396 926036
295261 183915
428422 283269
32366 899614
143995 218326
506504 590465
599211 54036
55197 561211
650932 775078
11888 547535
443682 150379
558192 271371
717661 899971
615262 785530
664381 55769
758573 899128
498156 570185
83043 926577
853454 631760
826191 513800
850086 332694
104265 449296
903082 159461
526858 554013
450890 538745
101547 410924
205475 176090
682294 923135
592413 813908
225016 256793
386028 983589
155921 884183
70125 755315
327111 439930
387074 669653
953730 237159
518699 57994
202807 421780
733806 729664
975792 701047
784761 593690
111970 990235
286131 310616
429722 878543
640875 654737
135336 26902
154677 807608
427436 224802
79274 270898
664731 466347
940551 134812
219858 459249
709157 422664
881028 959314
668679 373171
660361 969791
483212 288682
960026 769342
599297 389747
647885 240171
560835 299572
783424 231864
623531 727211
973017 702804
998109 637747
685502 455011
288911 905359
914259 998067
844374 311638
957381 513053
201160 617741
482843 684371
422774 959220
970064 22071
865318 617948
778593 426153
433871 562017
658016 57401
805579 631032
760204 320039
785130 962058
775049 590392
867416 205659
588459 711790
517296 62191
741194 718455
196283 740388
919177 619056
699608 889241
641126 564925
23540 936071
507429 457411
14439 681796
514811 820017
829179 791367
140056 130661
753424 431456
721052 137191
637115 825862
365332 154410
888052 106525
389217 84334
846913 308393
219742 62872
713985 377219
144148 737525
313289 167929
194935 327727
849724 226097
147744 195255
533815 804151
325915 803590
235606 563318
940781 389072
389180 306112
59834 793583
928989 449050
394269 292253
273794 614010
355124 504131
507580 15623
241655 820869
183551 952941
148595 549627
179037 812690
744881 229204
133192 587147
32793 368798
150464 489925
274221 55995
796037 334054
365930 241377
299455 276550
533629 89601
406911 888752
593731 914490
904374 835385
735358 87925
788325 883953
637551 483713
212994 898783
712916 346186
485929 745709
231335 152744
751985 505555
725091 548021
355961 91020
789397 655415
883921 323025
261367 290831
728128 371449
205320 148854
723185 940678
753130 27861
340982 907032
511574 553975
805814 740841
416512 808094
2901 647846
960837 754886
669753 685927
819258 25713
293298 125007
197479 177218
964383 458846
468048 692511
830294 189720
357716 553479
646749 110845
581339 987730
17876 609264
58056 823689
350105 474568
631782 353005
638765 108970
107890 308517
311249 443500
334229 604546
568506 531708
298116 532888
506905 282515
225398 853550
472234 583113
923380 118982
210309 504719
623063 228184
630334 197471
568224 980438
672038 200005
849795 827154
825327 474036
135671 136575
917535 986251
257472 486040
34310 555587
18928 541214
354454 760677
394764 826687
860142 834495
462021 70450
855565 601435
298634 485899
798905 383209
982688 987294
99566 832482
814448 924892
822870 950118
61466 740404
452720 318937
742796 487030
390876 278075
28243 745329
38751 939358
88367 415244
773853 550387
485694 629417
151822 300679
631667 950726
683887 614355
454372 783452
963188 268819
224695 786057
735288 802512
42813 188007
121449 301960
675036 28676
580034 219631
774004 135136
158988 862370
550380 449192
929109 552425
594961 597282
369455 742979
64359 569693
357333 518730
869497 836873
787548 94191
139281 522835
896703 698445
227194 534503
404 902229
563178 96789
121859 853533
231925 797199
232254 298656
762742 161362
851080 874054
758643 736886
617033 823002
306578 490717
858083 176074
327589 645631
786617 983222
684817 683319
681666 912010
734173 682070
330591 297350
778858 968801
667234 527134
282351 899487
825789 561445
60849 193220
435498 335843
446457 52530
675196 753035
59599 533279
445460 387187
695261 232076
370408 380077
431746 568426
808439 165918
250495 655381
979619 545704
624181 646852
589190 422884
546339 931330
984328 123539
124550 419825
975733 87358
988707 167281
840392 48305
216911 285852
951843 912171
34279 838603
808599 466025
407028 133389
631942 173874
788769 127913
719577 412950
774764 825118
835833 837454
756448 820160
960992 397349
756336 453077
484706 745042
620357 325098
309698 837267
127301 261541
749437 677931
100143 74387
143955 507170
207776 292249
681043 996544
420161 916971
925845 194924
742089 761677
32378 498536
98188 509721
895884 370876
962797 896941
115917 583153
738390 941967
936771 865690
203507 202559
59973 303649
276946 203927
327170 484721
12527 524564
997616 432687
441534 923461
143963 699974
201489 692692
714861 299677
718764 610744
186904 681561
24037 302820
781065 762426
244786 234188
144468 964644
436746 204440
784644 713691
408366 111813
714763 937245
152728 712379
369931 594262
635839 30245
810587 837327
239288 525448
653355 958052
652543 840258
155964 676579
659430 453380
439005 420567
687567 583472
385211 124313
787911 169854
354355 712628
798019 69118
649872 950746
781496 536155
61359 933686
82751 871946
771012 322039
397393 940719
280090 566287
780976 952405
242866 956757
405784 681870
377324 93351
781693 762534
734015 85955
448739 88369
798582 246757
673838 964806
713855 455333
17312 291565
905370 100062
679862 676382
422100 593606
133452 218541
159893 914427
170945 402758
387536 576729
600979 764859
186431 382671
43744 920445
984977 492482
525165 299910
255591 199003
264715 969445
170687 282026
777361 76057
898440 457223
268790 320539
50828 402241
539080 210720
833019 226376
613477 220554
803104 730807
501764 505886
629829 545507
942682 614805
37989 467847
914715 293579
183201 695781
779375 870239
494159 556735
946295 392598
530309 215084
713136 581137
133676 768567
791856 483047
994943 921685
703600 314398
652491 205364
820284 282320
750870 762965
413476 305210
747163 328190
115140 446715
23971 894514
316954 34481
967601 779600
427078 497909
511036 656565
595397 644711
425132 903605
127757 420074
825289 347709
250823 994131
553072 71106
792802 820293
350423 206278
125503 613937
534467 756994
577004 74789
651508 893957
109269 135460
673556 52698
149720 184591
709263 745117
345654 650746
648721 473410
70819 990361
337470 321641
984491 406893
909099 293645
227186 775873
499922 869040
389809 550740
626033 966812
141881 793892
377120 767501
445703 567028
820199 595423
267970 45813
856891 613623
696558 505611
603385 767376
12323 940854
605368 996813
864099 30818
290457 91284
806690 306730
476675 712851
857470 619059
196014 999350
929303 89486
766850 375005
656513 103400
970427 924482
149212 827317
54457 845769
849279 174193
129496 861601
631398 251216
374766 495496
282033 665222
103131 605075
488304 96157
834277 345773
715216 30290
861474 644518
119775 628323
19522 292639
248075 506301
733473 397286
849969 304281
243055 699248
478473 888902
560848 109870
140117 935613
121718 938502
117187 224848
543576 605490
321005 377852
467614 552572
924493 329087
713441 560620
473761 249314
369610 721835
755614 103082
635473 605583
407362 394879
821182 402186
283780 382029
28408 423897
833994 150125
878750 467532
891324 422325
589373 728680
316528 56986
797603 757372
902424 511043
834343 892536
760357 203953
130723 32322
823386 766195
637904 230748
677425 975437
149285 961204
357466 177692
901452 707811
844168 780201
175342 251844
718877 281066
980523 35404
338051 778126
309128 756826
805520 143470
649361 565876
347422 780083
598198 170808
62629 752453
917907 740053
727890 583543
217609 601707
277587 119060
825869 121754
415613 517562
373597 134489
798627 870472
686245 653029
164949 995372
409854 970468
138841 575566
52696 2615
872001 167245
173422 934629
436049 607680
191034 163938
191222 408642
281996 468808
44053 624216
106914 459665
141777 996862
594154 940403
867333 796750
593431 548633
792121 3284
519101 930961
95202 88148
933575 967202
255392 623348
418182 691440
747379 609215
371730 454953
534208 170077
923760 94613
794293 547025
70629 936069
543887 181134
876472 927571
977883 469902
476204 770003
989538 511656
217316 84739
599803 667242
568292 855194
806942 986473
546633 554320
112040 434714
9272 162599
604791 449384
257211 399083
996408 844192
335151 540294
25325 211622
467865 3208
197876 460420
773210 703765
972075 506877
788503 88229
174119 873146
943422 981060
859618 6406
535379 488009
441120 61003
650608 45910
510386 424170
444992 23145
268361 780142
563439 293686
508116 547655
813245 222343
8074 586454
926107 496500
93331 230961
584728 783801
104106 44501
764860 480075
50906 816590
968084 8377
877592 135043
570638 904329
559212 15629
927474 343925
312123 7264
153962 336590
554918 967206
558932 79343
553659 1390
575842 163341
232350 676921
947141 852807
721421 228352
332881 288678
44942 817316
813407 438885
952358 384044
343214 27922
916025 270687
371846 228147
277950 525807
81088 349219
9364 156371
428561 79374
157760 520754
242715 390109
714026 706207
759267 435446
934559 92147
240475 495852
909463 570233
934736 378172
954277 277949
406093 870301
64987 294290
614799 342936
336448 212238
208506 345811
368608 637066
425185 526367
674171 667899
432827 388196
890457 192093
339993 341367
800591 96820
837218 226405
667052 771954
604577 621328
49902 527021
7980 114889
821311 139130
974176 157758
351367 182682
503569 719974
336099 928753
762692 526622
113003 711870
914817 519811
420314 771162
861178 220905
867981 698395
963661 535032
470348 568237
672712 36602
95258 680691
151490 916568
819821 642017
590677 687539
341050 94245
407513 193501
539349 170204
720122 652351
398426 151290
172162 818739
922451 33339
39643 790431
731733 3304
841815 718433
87892 30878
755034 183149
227920 422875
616068 564092
64891 206745
251631 922293
817341 659143
115793 356690
345698 352266
9040 744123
503555 697553
79214 942358
247243 118856
249140 978976
638511 607306
213760 242755
638183 968793
942255 866103
391667 558323
430194 972909
281419 681824
411553 98759
857318 43697
455448 719368
395962 980840
979842 415869
678392 59055
358226 441987
694263 607365
937314 332773
214671 151073
575527 369205
119865 517782
235307 27883
592456 181853
517143 390226
380028 928696
488984 237346
972392 460784
473065 884706
957975 452906
300574 152718
511961 175151
594704 206223
298867 532017
55347 29889
683089 147226
399094 319305
181359 150752
863539 773814
332604 380682
164039 712632
825729 169374
466329 314472
630157 939393
199177 104483
392298 16102
257201 904258
191252 851904
626832 490119
383921 682179
520007 583361
829404 435452
902666 10762
586204 282556
300927 918807
179589 981317
147790 5317
150690 614118
319789 297199
553510 35317
401681 945808
51419 658881
366417 242670
27137 509601
249140 411057
191779 769147
510769 537534
204598 929786
64647 790801
212342 365573
225960 391930
346889 373749
913599 13930
987867 233387
827480 57728
785055 229161
519887 836473
404393 402656
79143 947881
912256 328282
875289 620386
613780 386058
157919 334730
315843 222565
641882 528184
104489 867841
436466 967729
757942 350064
981658 262160
99802 809138
319887 884856
554650 356126
721329 475394
758781 316823
423275 671036
161456 298563
291421 291588
684620 965691
626317 516815
188255 268198
561350 809095
652391 997815
776823 926684
347878 758480
188843 447679
83969 25081
848887 638618
381206 570215
114012 656338
403389 53638
327373 564844
352200 135145
856431 553172
100835 482747
69986 805441
267297 631335
130887 436039
629150 907709
362722 493379
182541 67916
457410 266509
92996 306296
905127 990554
392862 535490
646891 796250
589127 490616
361093 457678
625760 217524
10849 242947
216622 80834
564739 270
712169 211978
436308 857670
119686 315381
867400 302226
383296 324809
568735 992644
631104 990213
983197 23965
42054 630087
336566 147532
637054 697659
605209 779166
431534 616058
538464 164507
213243 619554
164777 441763
831531 117436
299432 951217
432817 683184
253442 332464
7992 338528
325107 155448
845092 824655
695764 403497
454742 32330
551028 608147
246340 672589
387312 677873
288646 925775
842379 18240
545329 523507
460003 376859
640943 275786
844427 590111
958969 614221
438926 483313
952748 764033
155112 314192
588687 850875
717688 559780
399556 785068
167927 645895
457656 71590
840119 262653
997365 198850
797244 59045
238708 257246
435903 396002
49384 280330
986112 8352
894550 941390
8016 363649
705422 163127
194192 810460
14002 428232
886592 929909
213299 570870
92156 187306
642459 932274
966310 156175
647475 763553
215219 886183
537151 167474
282184 586534
964155 784648
111237 375056
726037 119253
255056 947810
282379 449248
274621 812732
877479 161212
258993 607129
248433 351148
310786 407244
799773 277095
563418 447248
556999 294989
333430 94149
978814 131965
197034 459320
916612 308271
834375 159000
427523 605782
106809 226253
55029 381430
555337 448859
58993 814329
55987 307426
165476 883124
714669 965248
676570 794438
928847 233569
605778 778628
844069 100943
910593 41103
560262 343556
349373 910988
502556 293247
516770 609364
519499 88150
507145 591187
537009 566138
405515 109347
873563 570990
992471 104583
52590 669040
899020 497788
418960 21150
276416 263029
122092 187008
304131 198706
46915 169855
109693 549470
979453 142814
675186 15303
230964 182330
606490 284324
748467 12004
393670 138381
99346 902492
242963 668287
87884 658335
166074 506843
679484 442489
286223 801575
145848 106705
516632 192763
792911 626325
258584 772363
769138 933769
787666 516453
116099 394155
800776 380917
922510 710798
519298 538207
613289 278612
206493 217524
936946 888919
240719 616429