1000000
81
2
511591 127308
349493 798075
996832 178241
380727 311631
462017 214517
843774 731579
262108 920035
115964 542374
76784 476198
342037 49656
940944 197767
199457 369933
829241 549301
413871 737600
651517 504432
289581 679459
148091 639074
993885 144922
817314 374611
456552 795682
105480 816677
43613 883939
253063 159576
426312 329846
635773 284700
895853 93069
998818 95309
463001 828059
160961 876871
82010 328829
381302 371590
524639 529392
10663 518524
674313 344329
409486 647216
140010 31317
463892 183622
915255 233307
859550 857919
563152 11674
658970 459005
104742 657788
70665 567743
2198 747978
960965 84207
593158 342267
455796 117797
388010 982811
636320 578675
327139 562157
742242 467148
593474 722486
167122 508728
955792 26671
882998 35295
554696 541968
10651 659438
199755 81316
743532 718304
345645 704496
802510 938802
563114 774657
56598 467476
757467 209269
46150 84605
771426 788391
68105 364899
510876 751578
389978 983019
294600 272976
18314 849295
331295 28964
508732 47401
626631 768615
765704 972275
473111 84565
911077 552576
859221 484026
20051 616688
693295 66200
217644 981072
1000
2
370943 802100
345970 398170
553677 252299
381189 848276
525274 399502
697571 856568
428465 722654
903968 571448
491269 186023
543722 480731
270587 971150
33306 129808
971528 569709
262847 664822
152260 996842
645893 523202
798942 508214
921372 352618
760512 818912
200894 802138
218413 414816
175057 163229
653821 595377
734676 145089
781399 794750
142171 51986
765899 691829
698145 737426
261537 477343
918599 413796
474184 80843
936998 273125
105408 374721
142095 865920
193632 342988
184409 928396
274155 359465
91624 927975
954841 342652
589416 252592
137401 731586
304577 419651
423414 519073
673429 684950
996415 592027
615098 986950
189222 552095
260075 294629
443167 402169
676900 636798
261508 861308
81545 535662
737125 689520
979988 691965
32171 569403
944556 685923
817341 765484
105574 757106
800908 779002
958408 313674
887380 573505
300624 76601
125599 560698
371230 568765
479218 564481
721914 257077
425789 319810
309090 679265
9329 289077
371229 41500
374832 832137
243774 192172
113972 349347
949277 914880
644700 907684
228553 532080
481188 529176
125032 123138
606225 12613
208254 601794
577094 446519
858870 519234
766328 167959
198498 292009
973388 86078
333508 348219
918214 93633
56742 32186
442980 522370
463417 604031
946406 691969
652462 943945
737497 777494
67083 860073
790106 791688
461867 883551
754559 837088
402784 520886
521399 117633
812894 11138
203711 662753
359356 121924
756386 932449
670461 715717
971170 650229
836099 917575
858550 488561
861520 596046
266054 444954
456118 572511
752993 434336
456062 507551
787776 375197
544789 309174
492830 357682
320311 696540
536787 196018
334815 809524
644818 521628
41592 615987
171856 877690
49914 30405
366250 911433
142802 148655
872738 115272
237518 625730
549607 693579
649633 853734
585127 194421
679259 77956
552102 999569
290847 605240
711938 625662
414763 873107
147289 972706
489094 835496
850396 539007
382253 732997
966791 525054
398004 355880
640325 635521
981609 706284
845451 631241
560017 430577
825661 239276
508533 894115
755196 799379
499354 983486
941392 430469
856592 605032
403174 862037
440528 769921
917395 822780
502918 884185
864185 417273
240064 504510
52793 738025
727145 898243
885617 287161
328819 227630
42788 353703
638096 314336
153082 653801
297821 610825
84269 670764
215857 3795
532801 172736
290067 450195
995515 792984
850732 376051
726608 607147
880560 779400
861523 607704
193994 263492
411217 522813
491121 454004
392867 129216
768339 62300
783016 582511
673125 383637
253275 888981
903783 302427
61716 193849
752621 573582
503185 119704
949632 229792
243203 346544
525544 104725
954247 719537
368216 881815
758701 375688
335819 151568
21255 620509
213867 320623
203020 886991
704259 972646
292323 124393
275072 870390
834593 544044
443971 337777
663748 909955
83921 423302
256498 609464
528026 727096
329000 412594
125263 604053
304633 977433
755620 325888
597941 969486
646510 317312
372829 867120
289957 665151
507864 81380
535541 342456
625424 495863
680233 805523
922169 280505
228824 695018
406320 273201
938466 251671
202146 63728
855723 506779
41160 611342
349018 155452
580828 995527
472764 470008
378998 279072
651510 886861
360452 703402
229316 502227
199265 425900
307749 637785
706404 536572
332803 629075
809772 271268
880746 11918
851347 736468
35048 892506
347810 384065
564309 444989
895943 553424
914996 274940
348848 566505
161800 709299
269907 907467
727877 985523
849719 35625
623307 72474
572196 472461
701549 898319
260080 582294
426588 111426
318761 977987
520283 666570
362051 84592
627910 257993
638015 59257
49284 986862
625762 727435
212512 412020
634902 940388
913894 484620
492364 53552
557093 580911
526013 774993
479230 302444
357286 422169
413870 676047
400156 934152
858968 278558
535095 486878
536551 689462
546134 102186
192675 688247
829621 405187
616618 980874
861926 530511
465493 354290
100415 538937
935200 626427
313930 930781
928870 187567
869302 859091
379965 269457
309595 238933
548014 361041
242162 600916
50502 304647
219454 243177
509246 49074
164715 642215
29947 542992
172726 11791
413633 789492
67079 865185
415918 897360
312317 861139
84927 181618
236582 464891
967426 62528
220175 31792
423568 978688
632707 474070
283335 852160
233598 308932
417585 914664
951146 447531
457655 640223
459321 387640
429714 526400
252824 361983
423759 565140
739474 25037
746758 976055
6280 714183
38582 226454
745974 978501
205142 895033
452570 4828
263544 202519
313759 197481
117182 781256
645011 91189
421479 620684
478828 851192
663435 248003
213175 603545
329494 469000
628582 592603
445054 634861
306786 999987
377666 569111
978487 582807
980495 947409
103986 760391
666279 934096
957871 783461
715352 119233
391001 136830
256268 386180
504373 919702
150534 717547
39599 480027
186546 668180
72630 147951
819392 895767
664289 713409
981229 642776
812568 961724
106536 916553
238466 772814
850649 712688
72626 566000
831920 979978
219181 88188
366157 723553
524241 516690
957452 563839
513069 660349
748370 585698
324652 84113
481464 988940
797522 462692
148067 610089
940767 254602
42993 695584
543768 893641
408271 616393
975992 756543
596371 195172
361082 478879
435077 885322
511921 392528
449161 24989
569228 197530
610686 893879
797995 608501
882819 595516
587544 30885
721956 528311
801839 764948
740246 345606
174941 664869
961998 150932
421411 74720
862456 782492
553599 297532
667813 65519
206411 633325
90507 775638
347207 217544
185869 145201
826044 68687
257068 413587
615923 979023
458249 417761
743970 714847
279718 435262
379715 241716
586194 801125
832787 965001
99968 386385
778884 284132
968255 501646
917457 575113
793635 264663
792656 979503
926215 135051
48189 183282
64990 180464
162304 39590
114576 422625
754436 394294
857887 134150
152361 960432
451626 985147
441784 551593
371532 220667
835725 856138
722312 269533
431251 515946
50547 740258
11801 976761
875309 59989
160042 940298
756804 838697
496239 871380
777673 250675
265673 151911
901176 418033
112342 352802
403179 554125
420746 291062
291143 772822
663552 13454
42354 94802
45752 92900
351411 57552
586012 226719
633892 262405
683368 907048
101101 179607
778427 878774
946633 560451
30684 847808
978483 659378
716961 898013
729854 654059
705427 20997
426880 368978
550802 985586
980131 112905
594837 331541
686808 180849
74612 320700
443253 274331
227747 60706
453937 522525
939479 916921
82975 486514
764729 577809
662243 998041
475821 908449
652099 697599
929445 78979
66576 996598
64564 46706
109503 175752
894599 796310
356600 969210
633361 316205
243540 377459
376910 213829
899983 832740
130749 499309
319253 411829
77117 497848
409870 552938
406296 578320
250536 852092
657298 833464
848689 238213
396521 474543
413965 291119
787205 286916
776680 420565
603120 536572
314376 980029
266752 730710
812768 397500
230019 648373
325681 307135
662572 251902
376424 68867
830221 143312
437310 3871
976775 285998
242083 889647
276893 172399
697118 64097
975667 990149
1013 578786
526720 315388
75167 793471
46098 404286
707323 792468
569010 549355
99602 231581
801256 992378
816799 631476
135689 254108
151698 628815
540106 393781
518461 333350
82531 731930
397446 58197
722079 398458
153335 765150
230198 744853
558621 276295
149138 782295
68762 718148
331649 684715
949728 649256
677092 282879
797083 812780
536986 948781
957946 593443
858913 992759
926792 941443
724688 324237
515992 446766
239047 185678
211916 469244
446882 286888
261890 596019
585534 847003
830518 917182
531717 296598
82789 208809
579476 879871
537940 116461
828651 12238
226256 203915
4996 153047
661710 729683
993636 177701
692801 232682
879730 421068
701925 326611
224307 963814
438981 809840
810816 269499
243373 858884
82448 326161
584044 661923
722383 638336
294735 551034
650573 520990
754948 655568
674037 416657
901602 667672
110709 594402
416705 506790
531821 634981
833400 756127
598794 788733
82318 925961
58231 325690
301196 140678
168202 885240
318952 890585
39927 613686
957970 690499
651028 712917
862418 325064
645926 764019
509087 272986
874773 442143
779776 922945
77123 129527
679072 192268
918259 277741
634580 492841
603431 935775
149870 287984
337366 985173
178568 377292
598859 136537
584142 766238
365806 446559
607653 528083
726930 116739
801068 118054
75233 97195
40998 152355
226722 236421
344622 661332
514162 979201
670525 117592
914975 820394
921927 768693
321919 100495
145984 437129
753383 246478
203366 635540
209388 811018
679974 936317
444108 481042
54370 519340
94588 611720
671694 321309
848140 532667
498993 362301
511867 169517
996244 943193
506262 918171
711885 828180
535017 374221
781660 804751
620698 985025
440291 346437
796042 120264
282754 756501
117657 853475
275840 212245
465194 463885
49905 829686
996551 548897
191986 24769
234765 188230
967962 257379
622752 196198
85558 157768
570418 383570
962518 707467
368594 919160
53904 680988
555776 853009
437488 673432
222835 229680
402028 688029
693564 451933
517714 206467
517181 226051
231235 751946
930632 199196
525676 553383
911746 127585
711150 998515
511154 190020
705982 879748
109179 276237
560735 664954
645597 514574
854738 868431
744253 256765
72811 954169
225049 106876
160635 742230
332927 908221
10527 263558
623769 536202
333293 535514
663786 44442
534028 174940
234461 756361
571039 859992
548949 131773
524945 194545
162698 896034
62976 906951
152799 135786
377471 377847
759014 538105
636428 91940
962677 646954
871849 586445
699507 205141
121958 879645
765935 172338
54584 516747
928698 625622
376738 477647
273746 418035
188543 436443
314068 251518
859745 983218
903656 237215
877417 179021
291671 513844
270960 254348
677150 659160
357144 376656
380653 995454
256300 146587
167791 827235
179685 612840
969208 72775
90486 242953
490809 279029
195748 321228
46898 55492
304446 466905
809059 181862
645925 100729
212057 433236
871428 889206
608748 744924
782214 989400
740377 554865
652338 908167
382100 348374
521006 867659
421148 127844
110612 911956
923224 822711
749536 486473
394554 53981
469730 203612
752194 115654
820693 964250
65242 208472
853456 673989
953395 152021
179740 693771
706885 348429
118289 88984
696802 155647
472995 117950
283490 583606
546257 723065
922668 295792
209537 317221
866124 679266
37185 618317
311272 374229
98919 376513
99052 468726
566853 52447
620746 746592
262569 327630
95020 380858
932966 791821
52856 405960
426122 336345
505917 972379
575761 944936
268170 301649
778508 134294
497267 815692
268962 808538
706272 367880
701402 805324
352957 784606
374122 973702
531197 636690
817684 142568
533899 267001
934388 586754
189312 360510
439450 211580
849240 531562
156515 117409
833211 935022
768054 846829
267066 553368
655366 973337
437599 873119
295012 790556
657724 669133
280609 705272
822175 614644
847839 356073
881644 298578
459179 587307
175439 414980
798886 541030
946542 471752
658439 779752
923126 942844
626580 190191
496211 798297
679879 933810
187767 974891
724365 361842
160375 4973
583465 982549
135969 947655
854974 17612
762584 314152
121271 454375
729131 920156
995404 675672
908260 170194
971775 831385
113038 114706
21575 609248
429354 217805
543057 133472
709047 783773
11665 869422
305098 595129
851970 441066
542783 706943
975029 821719
537446 96299
276093 266577
532807 271496
458600 441066
441690 946727
272450 554727
577784 810376
680326 523490
28180 739735
656961 253579
39859 668626
123000 344956
780106 491321
302373 839241
198264 793754
660959 252061
890052 937051
518637 939210
724898 493589
380275 166587
956667 169076
237665 534450
495803 434343
57939 523983
174077 231252
293913 730287
416229 416912
75243 196334
908232 893967
551926 622847
687720 212884
874908 94124
666286 909896
33333 391184
403484 413608
74122 360150
99035 828139
410952 594838
262481 985242
635172 952909
216493 929084
683195 149073
345995 274789
861759 254226
685108 413684
393425 372827
626568 268332
466950 809205
178227 500283
200388 581711
430242 790862
458212 529276
619000 385515
124113 397832
370757 759284
867092 103601
204719 550286
769026 550713
341427 630784
321291 26534
44467 714715
915712 187386
983046 382662
996591 161272
399296 713330
259334 829537
504191 233898
875164 639542
135764 515629
553725 22872
791264 420816
126473 995983
487454 411850
546695 345232
42633 384337
371765 603451
99051 287476
790837 598448
186489 303779
276072 585784
533460 51757
931672 554003
285654 323188
193544 937770
838816 263621
960641 630079
200788 603465
626061 688241
15314 689108
549824 57946
73444 437940
177749 688847
241768 968585
803646 428256
788715 596069
530392 322174
647826 978415
876176 449831
301602 586072
387600 140417
849692 348241
770496 50479
951705 912908
255072 967019
602015 804895
541316 191811
242835 719064
397009 484602
204000 200654
429209 992714
796723 475952
831240 960900
454367 707415
410730 755968
809838 798330
412737 175881
662922 183232
226360 130978
612491 997783
97996 214506
319029 155664
922668 78215
391079 319676
79168 595079
36681 24729
104144 349755
500680 935383
310654 955046
159150 721384
227366 968987
36065 640102
144868 215338
339685 887579
346315 952175
401713 960663
683032 237093
116326 122051
315308 507404
958078 910827
618834 994759
935555 722978
344513 436235
174712 171519
907632 850213
409254 651349
335552 445318
291450 996771
177007 147486
400701 523321
616013 802413
483983 815396
39505 116660
937447 871164
140416 895524
298343 759249
406634 233897
998578 267499
186483 173290
439017 610467
23502 848270
261815 359053
809939 69617
355823 986945
217102 756523
510265 349466
75287 510600
164862 631144
627259 618660
18659 767674
30535 317001
43275 437169
67250 41852
221019 253732
215141 660035
380550 754995
24656 642365
630399 834594
711981 502574
337890 445434
775448 364506
794900 367087
875105 959761
998230 18716
94772 533240
302741 125306
850241 346015
562474 917490
387867 299844
687573 119359
959878 68123
390705 500885
226839 537456
851830 938819
40029 189719