1000000
73
2
99302 527666
644857 415133
474303 604298
914967 512831
24885 957404
425024 720727
646320 948208
146282 22085
475589 898735
813606 706609
191847 167442
718539 682654
839794 865126
799731 861280
492999 453882
174353 592301
981548 819209
523785 972202
939858 438752
1384 481094
912507 942760
201820 558827
890967 864454
97263 882907
279540 427220
105867 471386
594661 824405
670391 950806
689530 986473
812085 182529
440354 986437
774829 938253
321997 298613
426807 261854
253716 944542
742947 166223
887301 944766
241401 294620
325571 338663
693878 605110
765882 799745
592847 876894
624149 263237
827699 313679
766061 639783
12559 206415
142571 303739
661019 464567
602351 604177
726420 372419
65071 985718
54993 468723
930483 296393
763342 772406
151407 973572
377515 433640
773316 970362
310533 913816
749950 654583
743846 516011
810717 756404
238777 953287
60142 416147
417853 178845
20324 144272
67615 85394
646341 638959
554116 576823
451703 833810
349228 603109
323733 243095
36748 97048
213456 863632
1000
2
527215 963405
518214 271061
995767 328930
543816 234543
282216 120310
650690 216420
815506 187365
877043 883120
789110 523383
522078 859577
616557 973780
209738 965785
93240 533470
725231 646339
146869 938686
509970 674084
418442 544535
945144 414209
873464 5311
165103 672031
125620 332144
888450 941125
519508 765492
824244 824969
288874 862673
684546 905430
352804 894283
387566 446043
427753 112796
92381 574621
567833 118702
765056 502627
663236 710199
916835 536699
715510 598289
725081 357481
930433 613530
298606 966292
895373 639201
791261 700598
501874 475806
122380 371029
886440 26297
817072 314192
655445 425804
405165 223277
544506 170220
725903 207741
396771 159089
260792 628632
273730 985872
986112 204162
115754 801069
170453 11126
440270 961713
711724 458495
953870 350455
829523 840310
376751 646594
670853 32195
72398 592369
771824 133255
762589 14078
340995 675711
689519 601786
304342 963248
104010 806805
167409 219763
607874 854213
230888 48143
332278 458963
506637 286147
809417 336159
642808 702520
499105 313661
734714 87854
906029 22889
221108 184969
36967 78454
377031 242837
196592 197724
206084 300601
4529 889844
520363 128754
744056 751250
693248 76333
210213 716236
878832 535981
568746 521639
238500 67850
351651 489566
672055 774032
512454 409514
959000 65772
487968 852383
308608 684559
50106 514691
985159 570986
920886 505521
699739 664942
773122 392986
257626 499686
625573 652809
35667 194319
690800 790518
778520 42450
280083 450575
816481 308889
860088 291833
374660 864407
144215 683268
548965 710672
714310 50475
281658 635196
555995 497748
816489 329117
407086 590466
345154 32658
759627 380820
226976 450426
687690 521848
492875 967772
972422 825708
793012 348861
633892 167672
213268 294458
367291 762232
5129 597952
812707 803138
749499 885053
300886 82339
730521 224323
672805 75675
256980 432431
972846 308
399208 660535
522155 408434
144659 494576
234141 937670
843436 384384
105341 573055
678841 988983
851639 200322
586935 664345
519811 852785
65749 820696
935124 312622
45018 607928
388296 818350
556710 877493
818657 472269
538028 340811
880702 682686
351738 631195
620355 711525
15578 242048
284580 210771
747382 136218
411092 850668
316914 447254
703453 899014
784302 638576
211635 829319
246503 116282
164020 319564
993775 982676
791832 531802
839838 188885
730839 707927
820079 867545
419452 835657
109592 220383
46427 373326
872952 973870
223993 706217
421123 927445
605230 205424
566020 333217
551095 328874
449498 231466
164789 959624
730494 472972
7777 570331
661857 738615
794610 481935
606160 730413
833943 232103
950795 396721
605428 340098
370590 345773
46314 308065
273217 167895
29840 355589
17463 97286
684462 983313
845104 849251
942936 575597
322222 950713
662279 984078
205679 456888
982365 328190
187300 816307
560293 138094
213028 682072
994543 99969
544196 557208
924385 817413
725103 954225
173001 258917
567862 373814
242229 412965
223064 701517
988561 61638
168581 650840
562067 374259
624079 544431
702449 811379
360738 779093
465824 90117
977516 460367
190085 521712
17574 114470
339124 259028
585046 28476
517945 669259
402289 276525
598576 141705
978041 103488
203342 146621
270679 281760
37232 894758
826191 256032
706136 703280
35124 688311
793396 528991
148677 499832
50702 682603
614301 906177
941630 715698
451004 975926
384957 853293
768803 983532
511349 746843
603371 714690
409816 874050
996449 963399
768807 338991
219430 991294
558622 770905
679604 868369
299895 828281
368201 866949
510883 498853
773125 968864
214551 224129
461142 115859
593773 229944
615742 105121
493138 219112
336162 419305
93161 848962
382703 378319
704305 118484
369612 262926
889388 49216
131295 705635
393848 499495
572583 421082
998347 862059
389945 729249
602539 367438
361459 196311
113733 977200
817783 606871
712664 153944
542527 322176
519258 925230
700495 223562
560065 70106
486487 965805
119321 134133
671439 29520
149979 244021
450601 664678
622431 356898
393926 224970
724335 755385
937632 838068
248936 755415
961290 961599
425710 503816
283775 461319
429045 500621
684880 505462
570726 687719
471266 206399
821851 142704
235918 488182
903076 686519
152859 41858
43416 546784
266827 284102
818520 204459
122169 583808
476225 83458
61758 901934
587274 861884
363253 532670
362504 564484
38131 933230
768554 25748
655980 106757
684803 408249
594938 104230
94767 747796
146088 654534
294579 412914
938636 629451
133724 577156
729610 609948
660614 791367
28234 764239
653251 907838
296908 15754
988673 851391
465335 757227
393490 637666
863983 78293
45915 458920
698874 140681
206715 844961
311567 17645
774227 766554
163447 907950
343709 893056
34250 4322
684423 578835
284912 337673
486672 581820
869778 475344
949562 335113
232570 343051
972778 612904
937695 535044
71823 636569
192077 794889
997881 503643
812534 772107
270196 975980
196409 613904
869036 747010
134578 69810
325844 419489
407482 812515
517660 793611
804210 983573
128723 553132
842976 617853
166035 780670
152896 754210
933590 861324
549098 447823
364966 361631
219929 151513
853963 932689
765417 722998
679698 416346
792807 5541
835834 716640
334407 869846
510250 138617
853418 155325
691748 696393
289529 374134
993415 958776
128343 927004
820100 677441
374826 185065
39071 111107
852930 409385
560147 618346
132382 239845
551043 441540
761737 386876
674531 96144
773073 184781
234760 626491
856457 442859
322883 145985
816992 316297
104760 945335
759653 441211
139127 650830
142628 178197
278288 995557
587582 838435
130254 236315
594631 681296
194207 356367
584523 868737
452510 357596
569869 687269
984086 426325
130127 823320
88661 463471
655969 709773
925157 931973
150983 64283
582802 293610
758831 377442
289166 862764
215876 935771
99079 810506
617066 809637
166872 201589
678373 135734
75536 764594
823002 59621
190918 469481
399292 795931
449303 55260
505703 374459
503584 656685
438741 86386
466647 197571
463827 272164
60335 196054
207935 675765
522911 825000
485401 206134
542940 680125
341867 618475
444718 681221
194447 151988
667053 593739
947918 116355
165350 453620
490813 668934
626656 445905
271671 609654
159827 251849
881818 220161
447902 89752
412277 970812
431103 414029
176945 974043
94154 35164
592517 55223
716384 303316
723562 383436
897054 671479
499790 578755
641450 506954
247688 784458
469210 519358
394111 629036
287558 275928
365549 735459
882031 777825
222622 829486
191854 915919
803528 802359
951082 912396
373933 667465
215711 97495
567252 629116
285325 583393
207871 443127
90346 971910
227584 75907
7620 138046
704942 295177
930326 70490
546988 328708
364667 769609
158193 556520
201879 478072
875230 152960
906820 249162
336776 638882
863008 904027
784350 664685
487419 992220
624163 94116
480481 851746
170022 488100
506143 391316
783277 436468
461805 846616
281528 826471
616224 439720
899342 334455
434144 290923
3766 340963
56437 340542
496196 919444
760920 280545
100480 764691
272764 724642
375158 753245
92739 545180
757696 598882
452847 57324
551701 431003
903939 833228
257474 36515
789300 673167
370969 223443
964090 374734
80757 20526
231627 576952
456321 992547
857497 556801
273589 646612
281442 648746
916208 374181
710277 673904
489414 163123
731227 557466
594126 151518
907046 367951
188032 696345
41117 75352
436139 521558
966437 516895
542083 198064
93846 998404
706962 951342
71556 980550
114306 352997
145647 30513
243529 855924
704416 249294
535398 951995
806760 129523
619864 713805
13825 807895
926501 54942
399598 362639
576499 366034
395885 634934
80449 489730
633337 303762
957424 221244
800663 71729
574240 946310
618593 334121
318585 839361
583414 853982
791355 906525
499857 411218
136681 513681
735464 579533
84974 651413
942171 177825
533798 338055
812758 130599
344137 962446
434360 817912
183689 751375
405992 274280
214036 24584
608400 532620
863944 708166
902953 171650
131042 402809
99219 267723
432842 351034
847255 517815
2446 305778
695639 52596
160184 24748
183194 20672
987193 133905
838583 687233
885279 760926
961513 99314
301862 86264
631933 682157
794429 51238
370159 925471
970398 469377
709545 403239
336763 556799
437406 855560
378928 649396
908155 539112
674144 607700
559783 177688
741605 914718
864921 626883
191995 826433
242549 493856
912696 390833
692365 223477
442070 62523
148947 412468
531899 374843
815706 385013
931641 253111
240573 310569
902507 148727
366032 93002
756427 925814
270689 14383
356883 135609
641265 548878
478393 883813
42733 907441
274646 735097
130917 233067
313971 796215
645534 362222
171057 977592
747234 619049
747054 987806
445969 165912
652885 812000
258913 925663
254166 529602
940045 611048
181562 97661
159925 176307
497826 719010
83747 288823
970458 731015
521889 284429
527229 683775
646650 214637
661366 910235
833685 408419
898041 279654
574331 550925
91653 833243
992939 345818
879196 932983
473218 577110
546995 633142
753416 44820
868503 353514
333642 355313
84528 855531
639741 611756
539305 802742
342744 717022
712976 176428
125440 127368
972433 216122
194644 580438
565717 187582
442607 961264
636916 915824
538373 183911
65318 808140
228730 933820
161653 562372
289132 246180
934254 445224
374287 989910
764317 717030
223283 477293
893458 348722
121012 865890
81196 315656
446327 646912
503237 888934
124527 140153
321109 662900
324063 386426
471039 69144
320246 632692
147867 125729
395223 82120
570953 769510
588381 851621
486539 811663
328913 896348
676737 449925
278590 757932
281932 241268
921195 785168
646553 45721
441672 967662
224972 282086
354087 212363
351230 190684
361406 499096
316413 756628
97568 403717
526137 202300
255337 529028
530315 100602
425375 207051
66878 220316
481334 865161
461584 918880
650328 108136
480952 608352
75797 222276
890437 946236
434638 758018
136919 796043
773466 969683
552670 387385
889751 595159
589684 661440
640538 636350
278393 582264
359752 861622
802580 841085
726782 264163
276316 893461
888650 273620
501812 964447
495895 908601
427034 930532
666618 563952
726574 440083
49987 795595
827467 939737
907105 933503
601176 63994
569852 879568
646258 929604
741189 965189
287040 984322
745703 79708
877783 634352
353327 379594
115150 849221
288194 542183
296104 954812
622487 539029
911246 672473
334623 255065
612209 758080
704919 729737
338425 274770
125656 501034
720725 383197
466222 524117
367518 728276
603824 245300
878980 473502
624894 994129
839074 429439
52664 135177
900602 675150
674205 811848
863974 525179
583264 476182
283258 288182
722270 138035
79303 847926
639068 800028
231122 105290
840496 598639
349917 960671
843939 228896
434172 985184
223025 273245
414622 792040
924773 315224
467189 598977
643423 847514
124155 226686
323695 923765
514867 562317
61799 594169
410242 700866
910548 157715
322507 267395
756353 188776
228065 116643
417671 178588
618178 157047
968184 549152
949086 892956
864375 932626
491932 24149
780139 132439
250834 620186
56203 282052
182502 634353
392572 109095
851570 819472
266809 174077
86866 539513
362852 831283
656156 296874
9870 790685
453921 978054
339836 403006
871009 204210
851984 879293
744710 632122
11731 511895
768659 584285
793946 951160
218637 702870
60254 70206
522341 843414
760634 125558
382927 639837
956840 555434
936711 966710
346118 390631
461115 685954
309988 848475
406515 161971
244119 151225
310445 255849
663119 79103
356485 973417
30263 91473
192638 606868
678031 714978
966634 955016
356887 349560
594853 313727
421345 47915
796788 767462
954897 257902
969767 264884
622728 892634
943207 866847
43858 253651
639047 223328
849105 511884
713096 395719
603356 905733
518939 281386
137062 485572
752754 493949
351483 347606
324027 772827
911872 637166
56640 866768
411419 26407
648003 34146
919040 591209
900992 479249
361211 56391
218928 210316
568274 448376
606034 171629
870460 124972
969367 523874
126895 722120
17822 478377
586077 858200
251203 497948
495365 824195
364715 906783
366953 12717
457280 802344
120278 874624
797944 997840
931014 16871
208155 499287
981598 330541
187267 852058
971864 672985
375931 98759
911456 910104
577135 13884
284655 344690
28183 780019
168884 909249
203153 535836
438318 660432
854531 558595
535055 652474
556434 982420
669344 280941
998058 167294
611481 701677
19351 99696
891013 911633
198454 802469
338088 291941
332704 622742
636630 360887
919112 321865
270135 122264
374052 708452
299047 228582
783398 350454
881055 856184
332873 66750
137124 847283
234043 264956
548959 769745
364651 439971
197729 563105
758791 535816
371397 91495
158557 8026
968733 77668
846242 755219
716283 220293
463671 15330
965226 763420
882135 362632
619603 731359
429381 273078
578641 179776
54385 643951
465872 419036
83922 179953
498492 359064
715768 869888
450558 390677
394265 935642
984696 240506
690861 700979
977150 670883
232660 942375
434302 631146
821358 570257
362504 767090
359686 941145
946865 414071
585095 929089
833106 185368
109041 847949
544432 824808
234188 511341
731836 628452
446983 716532
385309 137843
933862 362458
808725 166521
821184 759378
797666 642541
845986 676521
409630 205672
617665 872847
619742 719112
318287 969199
904479 427327
817147 965262
768486 51334
476603 16674
196137 439937
733205 581445
94131 667066
460254 419207
349938 281437
178584 663955
440329 540922
340475 366310
746593 474492
755508 366334
709955 73794
851884 130785
17472 185382
96047 302310
236715 89001
318983 949203
528937 52187
530647 139419
235604 507252
558625 101893
305040 253560
282199 745368
794481 139025
628029 541073
613516 899889
423758 839822
490034 275641
970607 507506
461022 583005
809815 214088
188357 128797
163290 233645
697335 210288
373063 932938
717539 931687
551182 22578
185246 833380
284297 979727
972404 428678
37151 102272
328566 460909
942093 818599
252901 429051
842456 230275
12055 652270
444362 716763
297418 124004
950407 994752
850643 323469
444041 568182
771507 511574
107111 473105
344953 907760
452831 317357
336437 6333
419628 181354