1000000
90
2
580939 308741
255612 966445
647384 232886
519126 708637
28254 347522
274129 969587
828969 133781
839973 585656
181552 390880
582967 620789
366260 313641
770633 496286
571513 590166
602041 440300
843102 798315
62390 940392
623407 318001
423189 270791
67238 942314
495779 611843
806187 286259
581429 635156
420039 421401
737163 601591
812281 320129
738731 694892
633770 509363
707530 721634
99528 825922
161933 458982
624236 740674
915725 763995
575026 338913
34785 642263
797579 530563
254105 603765
333174 351885
238920 753212
289638 492435
871154 618270
812563 609885
829513 962684
119247 537042
200670 735127
362963 362602
710460 503551
619628 626184
783897 194653
481449 818681
353268 279027
865595 123724
882791 198768
475609 638063
468332 281598
646849 339485
899867 459411
465721 729379
938447 101320
266421 139116
836446 145735
18069 63257
165637 637696
689440 949533
348701 687240
284565 701968
966266 150160
825691 365409
865279 817651
519823 849962
99248 166671
705799 999114
142433 171519
244845 80879
272838 511265
219994 625635
173351 238063
205243 338988
392110 894683
804872 740810
98274 89437
442777 64540
755948 784820
946300 137578
602470 466122
987540 701718
632792 209690
217183 775224
381208 462027
856103 170398
489643 592448
1000
2
312384 179346
346862 517627
34685 738972
928661 839556
479781 26934
445344 438910
607825 201291
223729 554124
338869 342550
20245 842760
560619 169388
52449 777802
944612 950008
756180 317066
636757 762175
909513 949141
941520 772727
466767 976204
511698 911779
332111 507830
938712 777455
463091 546537
978745 686819
100660 833965
545721 637257
193076 106339
806644 245524
884140 267607
711884 156672
584672 348640
918846 10537
297780 376717
783263 280898
352920 811312
192676 685030
835493 647740
978836 298584
710628 957581
501754 811287
307897 47474
964895 500973
153813 771539
262848 554304
39145 974731
710975 140169
323371 146172
150705 137502
522888 450319
934752 392159
777982 127427
77189 613474
291518 572376
912057 2145
529956 930163
329784 354205
977636 294678
855177 131448
582568 634376
685752 138065
609107 913078
278233 448829
575602 945289
586330 98489
911959 37433
490648 689940
681212 84188
819765 972729
656563 731822
491226 702871
661984 821009
57075 155971
632038 428603
287419 214606
62978 489522
869022 188436
918951 147254
637264 494552
608894 739946
593041 520852
777378 600040
727143 458589
684227 546907
947670 857141
795080 438895
560011 973415
259903 133437
129386 408292
562039 416804
622897 141369
422677 491918
329804 341627
155523 967068
352531 764416
223365 461923
801619 517094
61962 528761
975683 746188
75668 439704
603328 870747
878598 679691
844162 654852
813127 489899
63143 891518
423054 202392
32886 845730
694309 879041
703708 366184
362460 56238
646951 585824
34512 448570
102918 96473
493682 594952
359012 85701
34655 478692
472800 429604
158382 833313
84455 487860
323211 663949
379377 746264
866340 928614
108345 560649
807655 812052
443184 170114
384642 90134
272290 419153
55055 375207
31978 548737
486510 390989
634437 37516
869680 623588
467119 544413
456900 67925
32273 780110
731873 928001
42725 598213
856615 151069
675213 180621
479473 118396
350734 864114
724881 623023
799618 779936
514581 831595
845024 517442
738936 995812
554957 608615
619400 538427
153028 76299
606351 185300
372761 338224
113300 415485
452788 486266
566554 128000
666886 46026
762747 533972
426491 487627
673346 742460
783914 187927
90407 628937
221720 829342
624749 776677
437956 244148
315103 107335
836798 437806
808986 209558
776029 438638
141395 228816
924903 707948
873167 108141
270325 635913
642112 213167
123539 315457
955626 907453
19735 562384
52741 241455
391725 677489
534483 346033
437988 365937
453367 791138
803742 262353
517047 579770
217342 658441
324937 142244
366388 198103
766736 153064
350367 408847
366230 990258
724304 838208
414062 260390
400591 466802
501844 308668
660643 552678
654700 614982
918615 624418
406119 722356
403122 923166
818478 620463
581606 659766
279059 464346
374221 45794
133761 724587
454641 499991
714844 695296
854550 128905
472037 771492
112059 490233
80159 772701
42910 251210
904034 961524
875628 826505
200232 278749
749670 18709
415564 847627
678474 694622
828324 52694
256767 962085
293633 711407
978427 8476
923054 349328
653733 395091
120819 765791
885323 717330
54843 444584
968539 475228
406108 360518
301732 606339
639267 567753
141399 571182
415380 819872
265803 760055
388918 522569
722139 682550
750328 216917
207377 189733
566244 377461
101175 687063
143251 502849
920744 714445
947433 405634
706025 869892
766152 7756
992582 921770
91861 133980
492951 23592
470203 275105
783646 859120
314025 22137
58021 64352
239053 265398
770437 805297
642858 871611
8711 302461
890812 929454
533257 838244
335087 755633
708135 617590
279741 217068
539359 371601
351047 548661
395192 821249
823765 178837
196721 137790
200973 771093
718493 440026
552842 488929
761674 712052
876892 770384
14512 767703
216189 64120
605946 67627
336105 830432
201569 615845
47499 740927
987445 914897
289588 382636
736145 629704
561472 449217
767493 278797
220310 485986
235174 773151
491266 996847
485202 368157
283582 16065
135859 16122
596537 258156
83748 932641
604939 285316
548485 652437
542595 52281
567333 348534
434916 819830
978237 512739
785398 262082
307887 5707
264419 543060
295210 755684
539906 780411
640193 339839
312828 292403
355960 909364
550559 956060
842004 155497
757727 906840
324286 300321
959120 407970
165206 910387
744151 659795
423125 529549
438228 731012
535255 702646
790423 830464
974681 846681
127227 614873
186519 440054
423628 542479
349417 974186
498538 707772
646034 772616
130963 486671
589289 606434
894641 754494
516820 638791
930640 456296
168339 368867
703659 219946
71512 494082
566761 562545
340762 693987
177417 527280
134040 601044
586110 999808
91581 600999
707579 253967
373615 354893
740637 962903
961326 635277
233748 478145
790420 164388
450793 475110
49606 154451
695055 121118
648532 261816
683662 505645
472154 377430
549277 606194
494826 135386
122353 102758
252737 346284
356724 142703
701176 97361
621957 662502
248989 855704
656998 39408
536443 107790
514518 586049
262241 725924
223518 427124
504091 423531
449121 976245
317312 998397
98790 812137
650134 737494
431247 902870
83777 787970
45572 784953
401682 183880
963806 650671
39584 620803
206430 92378
728593 237299
194778 507185
479575 934647
450660 983665
358177 899780
476261 675489
414528 91402
3977 64662
828896 435223
483883 912672
223193 45807
213976 141226
229686 177781
791896 785621
798584 514678
877999 43528
751976 589128
67064 231550
523775 517723
731567 881951
933855 724179
73791 348382
815581 77768
413043 160828
512990 896926
73499 252534
942732 287475
393760 688769
981607 702007
474390 780190
216684 868740
340069 485012
457867 407132
232913 981641
924855 964479
379944 858709
205010 453734
723442 20590
47853 652837
181417 560843
549762 771267
329728 8845
575093 723487
213965 556700
941846 688354
853241 674881
557093 193310
676244 14960
600441 909157
512952 41647
389987 409247
416707 594996
379333 140149
131937 427185
792985 829705
504379 859098
600972 834107
384294 176064
73945 598258
249115 532142
286612 102356
207023 843704
295665 399618
375015 412457
308774 404319
454104 215113
813565 870810
326460 709249
10958 974749
136434 320294
804453 157164
179391 405424
991270 80036
97840 581567
678294 863306
113708 964905
965661 320730
324960 777677
720348 216327
190134 545473
620645 160589
276937 950561
31398 603397
659810 558708
578145 312595
395353 898949
469758 574744
820725 977380
654779 918564
558946 849424
298221 672653
814328 780234
509735 655640
557910 746434
871966 264395
808258 8962
424983 85195
959522 972733
204943 135683
531440 299439
964629 926792
198387 950739
17887 19111
928118 189018
454026 3415
38441 752247
676067 369121
532480 702153
24760 606741
448586 413077
871136 256844
422038 812470
858390 897911
785202 63332
549946 832993
362770 514574
759785 77508
981664 294023
96619 909781
483040 66996
429547 37833
819242 621966
406953 868073
324118 948064
474814 289056
361140 862301
62251 299529
674770 920640
713791 459972
500323 263736
292964 379444
294662 569100
456951 276325
379475 553569
702458 862514
620565 648356
416698 956158
270321 823650
824231 594439
771713 815396
399846 649204
677696 462096
948732 352465
899087 662523
328788 399409
442610 138104
778852 253623
707203 235802
46300 603029
305723 265109
465543 442639
913464 882240
915148 183785
222242 255730
294575 993954
71125 694420
159510 265172
672867 108241
133989 571953
287115 462776
971361 246077
117231 750212
499699 340786
502365 545998
943814 324439
327458 409356
767077 240922
807948 682225
941058 546541
937954 235632
56846 525431
930051 216355
790602 602917
840948 924590
691221 128062
903718 662581
890490 20948
929144 390189
361733 947860
452538 305547
272299 779996
231254 555727
20917 555553
754303 961974
618445 692257
713957 675291
734039 160359
891645 40992
279627 248944
481934 970847
893358 385651
633427 783847
922950 78922
174035 284683
26781 142925
106581 815431
922920 854186
371158 460188
926091 125460
938513 544535
334068 652469
219825 584458
812827 627822
625450 92453
876765 107383
579651 286474
493033 729429
70321 932334
808350 244355
733368 351482
903631 839948
166913 826550
210486 54422
803089 136576
696233 741601
681110 30301
910421 417287
614758 239599
561460 240207
848403 954576
863941 428053
241050 356973
157481 311370
805659 482182
72076 539026
833664 975707
895326 516928
318608 105811
571349 121697
758738 783933
863297 956199
814233 290070
373485 945343
529668 451296
701901 378071
405872 565842
322475 646921
439166 479956
474642 244824
478489 546717
783850 312152
38775 679175
345431 357383
301337 433131
479079 60074
217064 858727
16272 31296
148796 906109
492990 194816
357404 194891
89238 279627
760732 411712
442899 199897
408019 917540
444721 886508
980609 228570
715011 535735
424096 60442
893117 725432
493572 372195
301857 226987
747274 834480
258283 896069
740588 751272
607236 614344
462514 696473
410322 223245
108185 853221
423142 32555
287112 384214
435414 784072
129135 150425
319807 553230
210866 729275
795013 220789
617822 613221
447776 365095
447700 222410
777515 704640
490033 384751
835335 952547
81223 762008
692143 705759
131580 115284
254666 418692
15849 690079
719115 144983
840503 555273
214564 567720
284548 525928
304861 902369
139148 268988
783815 103200
491397 561329
807839 497781
462431 159525
966679 543654
921532 658822
765764 53112
290457 20429
988155 306306
710508 223621
451288 67362
778894 665852
635082 579793
191779 456294
998513 847279
725281 782327
950478 216677
860007 274668
230809 322438
434192 197488
382443 355723
856309 148206
925186 146765
684987 913340
453070 911846
653313 420710
979207 432206
86561 130640
528350 794691
586933 526862
158321 312213
309188 108798
45241 169194
383465 276050
7983 334008
989889 390425
206083 846197
538631 131268
509313 223617
560960 962383
651814 214272
383092 631020
162829 986004
278012 691178
297046 864944
734391 971719
693509 43578
80516 255101
729123 980333
47502 737106
830692 37390
127530 36774
883586 182512
684394 392899
922480 761705
871633 574293
492328 771076
721665 655156
273431 999676
862685 86828
380971 597075
58546 590831
157004 655414
845932 402478
152098 893433
655935 982789
930823 783465
535915 330760
482328 736660
240010 404808
498364 627994
495452 507043
915421 217116
678550 188851
733143 541234
792031 630466
654660 850576
221296 328015
22341 583579
730492 174438
993364 386427
673579 924186
686243 209493
771297 168570
946152 527659
89729 960867
155652 585181
467909 71073
318648 146458
776275 568143
204043 568305
198608 858702
418881 936255
186716 957573
519834 917207
132011 513197
819985 805589
953734 506227
531433 241382
191149 477584
769040 280877
954802 924692
382409 422710
995764 701057
569167 288390
269199 773209
856695 984158
148262 791927
920412 334977
749499 956597
768535 881509
986145 104872
203449 939878
127450 734881
181260 318598
212464 466651
599475 167265
391342 981883
106326 903457
199291 675492
191847 468489
965052 564893
968998 629665
356819 889410
480993 106317
362358 765880
987826 348503
870751 191274
804732 998200
442507 502343
316798 654970
968994 432624
338587 876687
930858 444912
296496 130149
636756 488342
114989 118159
569586 83987
747824 926404
489748 228816
32720 852105
511047 536897
716959 381797
244523 521691
896349 687029
24033 213146
341998 509378
162121 196936
386065 92978
158200 682560
223126 311307
687253 854467
429465 256838
938453 693640
699593 428200
438808 732312
796656 949854
269209 513615
848003 513731
551657 744351
717111 92041
473848 575460
601419 635968
772396 503835
728945 446947
702746 468423
758253 906350
322889 704069
679539 777693
397709 379131
722244 352868
111442 518899
819073 897002
548865 667075
927084 616873
411425 644194
708914 885272
219654 826684
37591 992049
330518 766536
438995 549615
751310 713599
455964 74198
417667 135502
368242 331727
514632 90485
684594 142425
609383 20019
39427 674600
687093 966510
291472 98518
610704 516737
500141 346709
343420 537732
338757 190289
820619 294103
739903 571928
524053 712218
162477 941719
847719 530718
789798 878702
621202 990743
21127 746936
10761 576905
937887 697854
543414 745711
312723 670469
262447 812863
17177 122219
866946 872285
828859 687564
682739 85114
259491 206791
797331 938319
664862 161402
985388 454659
40103 606589
445401 577581
869877 456162
154485 807763
154015 214251
69825 983089
401071 848624
795951 934600
970842 662897
806884 316052
866812 5975
401165 642655
729117 198496
580973 393978
876249 566361
848636 916351
689301 810389
10284 559177
266550 164768
883292 936916
895370 953116
920004 296441
318091 715954
231040 288932
895202 554275
121336 762014
76601 522500
404668 805718
237347 501992
199695 113595
584704 564683
546298 274005
375071 556581
349533 641620
237700 749176
578535 133070
218644 14890
429510 536734
247195 176901
342018 142397
731175 463353
420762 807776
502204 341781
613493 739551
360124 329539
369497 944828
894221 432146
218832 269291
988726 84716
427262 226426
833892 5796
359495 52535
537037 305356
589268 784232
482256 931285
442980 729782
910989 863741
53909 413193
721873 183753
669095 81996
513292 38591
543175 923864
470737 762006
193155 975814
363074 620416
718591 196965
142564 594437
765851 679600
899792 871470
980183 898399
319107 423162
628181 230095
803254 198441
643287 525126
382194 312381
123474 411837
867324 666648
335700 338060
945006 45206
830225 308079
181974 548816
21395 840889
143252 787245
36840 43044
658714 17023
457794 977820
440184 85974
724267 243438
800767 367553
284915 182960
196286 408388
111148 63609
75036 446847
401668 20041
492053 231892
844471 190378
297059 865865
31266 440311
169461 68105
999706 828174
85127 457499
322346 41663
59825 46612
285100 860591
930516 570014
43550 126801
494754 671049
190409 569789
117895 108428
106181 126299
856672 950651
316676 153730
332867 864293
110392 502327
932398 110097
846852 533876
567596 685549
575538 627420
248512 376989
488010 179028
947003 47911
822180 958108
718959 12589
527896 353205