1000000
19
2
490264 829045
666254 162839
428373 250212
965469 423743
505167 726677
585807 679303
798411 491659
353934 363611
371719 903187
489165 705574
844437 990998
601591 321170
589974 846211
862598 479237
451863 205301
642208 458479
34346 308461
137669 979070
558672 103138
1000
2
402812 580191
346166 988619
259493 144576
996629 129779
24539 884699
549317 513703
106624 393753
21052 708214
231275 127377
70776 93872
606613 522639
299173 248820
497469 849870
73632 151489
828939 148656
254626 231751
728846 600792
736721 504690
261719 249701
634468 802609
134399 183785
832663 757374
577537 853714
465587 325163
497443 52715
419035 620407
91705 234559
385579 589173
84428 459210
740661 913366
607865 511639
661468 336710
628782 914540
841400 406852
164240 992219
209461 814990
176003 558475
572363 269892
928541 37950
111406 425983
607016 530440
46389 698720
764998 948319
287892 365777
407529 544904
279143 15393
572894 456962
868455 718027
371502 226206
124879 535741
734776 850691
350731 427131
409165 923093
213374 337705
477394 324779
763687 84409
855219 326428
299480 136568
791098 587371
502345 198626
648627 297839
730371 737872
271152 115177
455899 642653
857734 580777
694746 592509
431467 561828
19639 356983
1272 233012
694688 478666
557791 974726
79426 929361
817505 378906
582280 608603
482628 600976
323580 647606
415166 570302
385478 686318
685478 841376
328970 543211
938504 540067
135720 886322
101894 671710
243304 103166
421074 454343
98183 495216
945421 693960
424576 762925
72865 523207
887879 71845
124183 727811
719450 539348
298112 621279
742017 499942
462654 587339
43152 401157
127405 695223
287478 229299
883285 47134
848816 304358
501476 946998
799573 446896
640957 740500
726173 230174
263706 130403
302018 904240
858213 537819
959940 672677
159098 701956
172618 138103
805646 215769
539260 933051
427344 343089
678701 310628
390222 527516
614985 891698
990865 930909
854945 631821
671408 581117
861994 451465
711520 680363
872057 569732
734534 348348
242408 409983
50303 931377
548085 372301
147146 603696
305351 90841
946785 984051
401468 337006
27918 532804
745055 18782
463712 600000
166954 651471
181116 28948
619287 408987
225662 7695
495071 960195
356042 253830
370177 922697
185207 434614
294997 332352
38309 600347
939544 985093
100749 341011
838451 645018
390166 99857
663799 853877
216208 830752
21699 913676
376051 157337
322662 118065
165032 817732
594611 521073
71562 481140
443769 773120
915753 738765
621823 954061
855463 561366
455506 472563
902376 810308
117580 292541
426516 781378
662769 642724
128482 200819
556399 504532
874507 879060
622596 39538
213144 733559
76963 801057
214698 520731
574176 130450
775848 195998
600862 631310
273715 572719
103873 692442
383026 737804
984982 809542
519182 164102
452265 164015
881272 525015
184898 755778
404074 323846
795316 133569
57404 388630
934625 272101
909360 25152
402550 201559
737501 519763
832869 11215
92482 453093
703656 475507
190896 204989
801400 226429
369090 770016
390443 766713
295030 575341
522491 699104
899186 834158
349024 472941
222787 283649
745041 648498
308800 663942
850057 46301
183704 199277
57515 276185
168721 277523
268044 359616
482511 69443
102397 367953
355811 9191
134665 650840
100883 173507
866295 516420
7664 215319
989360 746802
498967 734400
395300 324118
914693 761708
886770 98397
960984 460637
374581 129704
738159 158976
5671 220669
744771 108067
588621 100581
633610 723286
751420 734492
896792 617715
767264 420808
349385 756623
167609 364703
7375 79260
688820 922067
840967 575590
20463 318302
36226 911396
448005 774384
586723 970028
511404 331493
594446 100025
432073 228055
823310 183493
478899 236453
317559 246162
657260 183295
519136 341221
547997 526510
420480 753168
964929 777799
845109 501743
96100 881334
929490 544105
172069 516213
30484 199825
847705 624929
299849 796130
852984 639510
495974 331882
875962 329884
94395 533222
513178 613530
874442 61174
140040 811273
814341 621320
589071 659450
123062 201523
57135 52552
261979 745556
568764 292462
945380 932820
917390 245228
728949 770373
884737 224922
618606 277050
554805 713000
326623 67982
326530 201064
645507 982921
528689 976200
604240 634111
635649 243653
835633 209135
296204 97611
954690 381319
390072 416421
830491 307462
661648 559439
77834 62736
300713 696440
856138 371869
925791 182760
956203 768672
900176 118061
751592 428864
94260 872183
62974 729908
115836 898607
939043 928391
996217 410084
826062 386289
826505 656552
693750 4504
732342 287935
583592 549406
500726 439729
921275 426517
622488 393829
711540 522663
511889 463132
467878 606149
851666 530852
852408 483853
945810 307802
412244 942026
717886 754657
844666 60742
411208 54767
581597 659901
859054 165188
209307 359779
121268 646933
302647 260108
40761 14187
782770 552649
993670 767000
675149 845335
814203 527557
845540 760012
835358 774135
218389 69595
528791 579407
130336 456350
634173 711933
116250 493226
393472 325556
369357 514740
972488 672003
774847 13248
202541 73968
82249 196210
840967 757397
557897 655169
284953 919788
931532 120311
693922 149921
189905 222712
245679 836593
679061 879851
548525 311662
889429 458348
637218 775137
973087 126057
963491 747933
139305 166032
338253 737905
878593 179219
495301 952841
350740 296606
872628 798623
933268 566549
464895 639524
305612 710573
476116 501024
106776 540992
812686 996204
999340 449903
771340 488778
92311 251182
753063 747967
417213 91315
485871 812158
786885 497524
764998 653976
794129 153978
452599 727396
236878 917493
883271 542490
628066 359387
43513 734841
416730 372550
247396 932421
338804 535087
421199 431115
786268 174261
179081 203481
265575 664952
531990 568811
162475 296987
222787 472955
967316 675385
716702 204194
592877 599972
263035 737294
959358 306547
472134 892440
195449 719529
824860 534252
254615 246058
965366 557235
936670 144447
760715 718596
325750 809056
287407 4576
622394 510193
477530 589710
185577 194231
793903 294805
794202 56937
32099 269912
879835 504232
162351 591635
740113 503562
125887 511079
265972 607604
68313 202641
268402 345379
921237 594151
154434 208643
115078 776828
718835 592607
882889 420763
303189 193143
715567 613743
766431 747665
883654 646265
768249 562356
754252 24713
65917 880138
535791 331888
487741 120456
534529 756143
982186 972117
866645 652972
180759 981723
946151 415945
90681 829039
353059 393870
22181 68625
7612 788611
332642 407617
951227 100890
969972 705478
641954 552240
101967 177744
400480 589708
814551 451360
862202 796737
423476 245198
449708 120586
743272 912210
52882 350305
741248 405940
260526 279780
474564 784489
68390 323557
192105 535968
940798 678428
241446 582751
747019 343412
276847 147498
449471 91397
598857 828024
404485 22332
589574 370544
659269 849197
282753 712150
199501 540352
118089 460026
820131 109005
244514 404872
432561 952970
940840 373359
147749 698637
956109 894768
558400 749307
558617 524223
357056 157474
352246 761540
696157 458171
648436 355426
307368 447540
67575 506868
987892 185664
483246 808022
294668 244111
729246 727228
713433 670085
616938 861181
368721 573047
272300 443472
322353 830917
967694 195760
504742 836292
957300 200898
294462 122087
556323 118181
569626 623898
141401 73869
809561 624646
398243 104228
385108 127488
347807 98540
797572 964745
476073 682644
54143 264724
126115 892847
95640 93809
88607 600381
446452 45906
317631 740913
684344 873953
859094 253969
497850 494
327838 307410
141491 242432
927989 526598
369919 275796
141490 167490
756892 617562
366485 811034
398637 492599
703880 10629
102759 792486
127361 549210
354743 444991
806475 555438
318944 181920
809407 816793
698765 653596
640555 840255
412379 568543
883204 782297
360690 24693
949786 633933
158606 316270
444966 557243
325220 665198
567871 944331
974035 211583
493540 845130
656574 816366
400567 975517
998285 726325
792309 697049
896272 949215
53655 308650
517758 936859
90946 394799
477903 557083
28732 152861
389704 990049
226455 714924
171598 310677
175606 145633
522259 185497
990762 178832
1863 391328
154348 516499
634005 463009
213548 530276
412223 783554
838926 446332
236764 446223
357483 231019
3306 386214
383879 393009
892614 610333
624284 64212
437361 316241
726196 959619
501738 716957
138451 503600
624636 809150
20098 774992
272158 749997
305268 200733
49903 660545
647064 286666
106767 4546
517684 626424
907111 417914
535785 799725
544598 676420
380288 981958
992661 106483
941577 494398
339791 80027
514349 480778
405528 534446
255770 677686
800795 561037
878418 850697
737933 41833
137362 361051
562731 171398
503827 469841
589311 39611
785917 133909
716030 166204
632218 225042
789038 573794
719439 645180
170172 750139
125958 575700
284585 381727
769737 601731
459115 164506
452427 713399
206338 106140
74449 769068
793889 578275
755261 383200
134237 541177
33460 366619
223733 665677
591660 529122
755823 827451
174302 925994
577589 300259
501693 378525
198337 787781
980255 657451
952286 949033
370849 674976
55173 961649
444043 849061
539924 199303
748612 674160
256832 298423
40778 996916
480452 148790
526037 236274
976240 700338
678619 70180
516948 696664
448705 715284
484444 945311
889086 436730
894344 259934
111705 465868
221583 72099
831280 277858
787754 579892
468369 44585
878314 25499
41500 875117
690640 83888
111390 666879
784226 790009
253410 817525
486672 702114
532809 971115
163777 421894
924196 58120
198180 35900
40339 936114
624351 871618
730323 412104
451509 198691
456688 846175
740541 14539
721291 431180
614778 349033
614410 915355
655393 867820
732880 142064
86285 265688
629530 250061
203933 70078
824532 402112
105977 381222
854577 730327
252840 584899
658782 220700
299942 631821
66874 40482
162711 304517
988014 777489
169901 602423
692843 825293
470242 425722
483708 72879
207761 113237
839291 411694
183314 180175
330157 805643
561396 701086
52321 814235
285984 711103
34935 585925
859275 618160
142759 21986
439028 130772
799474 608928
733194 492316
434220 719788
434390 434279
309018 642150
547516 148308
570195 247181
328482 416704
569175 406230
117789 137848
220464 920124
365302 771750
22401 224576
906262 165159
246561 345289
295930 562386
954217 545475
571054 904788
781614 5443
339067 90631
163944 402934
755291 734139
166466 600124
667194 735641
6353 301334
873488 226817
221457 238789
514918 243857
979716 421179
925367 742629
766468 737648
305014 237036
283123 876067
658175 581088
881509 513593
188071 45453
916526 943361
295943 599344
543484 479488
334984 549837
780821 724823
293005 518629
479963 807922
278838 459678
229101 204204
202306 511920
941852 23672
265307 741326
899738 923481
322413 297599
437074 510483
859403 869951
970195 155345
469294 513679
151184 320629
579867 448356
561803 389223
966984 41765
197144 762173
17795 942596
966377 736452
970867 424580
760123 236173
682257 176213
159654 4669
473811 113079
31504 333213
983029 518050
4909 968675
548080 672444
289303 127946
120799 851106
33520 87782
409222 747016
366307 943368
205963 332683
679820 176830
273614 956294
413002 955870
132506 89007
476890 122668
202085 24745
455880 701466
542795 977140
670140 90874
649583 475794
735172 770381
843251 768691
374515 252473
32058 740821
195840 238021
589855 392011
414850 863468
348305 344203
335689 997162
949562 812578
119830 667998
837323 92061
369463 896469
585553 555954
503694 751487
548100 755217
38220 391350
40260 412734
160174 72317
669906 872366
310337 776112
264376 241538
155931 129032
585741 491619
642546 535302
820548 762375
203299 174222
370787 89114
70690 472691
161419 90736
224178 709518
845952 262397
617220 886211
191482 777393
958528 377739
166110 268864
670202 430486
510402 826132
75869 612494
834102 718414
664147 171001
480788 383797
345223 367927
472910 932264
840617 150681
22999 581146
860198 385303
843542 993769
271513 551375
287514 746392
929113 453623
531608 599314
400460 558361
941797 476329
170854 292250
194742 835000
463251 191882
218796 324825
559808 208058
257088 916776
358738 796439
14274 735287
698093 374167
729056 969605
925542 532921
715997 371006
986543 247604
970320 387003
805964 428468
863331 493169
720718 58072
844520 183968
249953 579667
508792 326112
787724 282231
759240 662813
595021 773513
398100 293113
147679 643507
779070 73220
176427 495066
444226 679321
259021 930897
582675 581336
359364 446005
590856 596433
20429 435375
780400 786733
15041 805543
629197 319117
604126 388436
981929 199146
678300 380028
8611 825978
539886 787680
415550 232664
799097 376127
911985 574469
307023 494659
672156 182738
457016 263011
779171 993796
214737 75922
780528 746129
397817 926076
65245 1942
314511 563526
717439 509162
459905 242401
335140 999791
30080 267041
232454 345528
643167 660790
919996 466541
155449 592151
649278 128816
371513 944800
122611 102601
537074 419490
848730 934890
861918 430326
453183 176428
993851 686973
685590 453756
929374 537081
453546 475805
804121 202351
821333 447287
863141 257680
430179 534941
366183 79456
663756 737695
540608 302718
356648 77681
238559 205377
528922 100476
635702 498456
793256 629553
701780 995197
83308 631153
48629 53205
623310 852749
255555 444642
816387 635047
218673 246565
686339 584855
842372 866446
838902 899331
169163 195549
493363 924074
400925 538636
24549 552978
37091 334156
698882 738871
329352 782189
886375 377980
351745 509684
747080 123652
470677 79818
275050 689350
326382 961389
790556 685106
827834 629457
584436 513349
341357 594151
437422 258633
132786 978322
811611 686229
312478 26844
425099 158181
809033 827825
52513 677129
853861 315944
317132 324537
395762 592182
530238 238495
553570 837146
439952 381403
982954 540740
894751 324311
134890 332172
582943 267675
826846 910905
953903 655675
937749 895353
813855 263133
239530 382719
456613 93390
215015 773745
417926 610776
365926 464516
365622 919495
301661 805574
817249 284614
862665 712000
125276 997554
560523 224571
781580 387368
135475 251835
43042 589575
663539 373249
369059 903068
272319 825672
996457 487333
599416 930735
614460 481693
911602 980082
401187 729614
302007 218435
14227 164671
446786 655855
678576 7309
880425 460155
911028 532251
228341 470422
121826 891880
843670 490884
794947 115988
832907 307756
119673 948674