1000000
50
2
310334 999948
656734 615796
447521 459058
699600 619843
175882 204116
786149 522818
528503 83294
355306 952242
792773 622681
290427 170252
109107 309229
660680 629860
940213 961397
313987 945403
377584 756603
779806 687917
756550 436539
820064 204070
411948 519663
340264 587830
240131 126412
110647 284985
726058 465952
753578 518830
604984 560356
689081 714090
869584 866112
860301 326149
827509 174288
271551 205092
447242 567708
409360 203792
4246 229424
407861 416194
749086 748125
520375 505568
874536 147373
790552 600593
129676 60481
635774 251012
620837 324855
965101 490420
707318 341754
816568 534826
32393 604471
739917 479634
172178 149277
683425 692776
378700 607638
625321 644137
1000
2
355762 662047
666057 746649
809419 456608
863594 939094
517089 499367
190105 654277
340573 671558
144696 47891
529663 477616
582716 562055
82086 322633
558040 770615
988261 757817
979742 883312
365454 605062
527448 721215
783460 709856
467863 592878
682816 331456
48324 199904
347175 754780
370532 687747
942689 515227
735637 988703
992842 834705
550757 591279
673689 625149
878246 661949
382965 857987
545260 748418
979401 589059
985984 762860
298915 970198
872090 981730
818006 920413
697985 165180
191544 584868
852926 650585
100094 104915
639287 609288
939619 706396
716918 613307
331544 595163
791607 714508
453150 853218
979277 432550
958628 965260
711761 773894
935457 583850
271975 269814
20614 486311
434993 212158
71178 804271
862742 687624
909185 18380
296911 365155
724775 530180
494813 56318
125343 286419
287177 94844
139636 266453
527393 614615
748064 239153
388509 199873
823003 660483
469686 843616
146794 904679
572125 217971
708949 951218
905594 134485
969598 718856
499639 694372
249036 994451
267042 890730
797221 554218
985573 453208
337023 512965
67822 85086
268469 456330
801310 607823
116813 270996
967791 779958
692026 539915
997928 917326
7485 419874
568162 977082
138729 67800
187805 904116
578602 454846
794845 892174
9064 780417
345381 862438
809733 413202
463875 78202
385884 265185
202376 19048
52532 170166
799005 744557
226433 313284
178234 233917
733157 746395
727350 388238
330546 431506
292353 425499
886352 603550
317672 411767
900318 179404
274204 710051
108957 738078
304604 494840
519614 506979
513887 572145
193497 312891
833053 419929
142527 527638
170197 875683
274032 413898
780272 120929
845403 588977
546427 731754
192526 380450
659872 92843
559853 450427
319245 668810
704857 140200
680001 224470
163531 193888
796615 357027
23130 146019
293307 165656
673657 979855
557691 464040
393752 337962
584969 239154
926938 647747
487260 635815
544549 663483
245010 620753
113910 80606
289562 818766
220806 485915
43235 384336
196154 356201
257714 735635
502220 67372
417643 692228
47226 975333
156267 440977
829646 257587
196482 272936
905334 200093
908750 449882
863576 670111
70634 977485
750717 876548
312602 971522
878814 355836
872209 74967
228389 129922
810601 730608
197293 228243
939187 760870
719927 95453
201846 549573
353040 914679
338860 774725
114772 247609
740958 978347
917720 811591
472183 184788
204490 784784
156309 83303
656971 544869
674621 885359
674790 485222
132318 388434
229816 71504
149303 949743
683309 867500
15667 36348
782178 354526
327424 413301
118486 68381
907999 552557
396323 380181
737344 600813
681316 410004
200467 338287
954872 875088
739997 146013
876661 388667
50798 106476
976522 716452
572570 659830
583951 104588
212529 882481
459113 539952
295781 93951
608332 203780
162859 4655
100312 416555
121819 297980
826558 322285
152618 297782
713724 892614
443794 590384
797632 10944
213212 774154
727395 785781
433983 311346
406721 162864
710178 382185
702815 5958
476135 827499
726089 155346
348505 342753
571900 470323
640732 914809
308959 793349
212590 539035
202314 172736
129418 999946
183679 858981
774099 911073
161114 724433
738770 567834
887296 448947
950018 106463
971257 942505
933961 697345
97850 282465
556449 669749
269139 197180
100909 578097
990528 313499
633483 709194
486234 762901
709139 669912
138233 483237
580984 815698
207669 836106
383531 611317
285052 849901
717779 256308
792405 168091
470005 406606
450555 26453
592706 236045
223633 693614
330493 730512
7112 963976
439705 9697
243228 148843
195960 381460
148431 776944
197158 872452
129401 97040
483768 414452
463292 717898
670760 772048
885988 140764
178653 852894
167216 287710
88938 907200
497676 419430
154064 504787
383405 593768
30836 142984
258963 226795
40796 923745
520090 754305
796196 649490
851344 796315
63942 314636
514212 251053
603035 400199
908168 781688
253092 591735
585749 858381
498935 83424
277811 652998
104563 177567
763117 135398
836903 538431
878544 877698
462176 398634
632002 774723
48123 999697
87390 628416
830684 117953
395820 433719
518152 303987
731758 287595
895722 317506
145976 911008
400930 940138
80357 21844
634056 359825
157241 470958
898256 35784
348655 876783
950769 497008
167857 998892
496705 255246
143659 327388
889551 539479
761106 407702
843465 492863
211648 255538
326721 873975
166545 244002
330464 763253
265845 964520
123078 423085
951829 21333
975220 816836
414467 925989
313843 98675
441232 326899
870273 584890
654287 759823
640720 931744
683876 537
940959 895523
256074 267679
285850 938971
511680 616313
702223 777524
97184 825300
716960 565365
362984 692179
382200 293802
134519 212394
392477 92102
539293 262749
193344 193579
22571 834063
641674 706446
834599 582632
118320 607025
850310 404169
545995 361989
536834 248217
655864 150369
589869 372823
715733 952852
581354 97932
246654 715872
826678 639130
324326 365970
418230 517669
75900 440800
351731 717573
663597 702682
816557 781916
309706 666866
702437 855700
545207 755622
103916 201070
905990 693784
90245 621723
162988 671598
236006 925993
903821 62683
565122 228146
945004 499703
745814 20903
940502 613897
254828 120450
316578 71384
902365 626283
254601 121153
998334 799807
876774 102249
517229 782764
312385 607473
920838 991724
795422 156843
917716 699242
735878 999189
443740 680881
498891 189553
218136 955744
803449 472963
76193 636378
60698 494909
262660 315298
132414 777345
631457 9187
395946 665037
308302 708330
272509 229139
216405 584282
385982 134120
283523 638211
649660 243614
319091 148550
433167 537226
620645 752967
526540 213189
905697 587237
708097 684708
418887 840510
462053 566695
366049 857998
231731 674350
82679 20591
419841 299083
604872 322174
949554 404746
960384 599213
648360 279474
264114 597878
333052 884758
867196 859591
97946 772892
963180 322394
457600 382066
679256 919652
948760 45304
777649 696842
236005 860327
717432 655845
159409 838655
978018 625314
243400 454753
224526 408111
734227 488639
5988 583630
373396 873184
443220 987693
162427 406399
826438 620026
304816 505693
539677 769927
67348 833677
466768 303353
694003 700551
475549 369763
539205 453567
995076 298957
908319 735953
707067 158897
224591 713055
742526 114338
102590 702098
618382 265016
624848 444820
401394 929664
950512 941070
215942 17860
774747 682710
321212 985101
899612 313112
871216 438817
766678 382643
737773 191349
118596 444839
866597 343186
674245 125475
973876 293186
827572 592257
74554 968771
37076 475947
898434 987588
933368 630728
521799 224466
829789 359362
209567 729400
672473 597134
168216 955503
979776 422340
663203 98371
867179 529799
957909 57775
171625 931784
867313 999196
524040 941866
484319 77468
417812 382752
581407 867531
529831 103205
91997 359619
462566 301563
89019 651390
415048 773586
606892 394823
195926 270094
493194 579456
316245 451102
637230 487869
899237 504542
3417 423276
962759 487735
500743 896922
386838 598501
764453 916669
701705 856449
276287 680622
674363 365305
332012 89410
138891 938903
484232 851168
725349 977425
430623 41593
944878 67852
529461 844114
88746 532877
783742 51504
20611 800836
948426 923801
399337 712878
840469 617393
569326 116755
298015 243688
998412 146378
333097 653654
601632 333680
504821 326980
827457 451795
368572 772334
519646 414385
132800 124743
463613 432893
176247 576
750080 641024
924376 665768
870253 764844
283161 439578
397950 97527
199617 912713
243904 49065
82718 845535
382744 587538
172515 210200
39332 57438
498886 75330
988174 148037
716424 451787
97281 892670
452362 847360
50045 893089
513128 920297
657932 312640
876226 572233
410166 592194
484946 654069
157610 567663
499603 540354
671553 188469
266905 227236
762259 282142
818917 750432
946530 535341
202218 43810
944362 170931
407522 994407
64019 437001
431055 238302
749640 823633
810535 159805
415826 811832
330225 89788
379494 346179
146493 567398
534648 413397
310986 813258
211891 129902
563689 674772
181594 282259
718582 125956
453189 642455
636714 517208
79455 584120
755509 829094
407752 82395
505250 339930
894226 835474
429717 790072
181652 576209
873821 232651
505957 184806
45908 234199
314708 125949
908971 496301
408207 143904
138608 861395
786358 775321
894954 865812
359441 166815
211257 283544
249209 716506
139825 143435
68331 569541
449858 766334
662101 323678
515337 684410
508484 561244
918608 339543
203544 343930
352195 611750
487833 490803
989497 274190
782475 884450
656353 658267
51264 383961
941811 816825
616818 81635
960259 685148
167528 926468
967834 345980
250145 483170
30389 758628
560765 465349
614522 764309
809278 966717
892410 297111
457519 881906
87652 239993
282708 260357
414612 850323
644317 356422
667147 777487
954408 143757
978986 638287
70224 946819
984267 320369
429988 531007
595348 990753
512707 209870
755061 321985
692938 163822
135447 150456
45728 223098
906800 328435
999806 321411
178757 160475
194184 362256
937961 664944
506012 916946
819582 92588
863765 320200
929308 293752
851207 524655
800856 363913
250876 72268
202249 460165
236090 854047
126972 281817
593497 33772
126603 593302
871534 821711
753776 582070
700318 691736
763365 206330
608682 582946
815269 988798
903146 744576
282549 270704
785582 599757
150968 552810
672024 353217
12974 424465
207263 139946
706281 800759
690069 349235
910413 561602
687298 664188
660023 387615
872276 939739
110296 480957
522685 925564
469754 425830
670139 268654
212885 455721
384762 363852
8530 56786
233420 21503
481250 957035
161448 703883
274145 851516
569469 184557
929470 256766
365097 105844
644381 237372
45583 754676
234680 84619
196592 220785
26800 866730
5790 239684
322450 390552
603535 847331
447337 353307
868834 444938
310341 546633
665172 100837
914501 234641
801746 360322
7758 166842
982517 168490
920565 28099
439518 155244
112717 636109
376028 655868
502838 381817
895551 341640
288720 15438
188970 252408
368744 574155
697346 195436
637140 878869
812624 551640
629861 614369
428313 637619
781210 410829
806108 218126
955280 245625
373369 584348
881733 265748
240216 384571
163917 135766
242562 452636
667555 431531
705044 552650
5686 918741
748085 159177
797609 560709
227168 427470
691429 655480
65088 472639
582660 387547
207116 54291
633172 580485
638639 31256
362584 395206
932178 526500
47323 174739
979136 714878
606270 200531
267527 128307
119271 531964
287483 433231
609024 31002
860700 300452
686481 442139
289442 785492
829686 496558
839783 979209
593394 994773
10464 955977
389978 942642
482477 953652
633732 977964
184881 240001
178494 452408
884659 814116
500723 688493
247346 109746
719494 624398
926549 922326
66536 215991
707818 412573
712548 63952
908133 305941
58724 918597
778269 965053
377590 260745
918704 11321
755060 103585
767674 933553
72344 168684
747668 89418
373529 511366
199163 609374
135763 125711
531700 202298
858053 755869
131223 86952
819820 39355
909244 878543
474303 687513
359947 368244
464609 278650
895917 219669
898586 179942
153221 487281
348625 417241
576698 238505
444958 775860
847879 580720
417923 379578
299369 792327
651798 946943
879279 471617
986298 788522
866511 976952
476034 226457
345196 940643
21458 241112
160311 436396
421053 829883
923676 286029
763475 500374
524534 724784
792585 372412
305503 726859
268341 121224
519186 436490
68166 398464
908106 570815
703337 290968
547767 179371
33776 892962
636365 571585
650425 796675
7980 71477
142909 448008
873857 422736
948381 398390
147519 257317
287153 969374
984176 71845
90597 19713
508334 158762
934528 932791
729577 637864
223758 793695
817234 773885
686656 969950
345470 853432
282976 353449
441260 425885
801456 315116
364972 266188
229858 512490
39857 517010
481863 540384
105207 88811
560096 613540
247573 494623
546331 493501
648838 286440
287195 982424
60325 490202
952373 922146
343633 235349
791946 784892
177585 109754
100007 542556
375941 329864
55045 932149
363226 53260
472532 468432
142070 32627
598323 905994
43601 661005
399494 692439
947445 203040
674862 524121
693241 627234
446266 553225
378934 238211
338116 556518
347964 954475
99073 240257
800690 670470
172405 680267
723729 644937
148698 382150
193915 263373
288144 753868
924377 203989
446306 388173
407029 637519
912293 616621
781104 874910
686198 160038
113121 24313
716555 977436
495139 331980
217692 812181
2449 906449
492447 242529
551385 157497
141030 261651
420869 945525
15518 345245
149514 978175
733418 72894
615693 162062
205866 913149
36972 892063
73186 666444
432728 306092
643879 927866
638071 861571
740046 156871
768019 748845
399399 835755
906341 56781
97405 327209
2305 629275
188805 151818
607449 438574
741063 223142
600636 946929
136290 637607
355343 725827
304050 788070
31918 464280
232288 186341
842202 972333
859563 610220
237529 258962
962326 143869
832094 576083
987429 834398
205357 176234
502568 812805
614807 243630
552298 731794
706910 204939
885752 62253
930765 706153
850322 479035
170433 598961
181727 12634
87646 41289
139206 325174
816602 101531
469043 648695
193965 456471
483093 399321
149056 502012
212126 280215
745641 280775
12008 968903
485714 897760
31155 416478
120264 397828
411864 290696
996789 593590
819682 84434
151231 958887
925959 967832
576769 395001
616527 770734
367824 615971
686406 516879
117982 414883
797093 379974
695658 325453
348876 181371
739564 896382
114200 859827
810562 42416
666875 807350
636005 2908
408135 787235
961794 850445
271419 54914
245446 887945
341999 129621
20267 544757
162851 138248
959639 476296
518221 655296
801748 383449
353018 57663
279830 467218
917489 90391
509633 100715
414092 661989
103622 338578
965576 581767
189023 236994
153033 950820
641290 11383
596792 661556
556139 759642
316155 515778
235937 350727
687425 554036
250527 556795
611698 530357
540364 45539
137099 566348
146253 67543
228336 766227
406120 710263
347993 111494
463608 17377
578665 104897
28760 175456
282804 584898
935098 115310
617027 687386
982389 820804
757774 232915
377598 369471