1000000
95
2
560230 397947
704083 924028
87173 200296
495101 612926
993285 529483
524059 857257
257583 405081
378411 959383
130329 308694
548197 383444
828342 351045
30510 270339
586435 814650
410783 487013
748718 505787
336960 825299
420085 41043
749326 507257
757690 760779
636535 750974
806613 160593
124582 64195
82025 19344
539929 728705
328038 604477
112148 156379
955522 659009
943069 58308
990010 353851
61672 255079
375989 398632
80378 796074
956026 346055
303330 230067
623185 939864
497392 429798
616808 621973
10344 215184
641316 550273
943888 969353
154749 572388
642084 626622
747748 585152
684929 737758
455355 262953
992836 831343
661584 589565
627416 133961
451972 447098
364027 75156
903313 861418
504953 520121
483390 515297
251656 124705
581921 711896
610410 253021
284283 252493
395995 32030
353996 597275
286139 809350
860227 278975
640693 521810
384891 784460
655770 836862
231557 19796
912018 651222
397565 933322
687694 880954
964970 939349
522011 546890
651244 132420
316263 451878
901264 712257
260 255259
309531 802750
64609 169758
81724 221653
207919 982967
6112 380041
819828 754021
399836 731845
405242 313753
181519 92935
194706 146488
548635 716716
693378 716231
365487 525992
684460 783102
238248 684719
38361 547778
487469 619321
233887 85544
357325 441806
68510 879788
821846 404690
1000
2
633808 738033
136534 555401
51785 834404
164687 762843
980892 713322
995910 190621
945904 877749
716612 630363
660850 954859
831434 215562
18988 835254
351234 252875
437149 708558
694680 505659
588346 32877
910348 738505
287261 563233
293906 339046
397637 458592
101888 894880
688265 614149
85500 634168
491897 802111
780883 152747
756969 612316
368308 775956
447569 235894
545182 884717
944451 756213
906727 532796
789089 333426
787653 76350
413011 81558
931747 326999
56501 549986
221878 261118
164134 823729
411637 656031
625839 192519
808777 899159
321186 693436
675114 768754
929329 736648
169823 390132
492860 592901
439279 281949
442679 226931
874650 372041
308488 806396
699039 881341
356381 437268
142458 36866
260996 554094
692896 403186
746613 18024
302344 67798
711460 493809
352904 157140
230456 39078
547271 723316
148330 986550
5264 107360
213480 396265
479400 38320
719012 694790
919660 75392
648409 62117
628609 909404
132562 321505
828941 395526
339528 131284
463324 567339
625093 332579
724479 855548
888008 271749
578863 552689
774650 100478
660049 504482
496742 139448
542801 215753
834238 462460
807496 482646
40928 436105
908402 689841
273961 737342
85367 613488
868626 65042
180827 493718
913972 421657
865617 801979
693405 444480
354667 984407
544957 531067
488888 558051
670515 31688
290155 21104
10499 97651
503749 567778
50107 928502
257618 324067
182196 859336
453906 50821
924377 634732
60890 838348
56388 442858
156678 266145
887337 27697
766903 948646
558763 255790
23048 229277
287477 313202
766732 814327
927204 270481
898456 977310
715334 156073
817728 897529
531761 271634
464701 456137
422717 41942
810837 995457
484800 967514
777953 888488
511562 544855
353485 70325
800644 376532
815953 604472
689734 582685
935150 133289
369517 833605
626951 84850
506029 444678
498731 37789
232663 963431
493926 171732
521725 821114
167188 6524
788627 945140
411363 816541
6346 764848
886865 323341
141379 702817
927812 347464
801853 379313
480753 171369
212917 107703
772571 235297
68732 787653
273086 817747
751083 283363
989478 789159
104476 156665
312034 409454
618156 723397
225994 140853
488244 629210
464193 145974
848379 908356
493438 650231
287668 490542
337952 16936
114596 626874
252232 183327
414526 525317
1073 681960
325031 506902
471119 945858
663566 783152
355312 798073
22900 97657
938925 511143
243219 403117
657117 91597
311472 666906
258179 115491
157447 596130
132426 272042
739355 384658
971720 153880
426326 489145
352192 267709
996046 823310
213566 175964
122813 85229
974036 145713
699238 912961
173207 942456
832429 346675
34052 660253
13580 292230
775743 687378
404712 908169
959419 144066
809178 447491
814298 751855
452987 166489
535915 449032
506150 749481
141347 628962
351061 115383
291026 50298
544695 980585
509105 893475
327259 543156
553727 857191
351738 845822
544568 272801
270342 20339
933218 79519
984181 747515
347725 437167
914003 399992
402550 936504
665824 543897
81818 16884
175631 889195
583534 720325
869779 92638
130151 713390
152146 683878
86932 20235
529699 631499
293035 800040
168189 226252
395910 668721
973767 259986
105887 404121
659977 24789
340625 325800
568685 938794
859036 744315
827988 442569
980991 697767
51558 111141
927508 203703
311370 14439
740289 357420
162289 33323
157459 846830
259575 69720
515550 749693
846058 621437
670165 506034
646225 527141
348186 731261
465934 207221
475575 293922
166141 972917
508040 217698
600409 435547
937753 911779
449985 678041
269198 612273
227716 943009
459102 3642
529080 491004
269686 375137
112440 939850
397523 275016
983343 745708
522628 449276
469280 514554
259549 151772
487470 767588
369469 87878
719486 823573
516008 169470
17966 301558
298095 245681
244566 273548
765674 289997
764551 35359
665134 393342
975208 579008
184709 474902
324715 707336
924178 310346
221889 700078
462117 709358
467666 347937
313588 187151
687862 829595
872973 705827
647504 687419
467859 892069
960966 749884
698418 241869
785242 879903
635210 276801
458910 819919
751703 299976
43606 192232
610321 265495
892309 588789
491204 359974
936725 321143
63477 140938
667090 452801
363116 314593
140219 830974
723014 617536
97209 421431
859404 882450
301333 10966
159251 276594
347236 910953
576569 390841
103184 703241
172687 511844
292029 180243
388170 745105
17737 451646
886043 684826
420798 249158
515771 77368
596484 238784
694903 693692
176566 70659
576142 994250
81624 251744
270843 945211
679048 847411
336051 298583
550651 25090
810426 359031
721684 198595
104135 739420
166592 990177
424246 587389
239335 456368
664756 835818
211503 876011
45861 388068
946669 138354
898669 544644
390097 685863
489854 69144
533273 342256
367726 600275
883697 694504
959305 605380
893098 579791
344800 59690
569968 285397
163430 325654
741764 344538
677823 953266
220548 723683
857685 683568
862037 272705
744563 768485
958567 750768
837629 8191
93023 721706
124817 976720
416209 600473
582099 825659
180263 443250
885348 750230
728646 565129
592235 986761
909666 270057
456378 646565
510092 830414
846484 372128
103118 591046
656964 578036
341813 494592
586226 951188
732650 711042
444259 665210
311514 26357
490868 491777
985959 892567
758358 714604
457696 350593
217717 883713
137001 674094
530278 647092
20860 376761
535571 123977
484159 192535
702013 825971
203478 804590
293510 936127
31984 737768
117689 343497
280477 124908
351625 266435
17475 626335
497390 991522
493279 715106
875234 630279
905552 405511
277371 926411
298624 812941
566739 782782
521827 785103
125104 725305
589693 418614
177783 621676
156381 811823
481524 436857
936731 349501
703291 470557
975835 200681
462078 985465
432138 337311
615743 337689
259174 409465
780451 74149
738758 347190
856930 260584
132292 982033
985888 238336
400646 680023
860011 557027
491845 857887
993883 428575
207387 213526
899131 699573
930558 877560
685037 362695
731223 817131
216736 506748
226596 997186
580896 965353
344375 437825
225936 993019
936209 728176
231354 336855
924550 91365
410233 416394
465603 920467
361321 189341
133992 776803
405265 64549
170715 90301
943596 901937
907431 160331
408684 650378
673868 989579
615730 18243
943755 358018
11261 396315
602545 758966
249521 527094
366682 659753
459839 832284
96572 821159
21624 230563
114314 426888
811464 285028
33540 271411
186964 457323
948093 111999
107700 621960
617929 239782
640202 78035
597799 167814
474349 200343
926780 723870
243788 809813
899974 703626
642097 996545
41137 180072
743460 155450
123312 71275
956829 673203
342685 660144
130525 290777
772142 754577
912736 906422
994358 69290
984456 108508
753455 458804
825202 196586
699025 68989
6399 598999
772614 164847
595543 813750
344918 339002
485551 984581
410276 442379
657784 269312
102522 304660
560088 391015
575588 989176
297436 569945
574817 281891
194804 328271
257047 20005
524857 956071
605345 47607
555069 377959
212453 666964
708060 73722
5965 193611
58303 932593
635989 232438
201904 254863
537097 278344
645877 112685
267519 943313
198981 842335
741555 910137
686957 998601
930141 728165
471024 535486
775771 26092
429796 504575
209407 137855
578297 215372
331465 152951
664316 483806
385388 866219
738668 922484
144562 384544
551520 928432
844208 266853
287118 585763
176989 974075
100715 107129
702239 571738
158966 994362
114182 105113
498936 323588
242968 593584
55311 574432
746534 719626
574589 131921
585845 313256
570757 246758
214152 638628
691542 58359
905480 495011
644121 82468
469085 261188
705949 687676
832925 381266
198389 463458
486379 697324
787046 729346
807260 842356
820129 553793
561982 394718
202066 664178
707973 289174
427287 922124
927801 635180
496835 349633
130191 657307
432100 599275
918494 654400
803302 751419
35666 1690
214876 38396
215366 518273
767741 22625
360629 104221
92769 438962
498938 294834
619491 723263
584007 563129
161738 28160
198309 658572
377792 328499
315879 326243
444125 234372
980643 763779
502142 532660
765468 233370
571055 497185
751642 855147
519809 628622
959367 612578
583935 458305
423763 203425
697919 7770
282906 859656
552281 481214
34580 930072
326064 350458
772666 770188
101181 269660
533966 119675
802319 815786
353044 889725
312970 621037
744871 349131
249659 704238
478060 349945
678894 901822
69722 893164
425943 352627
752819 494575
833840 303750
424646 159903
170559 713664
446442 271740
983323 980408
907766 301994
312545 260809
191718 625514
398197 452941
490996 164207
157178 969055
514152 352423
387229 583873
245586 329523
936499 514756
824098 286690
334858 765095
962944 505416
478758 409385
293507 978433
906144 201272
280426 218688
978432 472143
360554 376629
925083 851549
540835 598612
336956 54986
467386 240536
155210 229323
570058 608060
260431 910507
411101 595288
675602 374044
100703 670711
299781 394210
649143 722276
111833 445920
457316 90265
918063 334221
466893 359497
702121 524079
474461 39076
95417 458198
795963 250626
687521 882373
375038 464303
792879 786138
59590 984832
676534 676644
171895 492666
587205 337389
214941 699038
783309 188608
789302 217723
522828 772546
93571 224949
296624 568031
780376 392040
26229 576339
159018 230101
458711 534055
694403 767941
836544 270344
752773 513077
946987 441019
5742 50544
778407 737035
749581 561715
925642 55234
295789 964822
344131 389360
189770 157106
473742 970145
65498 16322
62835 224515
246422 521545
274921 457176
289486 111464
727519 558610
140893 190858
999628 662986
241401 778034
400020 507333
856101 842014
78918 151889
806835 423048
57600 996604
96505 531342
483100 162002
547663 545935
902868 310437
583831 694140
283964 873316
321956 11483
431925 462848
718692 947904
125833 476444
725938 525853
500128 582038
884218 579045
250278 691052
518444 307878
204007 131300
839219 203458
293302 903233
749392 712521
730021 849575
406661 13985
722890 728616
25467 671167
191463 260510
619070 833647
253305 861359
875851 753432
959748 760068
848828 210026
451119 883623
34255 171477
14922 389825
374935 308223
293057 640678
20744 23078
490252 943756
553414 729494
672371 578880
917012 380185
355741 536081
213831 609045
913792 89682
878828 873539
366101 727655
599916 333572
611277 150522
505048 626198
540346 396334
450773 349755
553364 471516
889184 559967
931623 442597
289460 603993
537828 722823
500529 409920
775256 230711
18964 689047
320392 897791
78937 686493
141797 678853
536416 753073
345726 41463
895622 886072
954149 346394
752178 507512
334261 157713
67478 265883
600309 873290
386227 654488
596112 886755
64407 371367
117466 599722
576765 954209
13864 655702
157053 155660
850906 693468
425084 196631
251283 320705
599054 205431
667099 867583
229294 1359
25295 813123
267242 625603
202764 169820
280090 315228
56575 860848
686594 690392
460569 779711
160952 474432
435412 318005
146443 802669
527824 571526
515651 779106
892231 114705
500888 559329
982287 730181
77039 7582
59656 860632
149536 262419
30452 945978
577646 603378
806825 780592
810121 783746
560302 971072
258177 512065
805428 404620
314733 333252
492497 830383
628709 384727
461439 645949
460407 960078
892481 537446
967659 952136
914429 633546
730907 461232
579523 308552
64609 902700
89143 391081
686445 165796
362153 460973
194212 683932
381944 508944
533535 874441
855679 162244
775519 833469
324544 752278
793546 217024
806075 277556
685512 720503
911102 416418
181735 6976
724969 762695
426027 330464
153776 628823
12611 32280
89796 206823
716211 988091
232118 249746
378883 87796
928341 670754
921265 769236
423031 714810
986259 229105
992366 188122
949607 419819
604539 647693
426794 845860
410388 369173
176323 80515
997995 705285
112794 87790
912107 345356
592233 144225
111453 487467
748372 556145
158220 669636
325380 581250
900798 827991
326706 409515
16112 276313
345685 620651
440357 288830
466510 367096
658002 159184
447610 655997
864468 76755
260138 292927
938463 852370
437151 566267
856189 701874
122412 14408
887862 447791
112010 788659
792133 438715
714525 808245
231379 60209
945247 671736
349038 928108
38831 523392
87291 2793
179388 468110
595899 439525
761036 50713
808247 714538
616980 664435
416412 739391
678842 304273
703533 790851
609283 495666
745918 840159
820262 977296
416719 765508
649031 282108
693615 204214
805499 297257
723358 984886
281718 835608
940763 42754
886321 749009
273643 503300
929795 206406
759042 608636
510678 978926
915839 636312
990943 178108
476470 811204
155403 893188
93063 320786
691648 303029
524999 497146
116637 764708
482032 398355
600315 422794
441108 2987
688154 231102
22638 617948
437508 781679
742935 464537
276957 175125
100849 267899
353232 93670
595455 508635
503210 204869
829420 194857
507898 870770
692002 624534
635477 690385
22888 752143
113178 980347
755130 317683
211449 777767
935630 165308
75798 678565
629844 869106
853689 730692
137004 206921
340714 248810
231907 360275
453679 61326
555131 961576
932095 763484
102461 83923
453869 641701
836065 83398
622047 591194
401081 349847
885313 853062
515154 477462
531626 144998
346567 901667
392041 999922
624939 249106
248732 856845
609380 218762
918170 164510
180337 366616
927994 799149
450538 898214
440849 286602
497963 62896
394148 899043
929094 795812
268457 444248
273273 800082
105597 136191
218100 497637
652464 843038
746743 417547
216234 872474
636308 134403
36984 816644
501018 481329
132145 467907
895894 572993
754509 393856
152240 148656
809251 81334
944467 77707
41933 734091
394140 147529
386633 612240
161517 39096
971629 424611
456643 187863
297085 92950
838617 850420
425946 855987
848100 558090
323893 743993
647434 594753
654200 799674
743408 463450
397359 204226
541156 439291
454668 935296
103171 357652
63887 264687
396748 35515
205650 369742
739729 502734
979043 578346
869505 404988
434332 717604
479429 274576
977948 126863
869329 632147
442888 129088
611949 840246
849666 669456
279536 304333
604751 899058
661985 184989
163744 575084
220504 885745
461177 476584
904830 440219
54929 774334
845207 5612