1000
203283972
1496449691
1521531530
789312643
660562992
371846371
446300569
1141740895
2039242729
156558732
932002119
210449063
722001343
580908479
149404051
1025475199
1854300768
1986020687
1409400200
1755168898
1949650531
806101171
20399044
772744223
1198577395
2010460730
944164450
1738721220
677784779
1971245510
1362337126
881068750
1320211552
736385008
1670381392
1980774543
1108231378
2116681961
975031789
999990458
125757044
1907033907
1210439521
847758386
340458737
1359843571
1873233584
47275856
1198380609
1135150135
1802444754
1000547491
1941251306
1822843797
1773291713
992345052
1685820879
569972514
583582623
216122009
393734375
1945919749
1097190758
1713945926
534821108
620088502
1547236820
1643052485
589286814
374784960
495559295
715043857
134335218
1705998815
1562802242
474793954
918358737
1288552178
522069810
2116739345
276218664
177030915
969803188
69986321
1999874711
595611252
1062331373
1538211941
1165583766
1645913995
1754333949
1559318140
1444350095
704041059
1125780418
1979171202
1324129560
525533589
1474740039
1913416373
900318549
1970299333
480976581
1034653766
1528814499
2043778822
1509447720
299689587
1184847351
2031517529
268945283
1461066015
61064795
1238748470
1531052335
2060939505
1834359722
445900059
1451667798
852459839
2091814054
1058518098
264294330
1388680500
1762559156
1390074747
1220368054
939205067
1915608336
547624444
705137791
668443236
370440128
1186114371
1703097001
1899254626
1082409545
1065061072
51460564
119773247
949094952
320405846
1580839261
1010159746
1559154316
964407948
923615603
1246030389
1410308006
227799752
2098490227
1354638411
1286317849
215300908
595835263
901393357
1605375655
1816203316
1840598423
1373500342
216344111
398252566
2041943577
586784238
1584366936
1597556929
338555215
519292832
515134353
390015778
639066079
1464229304
710421623
72421691
326905402
122092290
1036829638
1250521004
1368122678
299653996
1478320755
1319129256
1654292406
617154955
1534430164
102644020
1518548311
992322170
1918847335
1211663086
218338863
2135191445
1609915651
112798791
574492034
1046798938
1710355719
913047248
1566091770
78006423
1303063025
57674200
1542235727
2013484648
130095890
1869141128
2135576937
1166925528
972178483
1356215967
1466579523
303015589
527861574
973388280
920170543
2062291737
1076032300
291235206
907130258
847395986
1502898291
1125469120
835103783
965330293
1238267910
1409595816
2012129230
801139981
175159416
1430737351
879146403
1478222440
1488411550
273898481
1344223439
1618507440
2143039608
1332316728
637949319
967734442
541049046
2104528841
1270750030
1068910619
930433472
43436925
983718708
2006465771
334672130
1890848965
706378109
1837570420
868834437
1541481891
655417064
2107102346
803594058
520062645
760758678
978753473
1950799996
1639905081
309492265
1291727897
1913803561
1653715703
762751688
1909359521
838548782
1400701006
729610314
1379597827
1357746198
2000360344
301024798
140696022
2043797268
1284743505
2147161792
230985749
1028108821
706056252
2068556168
1896943257
100054494
576489583
1856561955
903648552
1096552227
469836984
1882402024
899868574
2109742064
44410640
44112823
1876061977
1698126343
806864510
1637937849
389191476
60081868
220064514
1768789303
1417828065
72941209
2069814100
1558524086
2116738476
1207073956
1558202230
200240576
87699128
116774833
121313095
1984642385
216829327
697802677
1693720691
1120477878
1794354904
16074026
855396253
546739829
2125816090
899806893
590852651
1854394418
450449587
1397717161
1344848618
839641062
1457799028
1564913131
460946716
728143444
1637854340
383277167
139183882
1607109167
1590351122
1697386111
1807349743
1678050250
1814160943
1928662837
1515208986
2030990269
478981866
1061446028
1003984498
125853121
1077520053
1859380751
672592949
1055852494
611703995
1263445600
762763263
1062153581
513679112
2107611880
1901794642
1971478139
1525041363
215257710
552137934
1015412054
598534876
691321815
475037572
41402350
241224277
134903666
1719452599
2055385220
2063566503
1087177936
1938891840
395064720
1140315
795392690
520917840
1078660367
507289792
1193510788
2134512861
1118993786
309472739
749792475
33663718
823151850
709920707
1935458359
647146340
87478421
3232420
1199284274
1102890474
601767296
1890606088
1577928045
643169645
2131830365
1712831711
215138595
2039731936
1628914565
1302316530
1831140127
2023979284
1303456844
479049168
397413475
234633562
986338959
1590924262
221662774
2105332744
1900397001
971455249
2138996461
576065202
1681375955
1926971172
1223211542
1768854375
1930203591
275012167
724261200
384487238
18134606
154705596
1027656882
2481322
1867537306
1242795476
2042213257
1348968222
397628357
1725869736
1225463857
1701085200
57435255
1622877331
1935718762
1043774214
1066317945
9897887
1001623309
819231297
981353135
993136122
1395296498
515245441
772623645
471024391
136616167
555343587
746036557
860877366
939830825
764171163
1015582962
1967487706
766652484
735636619
1062799534
661382093
2084604841
1460427890
239768180
1162585049
1014029442
297203434
637978732
802264555
1340977647
1704296676
812162441
195117308
376044324
1793515576
1188253429
1771340821
161277368
1960877073
94881564
297893535
368737011
840918120
1158770900
1308567835
1605089282
26870213
1128571893
224258118
762506832
43887778
885640210
699628024
1504315667
1125408389
1862213072
370861460
1422611822
352708155
1173126014
616105821
2057004830
1985288455
811223128
285565505
1631320382
1999476556
2056906326
1792597749
1812869980
4304241
2090491283
34123342
845222360
1101778535
1342691177
302827994
1128648747
323779421
527086111
1891155578
367667198
1412726320
443299953
1871982864
390651060
158029377
95360676
1813262881
510737531
1268486689
281885053
420258713
1106291495
1093108180
705824217
590128228
945101087
615246894
235242329
610487418
619551134
178249963
644610760
1464773494
1280028497
1987301936
1767601487
261193596
163597708
147203949
4865525
531264905
1559930268
448165478
255764120
1950581327
606194854
351124795
1616360559
1116932384
1619611484
1898245612
1537191096
578419330
843870143
95531665
1168547558
1788971230
710778558
1403789886
251974999
1330329692
1582039848
896585758
647619537
714584697
736404045
267737375
975778292
900001752
414941323
980643816
1431266656
1974871590
1428809293
1687030776
1777969268
2035004146
2038155570
1246846178
1004452882
1510283405
997608141
394160329
2088702735
1841478284
489691993
1109766644
1482965865
1200470551
366072881
1734940863
383316594
1948112728
484042973
1030936130
515213776
1220447017
1298673504
1490992067
2120448769
1713614826
324152235
1404231776
1541002767
1752961527
943778903
1171488386
1640482025
834450825
270850915
497451258
197250581
1268459056
891611586
138469667
962453691
1381303579
1248236310
297935907
434290481
1614309190
2032876769
817607074
1414938270
369436093
1848543203
1930152045
1589883110
999733058
1273660464
1562848230
565864235
1597812698
819596357
2106867001
1203290576
1763375260
1130871738
696288952
450342436
1401722652
1193740209
647593016
522698059
2085351795
786062683
1485151749
1319171725
2034298992
1783087655
1753462205
1501124534
1668480776
423585630
768579155
2037916868
124645184
551247551
1480316329
1124378241
1824908014
895680910
1690242475
1275237063
1715277267
1649625827
331043991
1331168878
633013916
1027332942
1781511313
2034736567
73589503
281620680
409950978
11457649
1067683362
1895102726
1330629373
954498706
1530706733
936607929
308139591
1051703860
1360193558
1076718745
942137079
1484838741
1627966295
274969760
461733333
1305390661
1170650669
4492159
433144075
738444287
1654117985
764188065
2069613164
139648252
1791521007
1703640828
26901170
1865110509
1985261508
436852147
1876568157
905461221
184471225
1059713881
1859959926
1715177957
1996321809
20615868
619398168
1209031718
1097334612
1561535246
546386810
577817259
1836505005
1008120142
1883207919
859672026
1012612300
168868345
1598116312
519246636
933056410
1520245828
658894887
577093768
1076403007
685796056
294720628
914180866
1122648203
23805136
1819642087
1307119427
1083519016
1532118364
874813735
932357176
1552734232
1494211902
2141388893
502585195
908263499
540292054
1080402453
597284856
1548412195
816126723
1456956881
413540846
984995068
907589544
932787481
1918051477
280351723
1591682367
347661596
1356754730
129994774
642382223
123451947
1252642976
666187358
1943094033
412278754
1749706373
1327728749
1287092488
534579900
732979332
633820741
528485144
1235564526
1542084240
1068777197
168483331
2139369095
469705743
984610053
1448842327
883246588
1969605120
208948222
1816034068
1740172948
489299945
1260232786
2087834543
1846054674
1390227559
582733117
1969506620
495386887
1248920474
1765117005
907665640
851143198
945362105
47274480
1385723097
1678341436
681095220
1914208240
766422313
75695811
835501788
934905643
67581257
1305207530
1919515696
1516423583
40970469
1741637167
1725371805
1857004536
1334326467
67188101
969753673
1274677361
1913242774
212497584
1857410478
1735265745
707884470
958847303
1352899101
1615550109
1809990501
150777557
1662824588
1048229949
1829118992
196436160
814954541
448057657
272131970
1650456328
1382963299
339713227
808180210
1154995346
1856136809
849150678
749148865
1434024965
558671566
2083475331
1501213065
1528425238
1210669043
1266972190
1740922821
920595872
854754287
301323642
1879443175
60169739
1916873751
1541950027
210947296
1432214690
442696327
2040066287
1628650849
1257650867
340640295
1900782819
760623547
1723603594
93012397
1568803756
731115291
1949149205
270470785
1480264155
1235690522
829142350
1416255837
589419938
210083940
479441232
1856392128
1951006760
1400037103
563662766
104846754
1131996629
623832504
2021720504
526463007
834779799
1306451545
969159334
727362438
787618746
79326552
1068002732
540917916
839950098
644122677
633930312
261270205
1375237968
435595868
531740990
708018474
1671286389
1360883339
2124274311
113222679
1570967278
456231894
1969614806
1374490390
1856268996
385793923
1479337143
840781977
1009626426
1353573998
1367244983
1844406225
512541894
188920668
424285014
1300160639
268247220
1492287745
1841078554
1108197317
2136410422
327525217
1369467522
1364164741
763121085
1901208511
2072183214
286923825
1114608201
2048973876
400146503
538091831
357722121
222277660
1912582220
66507469
608071582
1244435714
907289445
1617698008
450526063
127050779
1314620584
963067956
315971447
1738905597
115744947
584218666
1083709693
1956823500
1692415982
1072636466
136865069
914399855
289317558
899986153
668124717
214017124
1186909977
1782732918
115507351
1587056480
173341100
473229472
1809334139
