1000
1804289384
846930887
1681692778
1714636916
1957747794
424238336
719885387
1649760493
596516650
1189641422
1025202363
1350490028
783368691
1102520060
2044897764
1967513927
1365180541
1540383427
304089173
1303455737
35005212
521595369
294702568
1726956430
336465783
861021531
278722863
233665124
2145174068
468703136
1101513930
1801979803
1315634023
635723059
1369133070
1125898168
1059961394
2089018457
628175012
1656478043
1131176230
1653377374
859484422
1914544920
608413785
756898538
1734575199
1973594325
149798316
2038664371
1129566414
184803527
412776092
1424268981
1911759957
749241874
137806863
42999171
982906997
135497282
511702306
2084420926
1937477085
1827336328
572660337
1159126506
805750847
1632621730
1100661314
1433925858
1141616125
84353896
939819583
2001100546
1998898815
1548233368
610515435
1585990365
1374344044
760313751
1477171088
356426809
945117277
1889947179
1780695789
709393585
491705404
1918502652
752392755
1474612400
2053999933
1264095061
1411549677
1843993369
943947740
1984210013
855636227
1749698587
1469348095
1956297540
1036140796
463480571
2040651435
1975960379
317097468
1892066602
1376710098
927612903
1330573318
603570493
1687926653
660260757
959997302
485560281
402724287
593209442
1194953866
894429690
364228445
1947346620
221558441
270744730
1063958032
1633108118
2114738098
2007905772
1469834482
822890676
1610120710
791698928
631704568
498777857
1255179498
524872354
327254587
1572276966
269455307
1703964684
352406220
1600028625
160051529
2040332872
112805733
1120048830
378409504
515530020
1713258271
1573363369
1409959709
2077486716
1373226341
1631518150
200747797
289700724
1117142619
168002246
150122847
439493452
990892922
1760243556
1231192380
1622597489
111537765
338888229
2147469842
438792351
1911165194
269441501
2142757035
116087765
1869470125
155324915
8936988
1982275857
1275373744
387346492
350322228
841148366
1960709860
1760281937
771151433
1186452552
1244316438
971899229
1476153276
213975408
1139901475
1626276122
653468859
2130794396
1239036030
1884661238
1605908236
1350573794
76065819
1605894429
1789366144
1987231012
1875335929
1784639530
2103318777
1597322405
1939964444
2112255764
1432114614
1067854539
352118607
1782436841
1909002905
165344819
1395235129
532670689
1351797370
492067918
1504569918
680466997
706043325
496987744
159259471
1359512184
480298491
1398295500
1096689773
2086206726
601385645
1172755591
1544617506
243268140
1012502955
1272469787
2027907670
968338083
722308543
1820388465
933110198
6939508
740759356
1285228805
1789376349
502278612
1450573623
1037127829
1034949300
654887344
1529195747
392035569
1335354341
87755423
889023312
1494613811
1447267606
1369321802
745425662
396473731
1308044879
1346811306
1569229321
705178737
1590079445
434248627
1977648523
1470503466
1402586709
552473417
1143408283
188213259
559412925
1884167638
1473442063
201305625
238962601
776532037
1238433453
1273911900
1431419380
620145551
1665947469
619290072
707900974
407487132
2113903882
7684931
1776808934
711845895
404158661
937370164
2058657200
1973387982
1642548900
1501252997
260152960
1472713774
824272814
1662739669
2025187191
1967681096
1850952927
437116467
1704365085
1176911341
638422091
1943327685
1953443377
1876855543
1069755937
1237379108
349517446
588219757
1856669180
1057418419
995706888
1823089413
1065103349
625032173
387451660
1469262010
1562402337
298625211
1295166343
1057467588
1799878207
1555319302
382697714
476667373
1070575322
260401256
296864820
774044600
697517722
2001229905
1950955940
1335939812
1797073941
1756915668
1065311706
719346229
846811128
1414829151
1307565985
555996659
324763921
155789225
231602423
1389867270
780821397
619054082
711645631
195740085
917679293
2006811973
1253207673
570073851
1414647626
1635905386
1046741223
337739300
1896306641
1343606043
1111783899
446340714
1197352299
915256191
1782280525
846942591
524688210
700108582
1566288820
1371499337
2114937733
726371156
1927495995
292218005
882160380
11614770
1682085274
1662981777
630668851
246247256
1858721861
1548348143
105575580
964445885
2118421994
1520223206
452867622
1017679568
1857962505
201690614
213801962
822262755
648031327
1411154260
1737518945
282828203
110613203
114723507
982936785
1676902022
1486222843
950390869
255789529
1266235190
1242608873
1137949909
1277849959
777210499
653448037
1908518809
1023457754
364686249
1309383304
1129033334
1329132134
1280321649
501772891
1781999755
150517568
212251747
1983690369
364319530
1034514501
484238047
1775473789
624549798
767066250
1886086991
739273304
1750003034
1415505364
78012498
552910254
1671294893
1344247687
1795519126
661761153
474613997
425245976
1315209189
235649158
1448703730
1679895437
1545032461
430253415
861543922
677870461
932026305
496060029
828388028
1144278051
332266749
1192707557
31308903
816504795
820697698
655858700
1583571044
559301040
1395132003
1186090429
1974806404
1473144501
1739000682
1498617648
669908539
1387036160
12895152
1144522536
1812282135
1328104340
1380171693
1113502216
860516128
777720505
1543755630
1722060050
1455590965
328298286
70636430
136495344
1472576336
402903178
1329202901
1503885239
1219407972
2416950
12260290
655495368
561717989
1407392293
1841585796
389040744
733053145
1433102830
1887658391
1402961683
672655341
1900553542
400000570
337453827
1081174233
1780172262
1450956043
1941690361
410409118
847228024
1516266762
1866000082
1175526310
1586903191
2002495426
500618997
1989806368
1184214678
2004504235
1061730691
1186631627
2016764525
1717226058
1748349615
1276673169
1411328206
2137390359
2009726313
696947387
1877565101
1265204347
1369602727
1630634995
1665204917
1707056553
564325579
1297893530
1010528947
358532291
1708302648
1857756971
1874799052
1426819081
885799632
1314218594
1281830858
1386418628
1156541313
318561887
1243439215
70788356
1505193513
1112720091
1788014413
1106059480
241909611
1051858970
1095966190
104152275
1748806356
826047642
1369356621
970925434
309198988
887077889
530498339
873524567
37487771
1541027285
1232056857
1745790418
1251300607
959372261
1025125850
2137100238
126107206
159473060
1376035218
1282648519
478034946
471990784
1353436874
1983228459
1584710874
993967638
941804290
1826620484
2045826608
2037770479
1930772758
1647149315
716334472
1152645730
470591101
1025533460
2039723619
1001089439
1899058026
2077211389
394633075
983631234
1675518158
1645933682
1943003494
553160359
1635550271
2069110700
712633418
864101840
1204275570
1190668364
1336092623
410228795
1026413174
773319848
1404196432
1968217463
452456683
1302539391
1858504293
235745792
802205058
427355116
1388391522
1272796158
1452888575
1280631492
126401948
1204462952
1210359232
521035022
40610538
738393741
19485055
1983614031
1291554099
1655035326
1905241082
2004187517
371653517
962033003
1047372232
1707746140
1372261797
2073785405
333582339
628974581
1894519219
786039022
1931513971
1605539863
1021784813
586235380
2032894978
262692686
1859031537
1338299905
1543324177
1985433484
395279208
606199760
358984858
435889745
1344593500
378469912
272020128
488663951
2033505237
29777561
345367819
257675106
991810564
1392740050
1965421245
216588712
1319041806
151519935
845563292
1066077376
937558956
629593615
524133590
1959343769
1215828994
409544919
74552806
927376883
1747844823
1617876983
765326718
2143124031
76593094
1124311575
431530127
1421186594
1502781487
703550254
1909850544
1388803075
733327815
107734714
1646478180
1725138378
1500474763
1464415776
1941727089
672032920
1615935711
639806733
1738110295
406011018
1269400347
114760236
217871138
337745692
524305154
292423944
1265122574
124666329
1910300926
2030449292
120306711
1986894019
1007277218
551836837
1260596964
362575056
1255387091
1022963859
1751378131
1988714905
1130698572
1250372662
1566369634
483689686
567304790
1360613074
1155722605
35756852
2000419806
746349251
441767869
1122336504
861109486
659639007
1460082196
1385414640
952062950
577721121
1510080968
714880227
460686764
1630387678
554290597
1467963982
34740866
1814887561
1830539037
1290127956
690367771
1434433519
1131359212
1821066343
537322533
550245197
157272380
1104627322
1910858271
1312994985
1140384173
1763794428
2059344235
1582152041
738647284
772970073
94307399
51245831
10901064
1046370348
628966951
1520982031
1761250574
1089653715
1003886060
168057523
410134048
1038626925
1982945083
93189436
181271233
525829205
1527622955
1312630444
199411899
2064945487
1862875641
356684279
1022089160
1626250263
1669679263
14989684
1242561042
1581539849
1597141724
1981208325
207026273
1691449123
2032454155
217927336
590335822
513937458
1738909366
204102748
1603591172
595311777
372160270
2013725219
1633938702
207621704
2106914654
1815209934
733450908
1487053960
980356729
932862807
1404515798
695748721
1289547085
279121309
174515335
811742699
294110992
1417076377
245798899
1891252716
1250801053
452825172
1435218190
1135771560
670752507
2025554011
1649709017
262178225
82173110
1105816540
857490001
454333379
972058110
343945054
661955082
931489115
11671339
1395405990
271059427
992028068
180785148
1675575224
1687776788
1470332232
1954696533
1862292123
134591282
101323876
1131884851
380390180
1992576591
235202255
833215351
1280311132
1370973814
1503967858
1158381495
873199182
1766146082
1240554604
1979015721
476152434
1694887983
803590182
820097488
209359416
1735079297
831768826
1604765405
2006138723
1823796893
1785550552
1534230298
1364090033
1108399135
1341443182
1078898507
1242990416
1442767058
63299709
1623380596
1287860000
298501963
309112298
420687484
1669475777
1813080155
1579068978
395191310
1431742588
672139933
226723383
1907895022
219544267
1030313564
580508861
428903683
617909212
1412277686
2033669087
476564286
1088590931
1671735991
2010794584
305197315
632651477
1204754117
1384095821
1875641893
500037526
1447395529
1351538840
1787897526
1745897491
1660651137
61101361
1267889619
1326247644
1640170338
1663080929
610506583
164826622
1889804311
370917956
384370889
772634226
951426816
813274571
1390543438
216220854
699460009
1867107723
1304811784
223712351
1730418658
1610009098
856363828
787689127
846621270
584522072
1287726652
146533150
1936060911
928140529
1892430640
1449228399
989241889
1012836611
627992394
481928578
528433891
1238498977
646755200
270754553
1609416932
1031126088
1043388778
413360100
1844400658
286448567
629580953
396377018
6072642
1934392736
620089369
1736491299
1396918185
1476453196
376696777
96055806
2060975267
1664423429
242588955
1849552529
445080309
2135019594
1151297279
1434322198
1000372556
1779289673
1916250775
1528806446
870305001
415522326
1799560998
332238284
1446648413
695466128
745598383
1143565422
