100
4095 5432
3412 7428
3199 8651
614 3447
1850 7883
3599 7637
4210 7261
5755 7178
3360 3802
948 5121
4062 8415
8809 9256
3744 8807
9898 9900
2088 3077
1917 6222
2606 6083
761 9386
6689 7080
8640 9642
6316 7268
118 1818
6993 8312
7622 9537
5341 7904
9127 9714
1372 5345
1413 3301
3817 5066
8963 9285
5841 7403
4167 9377
7898 9062
422 934
3570 8840
3629 9814
3928 7618
6026 7210
3257 3639
6877 9214
2905 7331
3212 8729
3029 5813
8828 9504
1535 2950
9045 9333
4021 7323
232 7729
5930 7037
9562 9900
8457 9526
3088 3755
2969 5468
4492 8798
4353 5568
2320 8445
8030 8351
5258 5403
8148 9874
2810 4969
4795 8183
4670 7332
6122 8048
1199 3251
2634 5822
9722 9800
639 9421
3692 8931
3978 5834
1048 7158
7037 9641
323 7454
3436 6989
4574 7703
4502 8306
2511 6490
2222 7861
3925 4067
3311 9390
3997 7253
8339 8814
2087 3954
8504 9155
2378 3916
8025 8249
6205 9445
4533 8427
7749 9854
2390 8773
3670 4316
5458 6776
8892 9562
3727 6468
9148 9816
6048 7895
287 7747
9657 9901
2536 7850
8797 9654
2499 6157
