1000
4095 5432
3412 7428
3199 8651
614 3447
1850 7883
3599 7637
4210 7261
5755 7178
3360 3802
948 5121
4062 8415
8809 9256
3744 8807
9898 9900
2088 3077
1917 6222
2606 6083
761 9386
6689 7080
8640 9642
6316 7268
118 1818
6993 8312
7622 9537
5341 7904
9127 9714
1372 5345
1413 3301
3817 5066
8963 9285
5841 7403
4167 9377
7898 9062
422 934
3570 8840
3629 9814
3928 7618
6026 7210
3257 3639
6877 9214
2905 7331
3212 8729
3029 5813
8828 9504
1535 2950
9045 9333
4021 7323
232 7729
5930 7037
9562 9900
8457 9526
3088 3755
2969 5468
4492 8798
4353 5568
2320 8445
8030 8351
5258 5403
8148 9874
2810 4969
4795 8183
4670 7332
6122 8048
1199 3251
2634 5822
9722 9800
639 9421
3692 8931
3978 5834
1048 7158
7037 9641
323 7454
3436 6989
4574 7703
4502 8306
2511 6490
2222 7861
3925 4067
3311 9390
3997 7253
8339 8814
2087 3954
8504 9155
2378 3916
8025 8249
6205 9445
4533 8427
7749 9854
2390 8773
3670 4316
5458 6776
8892 9562
3727 6468
9148 9816
6048 7895
287 7747
9657 9901
2536 7850
8797 9654
2499 6157
5049 8173
1192 3229
7563 8269
6625 9163
3857 9358
5771 9304
1526 3554
8522 8963
8662 9388
1999 3108
8597 9966
3710 9570
5819 6416
7549 8872
3223 8475
4461 8881
6787 8055
6402 9292
3998 6794
5470 8268
6825 9575
4922 7331
5129 6303
9923 9990
1807 5509
5463 5995
9879 9996
5615 7781
21 4217
6663 9588
8603 9898
8473 9889
3077 4287
8352 9686
2179 9297
626 1611
1036 4910
1403 1631
5643 7238
9845 9898
4921 7303
7028 7191
1339 9131
3035 3255
7937 8921
5948 9015
2987 9512
9225 9260
7688 8814
4886 8706
4243 5662
6654 7771
7034 8211
8550 9171
2769 9582
7936 8982
6864 8952
6956 9150
4428 9847
8759 9693
1616 6468
8693 9314
153 428
3350 8579
4 6789
5232 8283
7942 9648
8503 8718
7646 9224
1165 6824
1971 6982
1734 3165
5111 9697
5485 8634
693 6665
70 8498
1104 7033
5230 5674
8597 9803
2590 6301
8689 9715
9818 9829
3581 7294
737 6100
8076 9931
8389 9450
8153 9007
605 3598
4866 7533
854 5051
1364 6098
8924 9803
7571 8303
7142 7570
2417 4449
359 929
1455 4688
3563 6666
3199 9479
5223 8411
5785 9757
9447 9687
5924 7792
5391 5758
5226 6014
7347 7869
3953 7671
6803 8490
1097 6185
3678 4231
4803 5334
5328 7645
2008 3126
8607 9784
9655 9747
5900 7935
3943 7277
892 3549
1424 3114
6812 7516
460 1080
6230 8861
4995 9874
3709 7347
2241 5313
844 1937
4024 6677
6435 8697
6207 6738
1326 1618
5174 6654
4727 8118
2502 6747
5143 6819
5182 9306
5787 6195
3635 4261
8083 9346
9988 9991
4479 4550
7678 8878
2432 3726
3761 4573
1893 4292
9506 9896
6387 6957
4264 8777
1597 6698
5091 5974
4547 4551
7046 8511
1873 2891
1376 2286
7020 7535
786 9211
9236 9410
9894 9980
1942 3246
9323 9503
768 8677
4789 5041
5529 7591
7340 7597
9455 9668
8710 9449
8082 9356
7861 8900
602 8249
2348 4080
7263 8564
5556 9347
834 1354
8698 9368
937 8266
6716 8631
7936 8989
9597 9616
5309 6361
2688 5820
9254 9573
2044 2506
4064 6924
6960 9969
2483 3948
135 3641
9671 9945
7184 9188
7640 9216
8385 9703
9407 9946
473 2807
5178 8842
4103 9367
9227 9675
8918 9237
8152 9202
8901 9194
446 3878
5419 9109
6064 7578
8151 9478
4658 9112
6238 8063
2302 8072
4206 8615
25 4893
6738 7263
8149 9522
7804 8025
1218 5012
9840 9923
6018 9330
358 6777
6677 9449
3534 5486
7886 9936
1842 8500
7339 9159
3492 8967
6430 8416
7575 7652
3650 6472
3678 5215
2864 5879
815 7777
8210 8625
2965 7793
2212 7312
1123 7904
8627 9029
2329 4007
3499 7603
162 6861
9795 9922
9417 9636
3975 8763
9122 9949
1432 6980
7152 7884
2174 8638
5054 6796
1186 4494
6147 7194
9825 9842
470 8121
4946 5848
2529 4877
5752 8653
4628 6437
4150 5139
1491 3568
4072 5899
3162 6385
3062 3562
1016 8650
3505 7098
4317 8774
6572 6756
215 4970
4013 5380
8272 9353
7029 7092
7770 8687
2748 3712
3583 7162
6095 8211
2807 9999
7152 9189
8800 9845
1089 4282
6285 8656
5791 6990
9545 9786
3919 8306
3144 9838
3772 9751
7014 7059
8695 9129
1392 7972
4005 8635
9468 9477
8884 9299
595 5979
6649 8469
6228 8933
3177 9100
9757 9970
4 634
5286 8116
9545 9935
6037 9324
8367 9367
7500 9376
9563 9757
2480 9209
3352 9774
279 2757
4234 8088
7978 8273
362 7355
7253 8076
3964 6607
9348 9429
1537 1911
8165 8619
3051 4404
5009 5097
3157 7054
6476 9962
6362 7323
7809 9139
752 4665
8116 8128
7042 7168
3623 9396
9291 9341
1333 2844
3702 6382
3065 5559
4839 6438
1647 7917
4135 9005
7866 8515
5733 6754
172 1390
7244 8768
6918 9100
3107 8895
951 7514
8774 9045
7882 9142
7905 7987
4282 4353
5439 9760
2319 5292
2715 2742
9857 9882
6992 9917
9225 9619
8578 9886
3943 5817
5112 9783
6367 6539
392 4851
2473 9687
5618 6502
220 5792
3031 6561
6943 7416
978 5386
925 8336
3333 6293
9108 9642
8845 9893
8245 9724
9583 9771
718 821
6828 8232
1224 1706
7372 9545
218 3879
7275 9617
1573 7943
7449 8613
324 2711
2876 6602
1867 8110
3161 6469
2624 8218
8723 9900
8323 8743
6619 8364
1759 4309
3006 6773
8930 9675
2103 7347
2303 6448
3322 9773
3758 8539
1375 7797
1955 8897
3928 5456
10000 10000
2114 8879
8274 9506
3976 3997
4032 4812
5059 9822
9324 9554
580 2375
3841 6885
7265 9531
2050 5866
1861 4772
3002 6526
3621 8991
7656 7924
3751 6127
6284 8660
1973 2299
9447 9593
7375 9980
2949 3507
404 2961
9795 9937
3378 3932
6700 8506
6678 6695
7361 9081
7563 8436
7456 9340
6809 8594
9169 9756
9115 9851
742 3796
3418 4367
163 4133
2751 5760
3987 9164
6979 7490
2701 3173
6702 8308
3818 8741
3889 6304
8950 9609
4918 6626
9848 9930
7985 8864
1240 8456
3769 9614
4843 6555
5065 8175
5448 5781
2217 9501
6762 8799
3950 4343
8507 9839
9784 9923
6889 8405
3750 9045
7172 8404
245 473
1894 9608
965 2916
2500 9855
4590 8968
6078 9435
1714 4183
740 4481
663 9641
2414 3005
7539 8969
6025 7636
418 8470
3538 9907
101 2721
1450 3528
3192 5844
7787 9707
3455 7719
8157 9827
9468 9664
48 8854
462 1184
7846 8377
3704 9800
6204 6465
295 1606
364 6551
8488 9266
6807 9816
2056 9391
5247 9019
142 9878
5325 8374
2791 4939
148 1824
7933 9203
2535 7140
8258 9515
4861 5210
8151 8635
6312 8315
3098 4594
1284 6858
1899 7165
3748 4415
5260 9672
8022 8409
9126 9127
7021 7056
750 4729
3797 4301
2061 2618
5648 6033
1494 9753
2621 3837
285 9045
504 4984
4282 4980
1980 9742
1011 2651
4763 6530
1413 7752
8960 9279
4948 4960
2516 3600
6460 6823
6490 7070
4756 9669
2529 4985
1847 6139
9856 9910
2611 5409
2699 6960
7795 8051
6564 7682
2460 3231
233 4849
5719 7625
3821 9783
9018 9774
4807 9838
5942 7755
1161 9984
4383 8698
3706 9820
873 7756
7346 7454
3696 8766
5395 8585
2625 3187
650 5273
236 9295
2615 6596
648 1105
6723 7103
2589 3922
5747 5976
3456 6680
5211 6254
9494 9817
4106 9084
4136 9096
1550 6053
710 5941
6533 7166
5819 9163
2818 9973
2460 3455
2946 7248
6663 8428
7485 9774
9535 9670
9372 9962
7934 9575
6726 9770
2234 6098
7030 8436
3971 6252
525 4048
8685 9175
9473 9531
5553 8967
612 6136
2987 8496
8892 8999
1626 8003
7211 7662
7452 8590
2478 5343
3873 6039
5270 9728
8409 9698
4378 9859
348 1735
7829 8796
7247 9178
9825 9869
6654 7657
5838 9836
6638 9122
9965 9983
2636 2884
6507 7254
3974 7128
4879 5976
5814 9947
705 4641
986 6101
8788 9991
2269 5761
3695 4540
9210 9642
1537 6901
9041 9067
6578 8344
8922 9948
6757 7312
3091 6739
5177 7586
6962 7678
3995 9254
899 2003
9268 9842
1116 8824
212 5332
9953 9954
3015 4713
1003 4179
7839 9323
378 8071
6533 6715
7646 9661
9585 9714
1426 6621
3046 3237
4922 5575
997 5286
9626 9677
7720 8038
5631 9545
3265 6299
176 8157
2055 9836
6965 8106
643 5283
9988 9992
9738 9870
8298 8666
1243 1620
57 2282
5795 7643
1254 3104
1782 4550
1683 5694
8511 9182
5912 6324
2085 2495
2564 2578
6991 8455
4337 4883
6452 9017
6188 6741
8972 9708
4093 8439
4652 7408
4624 7286
1444 5169
7730 7952
8689 9259
3122 5650
218 9131
3244 3755
5658 5667
1849 8845
907 7596
610 5692
4836 7016
7808 8553
5936 6451
6220 7107
147 6474
5537 8932
8403 9284
4853 4877
7189 9685
3193 3620
6808 8282
171 2441
3916 7850
6059 7152
3052 7445
5819 6439
1040 2175
3239 3502
7634 9250
1001 9999
5130 7093
6997 7062
8519 9680
4996 7629
7762 7894
7722 7822
5998 6148
4197 5925
5164 5908
2477 5756
1639 4996
5500 9556
829 5565
1817 7636
1398 2533
9977 9997
356 4641
9471 9966
6429 9534
5622 7935
7838 7900
9113 9891
9843 9957
1504 1624
5896 7979
3630 9380
3410 9388
8671 9538
9824 9888
5907 8037
2429 6407
9999 9999
7527 8462
704 8379
1740 3784
3493 7512
7753 9995
7284 9609
1073 1337
5769 7773
8603 9780
8127 8608
3833 7802
8337 8747
5571 6155
2319 3191
3493 3649
4036 8771
9074 9996
3270 6155
6689 8173
9905 9926
388 3630
9523 9866
1458 4051
5135 7309
3449 4175
4899 5903
7500 7613
7121 9712
4537 6522
8347 9399
1867 3486
8188 9655
2598 8064
5455 7450
4188 5867
6411 7634
7829 8664
8138 9838
8591 9810
4861 9937
1094 3676
9719 9813
3554 3813
4671 6722
2563 7906
3555 4662
7975 8723
8836 9831
4863 9623
4332 5937
6471 9925
5044 7494
8370 9389
9877 9882
3847 6204
6770 9014
514 6026
1198 5120
713 8873
1835 2029
7666 8285
4593 5531
7313 9006
7370 9288
249 4252
4745 6626
9524 9981
6235 8553
8562 9161
8298 9261
7279 8988
2364 8463
4031 6526
3116 4099
9776 9881
6381 8697
2403 3942
1116 6186
6435 7118
1291 7569
3593 9066
867 1095
9896 9930
2579 9858
5686 5703
3257 3505
7793 8972
8906 9902
9184 9821
5855 9557
398 2629
2936 2953
9096 9948
4783 7949
5205 5780
6317 8204
6675 7712
17 7021
6874 9672
7894 8343
4214 6876
1090 8971
980 6537
7627 8363
7092 7749
4493 6356
1649 4755
4442 6338
265 8210
50 3442
6121 6965
7914 8406
2450 8135
1696 4736
8106 8492
3629 7416
9960 9969
2580 8043
918 2894
7483 9505
6588 9473
4880 5080
3447 4400
6745 7948
2085 3019
7128 8398
6642 8323
2662 5237
1001 5818
6327 8277
2045 6050
7135 8987
8240 9383
7818 8304
2866 9983
1923 3156
3617 9444
216 8737
216 5678
4637 7039
4748 5318
5986 6290
9983 9990
4394 7094
5078 9443
2062 6841
5321 5914
5417 9842
341 5965
6399 7847
5819 9172
3106 9344
9791 9878
2556 6885
2924 3128
434 1732
3352 7501
3457 7718
2785 9002
2992 3275
4020 6497
8422 8476
3948 6605
3659 7957
4436 8985
8645 9323
612 2503
4735 6307
1454 4248
5478 6496
5375 8415
9381 9717
7101 8197
6477 9062
4953 7184
335 3623
2037 2210
8472 9385
8716 9694
4365 8563
2137 2536
6855 8657
45 1791
9921 9922
743 3035
9108 9407
5968 7167
7581 7845
8821 9042
2440 5904
