10000
4095 5432
3412 7428
3199 8651
614 3447
1850 7883
3599 7637
4210 7261
5755 7178
3360 3802
948 5121
4062 8415
8809 9256
3744 8807
9898 9900
2088 3077
1917 6222
2606 6083
761 9386
6689 7080
8640 9642
6316 7268
118 1818
6993 8312
7622 9537
5341 7904
9127 9714
1372 5345
1413 3301
3817 5066
8963 9285
5841 7403
4167 9377
7898 9062
422 934
3570 8840
3629 9814
3928 7618
6026 7210
3257 3639
6877 9214
2905 7331
3212 8729
3029 5813
8828 9504
1535 2950
9045 9333
4021 7323
232 7729
5930 7037
9562 9900
8457 9526
3088 3755
2969 5468
4492 8798
4353 5568
2320 8445
8030 8351
5258 5403
8148 9874
2810 4969
4795 8183
4670 7332
6122 8048
1199 3251
2634 5822
9722 9800
639 9421
3692 8931
3978 5834
1048 7158
7037 9641
323 7454
3436 6989
4574 7703
4502 8306
2511 6490
2222 7861
3925 4067
3311 9390
3997 7253
8339 8814
2087 3954
8504 9155
2378 3916
8025 8249
6205 9445
4533 8427
7749 9854
2390 8773
3670 4316
5458 6776
8892 9562
3727 6468
9148 9816
6048 7895
287 7747
9657 9901
2536 7850
8797 9654
2499 6157
5049 8173
1192 3229
7563 8269
6625 9163
3857 9358
5771 9304
1526 3554
8522 8963
8662 9388
1999 3108
8597 9966
3710 9570
5819 6416
7549 8872
3223 8475
4461 8881
6787 8055
6402 9292
3998 6794
5470 8268
6825 9575
4922 7331
5129 6303
9923 9990
1807 5509
5463 5995
9879 9996
5615 7781
21 4217
6663 9588
8603 9898
8473 9889
3077 4287
8352 9686
2179 9297
626 1611
1036 4910
1403 1631
5643 7238
9845 9898
4921 7303
7028 7191
1339 9131
3035 3255
7937 8921
5948 9015
2987 9512
9225 9260
7688 8814
4886 8706
4243 5662
6654 7771
7034 8211
8550 9171
2769 9582
7936 8982
6864 8952
6956 9150
4428 9847
8759 9693
1616 6468
8693 9314
153 428
3350 8579
4 6789
5232 8283
7942 9648
8503 8718
7646 9224
1165 6824
1971 6982
1734 3165
5111 9697
5485 8634
693 6665
70 8498
1104 7033
5230 5674
8597 9803
2590 6301
8689 9715
9818 9829
3581 7294
737 6100
8076 9931
8389 9450
8153 9007
605 3598
4866 7533
854 5051
1364 6098
8924 9803
7571 8303
7142 7570
2417 4449
359 929
1455 4688
3563 6666
3199 9479
5223 8411
5785 9757
9447 9687
5924 7792
5391 5758
5226 6014
7347 7869
3953 7671
6803 8490
1097 6185
3678 4231
4803 5334
5328 7645
2008 3126
8607 9784
9655 9747
5900 7935
3943 7277
892 3549
1424 3114
6812 7516
460 1080
6230 8861
4995 9874
3709 7347
2241 5313
844 1937
4024 6677
6435 8697
6207 6738
1326 1618
5174 6654
4727 8118
2502 6747
5143 6819
5182 9306
5787 6195
3635 4261
8083 9346
9988 9991
4479 4550
7678 8878
2432 3726
3761 4573
1893 4292
9506 9896
6387 6957
4264 8777
1597 6698
5091 5974
4547 4551
7046 8511
1873 2891
1376 2286
7020 7535
786 9211
9236 9410
9894 9980
1942 3246
9323 9503
768 8677
4789 5041
5529 7591
7340 7597
9455 9668
8710 9449
8082 9356
7861 8900
602 8249
2348 4080
7263 8564
5556 9347
834 1354
8698 9368
937 8266
6716 8631
7936 8989
9597 9616
5309 6361
2688 5820
9254 9573
2044 2506
4064 6924
6960 9969
2483 3948
135 3641
9671 9945
7184 9188
7640 9216
8385 9703
9407 9946
473 2807
5178 8842
4103 9367
9227 9675
8918 9237
8152 9202
8901 9194
446 3878
5419 9109
6064 7578
8151 9478
4658 9112
6238 8063
2302 8072
4206 8615
25 4893
6738 7263
8149 9522
7804 8025
1218 5012
9840 9923
6018 9330
358 6777
6677 9449
3534 5486
7886 9936
1842 8500
7339 9159
3492 8967
6430 8416
7575 7652
3650 6472
3678 5215
2864 5879
815 7777
8210 8625
2965 7793
2212 7312
1123 7904
8627 9029
2329 4007
3499 7603
162 6861
9795 9922
9417 9636
3975 8763
9122 9949
1432 6980
7152 7884
2174 8638
5054 6796
1186 4494
6147 7194
9825 9842
470 8121
4946 5848
2529 4877
5752 8653
4628 6437
4150 5139
1491 3568
4072 5899
3162 6385
3062 3562
1016 8650
3505 7098
4317 8774
6572 6756
215 4970
4013 5380
8272 9353
7029 7092
7770 8687
2748 3712
3583 7162
6095 8211
2807 9999
7152 9189
8800 9845
1089 4282
6285 8656
5791 6990
9545 9786
3919 8306
3144 9838
3772 9751
7014 7059
8695 9129
1392 7972
4005 8635
9468 9477
8884 9299
595 5979
6649 8469
6228 8933
3177 9100
9757 9970
4 634
5286 8116
9545 9935
6037 9324
8367 9367
7500 9376
9563 9757
2480 9209
3352 9774
279 2757
4234 8088
7978 8273
362 7355
7253 8076
3964 6607
9348 9429
1537 1911
8165 8619
3051 4404
5009 5097
3157 7054
6476 9962
6362 7323
7809 9139
752 4665
8116 8128
7042 7168
3623 9396
9291 9341
1333 2844
3702 6382
3065 5559
4839 6438
1647 7917
4135 9005
7866 8515
5733 6754
172 1390
7244 8768
6918 9100
3107 8895
951 7514
8774 9045
7882 9142
7905 7987
4282 4353
5439 9760
2319 5292
2715 2742
9857 9882
6992 9917
9225 9619
8578 9886
3943 5817
5112 9783
6367 6539
392 4851
2473 9687
5618 6502
220 5792
3031 6561
6943 7416
978 5386
925 8336
3333 6293
9108 9642
8845 9893
8245 9724
9583 9771
718 821
6828 8232
1224 1706
7372 9545
218 3879
7275 9617
1573 7943
7449 8613
324 2711
2876 6602
1867 8110
3161 6469
2624 8218
8723 9900
8323 8743
6619 8364
1759 4309
3006 6773
8930 9675
2103 7347
2303 6448
3322 9773
3758 8539
1375 7797
1955 8897
3928 5456
10000 10000
2114 8879
8274 9506
3976 3997
4032 4812
5059 9822
9324 9554
580 2375
3841 6885
7265 9531
2050 5866
1861 4772
3002 6526
3621 8991
7656 7924
3751 6127
6284 8660
1973 2299
9447 9593
7375 9980
2949 3507
404 2961
9795 9937
3378 3932
6700 8506
6678 6695
7361 9081
7563 8436
7456 9340
6809 8594
9169 9756
9115 9851
742 3796
3418 4367
163 4133
2751 5760
3987 9164
6979 7490
2701 3173
6702 8308
3818 8741
3889 6304
8950 9609
4918 6626
9848 9930
7985 8864
1240 8456
3769 9614
4843 6555
5065 8175
5448 5781
2217 9501
6762 8799
3950 4343
8507 9839
9784 9923
6889 8405
3750 9045
7172 8404
245 473
1894 9608
965 2916
2500 9855
4590 8968
6078 9435
1714 4183
740 4481
663 9641
2414 3005
7539 8969
6025 7636
418 8470
3538 9907
101 2721
1450 3528
3192 5844
7787 9707
3455 7719
8157 9827
9468 9664
48 8854
462 1184
7846 8377
3704 9800
6204 6465
295 1606
364 6551
8488 9266
6807 9816
2056 9391
5247 9019
142 9878
5325 8374
2791 4939
148 1824
7933 9203
2535 7140
8258 9515
4861 5210
8151 8635
6312 8315
3098 4594
1284 6858
1899 7165
3748 4415
5260 9672
8022 8409
9126 9127
7021 7056
750 4729
3797 4301
2061 2618
5648 6033
1494 9753
2621 3837
285 9045
504 4984
4282 4980
1980 9742
1011 2651
4763 6530
1413 7752
8960 9279
4948 4960
2516 3600
6460 6823
6490 7070
4756 9669
2529 4985
1847 6139
9856 9910
2611 5409
2699 6960
7795 8051
6564 7682
2460 3231
233 4849
5719 7625
3821 9783
9018 9774
4807 9838
5942 7755
1161 9984
4383 8698
3706 9820
873 7756
7346 7454
3696 8766
5395 8585
2625 3187
650 5273
236 9295
2615 6596
648 1105
6723 7103
2589 3922
5747 5976
3456 6680
5211 6254
9494 9817
4106 9084
4136 9096
1550 6053
710 5941
6533 7166
5819 9163
2818 9973
2460 3455
2946 7248
6663 8428
7485 9774
9535 9670
9372 9962
7934 9575
6726 9770
2234 6098
7030 8436
3971 6252
525 4048
8685 9175
9473 9531
5553 8967
612 6136
2987 8496
8892 8999
1626 8003
7211 7662
7452 8590
2478 5343
3873 6039
5270 9728
8409 9698
4378 9859
348 1735
7829 8796
7247 9178
9825 9869
6654 7657
5838 9836
6638 9122
9965 9983
2636 2884
6507 7254
3974 7128
4879 5976
5814 9947
705 4641
986 6101
8788 9991
2269 5761
3695 4540
9210 9642
1537 6901
9041 9067
6578 8344
8922 9948
6757 7312
3091 6739
5177 7586
6962 7678
3995 9254
899 2003
9268 9842
1116 8824
212 5332
9953 9954
3015 4713
1003 4179
7839 9323
378 8071
6533 6715
7646 9661
9585 9714
1426 6621
3046 3237
4922 5575
997 5286
9626 9677
7720 8038
5631 9545
3265 6299
176 8157
2055 9836
6965 8106
643 5283
9988 9992
9738 9870
8298 8666
1243 1620
57 2282
5795 7643
1254 3104
1782 4550
1683 5694
8511 9182
5912 6324
2085 2495
2564 2578
6991 8455
4337 4883
6452 9017
6188 6741
8972 9708
4093 8439
4652 7408
4624 7286
1444 5169
7730 7952
8689 9259
3122 5650
218 9131
3244 3755
5658 5667
1849 8845
907 7596
610 5692
4836 7016
7808 8553
5936 6451
6220 7107
147 6474
5537 8932
8403 9284
4853 4877
7189 9685
3193 3620
6808 8282
171 2441
3916 7850
6059 7152
3052 7445
5819 6439
1040 2175
3239 3502
7634 9250
1001 9999
5130 7093
6997 7062
8519 9680
4996 7629
7762 7894
7722 7822
5998 6148
4197 5925
5164 5908
2477 5756
1639 4996
5500 9556
829 5565
1817 7636
1398 2533
9977 9997
356 4641
9471 9966
6429 9534
5622 7935
7838 7900
9113 9891
9843 9957
1504 1624
5896 7979
3630 9380
3410 9388
8671 9538
9824 9888
5907 8037
2429 6407
9999 9999
7527 8462
704 8379
1740 3784
3493 7512
7753 9995
7284 9609
1073 1337
5769 7773
8603 9780
8127 8608
3833 7802
8337 8747
5571 6155
2319 3191
3493 3649
4036 8771
9074 9996
3270 6155
6689 8173
9905 9926
388 3630
9523 9866
1458 4051
5135 7309
3449 4175
4899 5903
7500 7613
7121 9712
4537 6522
8347 9399
1867 3486
8188 9655
2598 8064
5455 7450
4188 5867
6411 7634
7829 8664
8138 9838
8591 9810
4861 9937
1094 3676
9719 9813
3554 3813
4671 6722
2563 7906
3555 4662
7975 8723
8836 9831
4863 9623
4332 5937
6471 9925
5044 7494
8370 9389
9877 9882
3847 6204
6770 9014
514 6026
1198 5120
713 8873
1835 2029
7666 8285
4593 5531
7313 9006
7370 9288
249 4252
4745 6626
9524 9981
6235 8553
8562 9161
8298 9261
7279 8988
2364 8463
4031 6526
3116 4099
9776 9881
6381 8697
2403 3942
1116 6186
6435 7118
1291 7569
3593 9066
867 1095
9896 9930
2579 9858
5686 5703
3257 3505
7793 8972
8906 9902
9184 9821
5855 9557
398 2629
2936 2953
9096 9948
4783 7949
5205 5780
6317 8204
6675 7712
17 7021
6874 9672
7894 8343
4214 6876
1090 8971
980 6537
7627 8363
7092 7749
4493 6356
1649 4755
4442 6338
265 8210
50 3442
6121 6965
7914 8406
2450 8135
1696 4736
8106 8492
3629 7416
9960 9969
2580 8043
918 2894
7483 9505
6588 9473
4880 5080
3447 4400
6745 7948
2085 3019
7128 8398
6642 8323
2662 5237
1001 5818
6327 8277
2045 6050
7135 8987
8240 9383
7818 8304
2866 9983
1923 3156
3617 9444
216 8737
216 5678
4637 7039
4748 5318
5986 6290
9983 9990
4394 7094
5078 9443
2062 6841
5321 5914
5417 9842
341 5965
6399 7847
5819 9172
3106 9344
9791 9878
2556 6885
2924 3128
434 1732
3352 7501
3457 7718
2785 9002
2992 3275
4020 6497
8422 8476
3948 6605
3659 7957
4436 8985
8645 9323
612 2503
4735 6307
1454 4248
5478 6496
5375 8415
9381 9717
7101 8197
6477 9062
4953 7184
335 3623
2037 2210
8472 9385
8716 9694
4365 8563
2137 2536
6855 8657
45 1791
9921 9922
743 3035
9108 9407
5968 7167
7581 7845
8821 9042
2440 5904
404 7987
7610 8720
3475 7408
7984 9690
7344 7744
3985 4907
4505 7022
2463 4912
865 1896
1691 6343
3763 9009
7969 8262
7358 8894
4182 6594
5036 8317
9546 9630
3499 5135
8448 9407
1339 8625
9099 9115
255 3408
2172 4179
3399 4417
9107 9921
7472 7513
7948 9481
3893 5020
8660 8924
1273 1310
4433 7954
7288 9822
138 1576
833 6241
1521 6791
1797 3021
7486 7719
5151 5174
2574 8732
6500 9383
3338 6835
6315 6906
1248 6407
171 3770
9163 9260
5688 8741
2321 5707
3498 5035
1363 2912
2869 4625
8754 9027
5345 8421
9957 10000
6692 8415
1692 7468
11 3690
7906 7958
9610 9744
8257 9984
2261 4525
3381 4589
5844 8644
2368 5888
1778 7128
8399 9373
4055 8989
2394 6665
4847 8957
5004 5895
2916 5911
8657 9893
1289 3934
6436 6594
9001 9214
7108 9677
9890 9902
8715 9807
580 865
2580 3364
381 1714
9550 9922
3839 6141
3512 3683
4845 5494
9060 9302
4813 5630
8361 8619
5102 8316
2942 6401
9760 9920
3340 8204
1310 7781
9683 9792
7716 9746
4637 5438
2672 9196
5185 9180
7889 9534
9862 9950
7854 8521
2789 9991
4236 8731
2863 8916
4381 9249
4416 8649
8456 8877
7623 8593
3459 7042
5369 9451
7420 7420
7193 8323
8397 9828
643 9561
8344 9399
1968 7526
5213 5303
8678 9059
7467 8578
7854 9752
1923 8661
2305 4381
6241 6925
4117 8495
8062 8363
2269 3068
1057 8706
5204 8771
5983 8256
3732 5446
8405 9884
8105 9883
4629 5857
6677 9532
2426 9855
7969 8679
3102 3303
616 7231
799 2773
2509 4038
5417 7294
5947 8364
746 2907
9095 9103
9479 9628
8877 9167
6960 9901
5695 6431
3570 3937
1112 1510
5737 6475
7958 9815
1334 8032
4170 7230
7449 9783
3074 9819
7333 8894
9554 9769
3805 6804
4504 6169
1242 2115
686 5104
1474 9314
5156 8723
9990 9999
1978 8868
4203 5647
2217 6515
4739 6324
6004 9742
6115 8050
2803 3163
6793 8609
7861 8968
182 7553
3894 4336
3768 9078
4491 8574
6929 7868
1812 3960
1094 7236
4777 8307
763 3519
3121 5973
9026 9797
2373 3517
746 1939
7869 8640
190 1305
4807 6582
6263 9971
1789 3144
8791 9444
6852 9697
1913 4651
1886 6248
2529 6454
2406 7477
9634 9686
8350 8708
2157 5380
8978 9557
1402 1451
4810 7386
2851 5755
6732 7691
7279 7649
8976 9256
51 9045
6885 9622
7276 9968
7136 8520
6697 7972
6336 7009
8086 8939
1816 7203
2544 8941
8263 9791
7589 9009
5603 9633
7602 9679
4682 9053
8872 9559
9297 9693
7875 9672
5582 6410
167 2599
1134 6736
5829 6443
8417 8623
4734 8599
1440 8579
8787 9818
307 393
6529 9889
9397 9540
2976 9217
1490 7658
7900 9039
3261 3668
2032 3191
539 1643
9614 9866
8277 8384
3533 8480
4231 8432
1556 8950
89 5099
9958 9991
3735 4545
1918 5582
3089 6892
3366 9768
3931 5195
8742 9915
3571 4630
7125 7815
1395 5305
5122 8562
639 2173
6335 6465
7801 8189
3156 4030
5851 7641
786 4308
4206 5679
287 415
6338 9331
3961 6277
147 1242
1452 9771
2092 3925
5248 5827
7636 9048
1972 6631
8376 9343
1109 8608
5925 9984
6554 9538
8931 9843
4349 8301
4242 5470
7347 9745
5626 9448
6754 7049
8850 9517
8309 9342
6230 7983
3893 4362
9563 9765
6949 9987
5162 9462
1952 4818
9400 9895
2541 6829
3528 5265
6194 7185
6652 9153
1261 4173
2412 6428
6645 9029
4245 6720
1015 9925
2457 3937
7103 9074
6171 7943
1985 5833
5592 7392
1599 4430
6058 8876
218 6193
3107 9092
4294 4483
494 4674
6317 6471
7887 9036
1959 4438
3952 7651
1904 7968
5219 7268
883 6429
5526 9820
377 1694
8138 9741
9459 9485
9811 9863
5865 7119
6073 9912
6896 8444
4581 8521
9663 9734
9639 9726
4786 8924
3156 6819
1739 4162
1995 6208
8760 9116
8171 8294
978 1881
5833 6294
6169 8774
9832 9867
3892 8743
6965 9912
720 979
2619 5528
8898 8977
683 3245
8733 9641
8765 9206
8458 8771
4401 8624
4543 8529
523 1249
9707 9740
9071 9902
8126 9043
629 4549
7479 9051
3006 6999
7214 8161
148 1999
6395 9242
9848 9890
4672 8343
421 9106
5939 7582
2727 8900
9588 9676
2541 9151
8098 8198
740 9576
8577 9824
7278 8104
4084 8745
5556 9958
520 4158
9897 9953
6918 7693
1626 3042
3296 5857
2199 6885
7869 9183
784 1310
8635 9369
9433 9726
2585 3006
7258 8277
2986 8310
9286 9779
8081 8741
715 9712
8215 9381
8339 8425
1393 9306
5352 7729
2206 8692
292 4808
3970 8530
3473 6131
6142 6158
1259 5786
1611 6737
8608 9658
7536 8130
7766 9385
8128 9366
3391 7824
9948 9979
7834 9543
574 3597
8329 9859
560 4871
1733 8864
7390 8507
6546 9951
4810 7393
5887 6982
7258 9192
5211 8128
7519 9785
7291 8997
3082 4996
6643 6865
4957 7413
7086 7683
8766 9196
181 701
4259 8364
6075 7390
6550 9854
4455 7913
2821 9331
9957 9961
657 8959
2682 2734
8875 8918
2112 9190
4248 8090
8689 9203
4198 4583
5443 9798
9577 9596
6991 8159
9580 9911
2896 9243
2917 7864
9337 9449
1210 8694
4021 9804
4362 7814
27 1507
1426 8828
1960 5993
2311 9216
270 7520
2946 9059
3375 7887
2761 4971
574 4631
5638 8590
6000 7534
3834 5847
9695 9835
8813 9202
1495 5823
6895 9120
8483 9582
8643 9225
9098 9248
4236 5864
8372 8530
5162 9087
6570 8887
5327 6521
7474 8746
1264 2085
7208 7253
7922 8911
9278 9307
5487 9446
9316 9593
4176 7841
4041 8460
6466 7721
1336 6785
8342 9433
5769 6279
4801 6671
2458 8542
8073 8775
2951 7051
8550 8960
5543 5630
8171 8356
4189 7130
1879 4503
8791 9946
747 7603
5892 9914
9575 9900
6105 9649
1185 6787
737 5411
6127 9690
2141 4536
5991 6415
9971 9979
1163 6212
1172 5813
7501 7610
1487 9676
4250 5163
7870 8234
3219 9733
4283 7512
8959 9659
9483 9496
1688 5400
2126 6976
4456 4700
7991 8037
4501 7346
2433 8363
6094 8985
9398 9612
9288 9649
920 8852
4144 8520
2361 2457
7632 8360
1369 3318
3030 8210
3206 7374
3238 3398
2792 9489
2724 4982
24 6845
4779 4851
8087 8208
1425 7697
6181 7273
3141 8351
8245 8455
6236 7033
7438 7766
7471 9292
5219 8830
4267 9812
257 5919
9713 9804
6965 8044
2166 4272
4917 6956
106 4735
4499 6397
1173 1515
2493 9581
2217 5566
6326 7073
9278 9917
1999 8416
5576 5882
3835 8232
6135 6351
2133 2434
3477 4809
4262 7814
1873 9992
8855 9298
8622 9218
5417 7360
2048 2719
6375 8151
8750 9026
1064 1122
1417 5777
3565 7759
1405 6411
6672 9017
7494 8663
7852 8036
5795 6624
2928 3034
4299 8134
9006 9708
8610 9802
6650 8869
3319 4262
7498 8156
6152 9344
8343 8953
8835 9037
3425 7545
1797 4916
2758 2987
1419 2765
837 8556
2670 5445
6869 9250
6248 7632
363 1458
6671 9852
836 6146
3704 6573
3502 7904
1845 5530
255 2325
9626 9738
5622 8021
1876 8263
2146 6284
7029 7951
6029 6808
8011 9483
130 7135
1163 5222
3518 9520
7818 8527
1188 9560
1110 3680
5989 8504
2246 5181
3940 4649
583 7461
8192 8395
9438 9708
6884 9592
7228 9674
2720 6340
954 9941
3017 3471
7231 7970
7370 9232
2507 9648
8796 9485
1525 8221
4197 7429
9465 9829
6579 9916
896 3002
3314 6835
9159 9491
1985 7743
3353 8575
2226 5419
4158 4463
9242 9747
5851 9458
7675 8851
6987 8979
5776 9105
8880 9684
1389 3203
1905 3279
2049 5991
3941 6905
2623 8350
5397 9823
2890 7348
7330 7944
9341 9440
701 8352
6889 8352
5140 5644
2052 6693
4252 7296
3842 6604
6750 9473
1534 2700
3364 3505
7281 9201
8101 9245
4424 7997
4914 7091
4504 7769
538 5788
9974 9975
3681 7930
2703 8578
3137 9528
732 6929
267 4184
6081 7454
2483 9502
8706 9147
6812 7291
8607 9495
4941 7751
3383 8538
6849 9761
8291 9931
9525 9577
3504 5906
4579 8443
5362 8019
2409 8603
8307 8797
5366 8619
1307 6957
5104 6727
1957 9993
5233 9405
2234 4497
3866 9341
994 2547
4031 4431
2175 9880
2718 9786
1943 9996
5481 7973
7442 9392
305 3792
392 6035
4117 9571
9695 9950
578 3148
9654 9980
6959 8890
7280 7439
4725 8808
7162 8619
5788 7834
1282 8500
5030 6826
7373 7607
9255 9480
6237 9786
7454 9820
3426 5673
9710 9756
1088 5472
9708 9916
6380 9139
4692 9023
1052 3566
1024 6451
9906 9991
3799 9840
1605 5445
1999 3153
6787 8318
4104 4553
7715 8601
832 6020
8560 8773
5132 5372
7445 8054
8717 8961
7751 9096
2886 3515
7661 8909
2250 6988
8310 9495
6875 8727
8790 9166
1225 4660
1314 7728
3532 6978
1234 7706
6505 7088
248 4758
2068 2466
3748 9284
9261 9822
5202 6601
1411 4115
7754 7793
3185 5491
275 4465
6343 8071
6360 9427
2735 3255
9452 9763
4061 6778
6781 9016
3631 8772
7039 9734
9594 9973
1139 5668
2668 8798
293 5596
7899 9675
6847 9917
3056 9934
464 6845
3311 5875
9091 9199
151 3103
1125 4979
5069 6548
2181 6245
1188 4299
6243 7331
3468 8962
5848 7126
3914 6320
3022 5562
2632 6604
6647 7253
9865 9984
3168 5687
1572 3362
5210 7459
9040 9739
9347 9768
2265 2550
4904 5166
8025 9835
5913 9068
7337 9649
5160 7040
4959 6464
1198 4655
7076 9708
9915 9969
9973 9988
3692 8399
8311 9281
1295 2581
6912 9861
4256 6532
363 7879
7469 9184
7894 9509
9669 9883
588 7167
6111 7374
860 7130
3233 8864
8699 9704
5938 6959
3221 4322
1839 4623
222 6531
527 3875
4528 9907
6394 8498
78 3220
9872 9876
4988 7922
5839 7110
3307 3354
6440 9020
8900 9346
6436 8331
3135 9396
7253 7662
9537 9598
3525 4680
6124 7287
4149 7010
7125 7908
7869 9041
5351 7366
5783 7226
2785 8453
4771 9401
7371 8085
3613 6464
4950 7032
2268 9822
2143 4772
4119 7306
3111 5474
3596 6390
4731 5447
1037 7347
8994 9374
5833 6541
9531 9635
6154 8227
7330 8379
962 1692
6828 9007
5070 6070
4967 9842
2199 7536
2351 5184
6993 8935
4912 7772
6975 9894
5238 9721
5781 8747
6445 9597
5087 8183
2796 6742
6185 7715
6094 9408
5519 7774
3688 7854
957 9026
2821 6207
5649 6056
3558 4044
414 6333
7477 8096
9483 9571
3589 6430
9331 9353
7889 8450
3327 6837
6766 8333
7848 8273
7545 9548
6320 9696
2511 6549
8446 8978
2309 9659
6333 8523
5534 9606
6725 6866
6525 7232
5479 7663
3346 9688
6014 7503
9919 9998
4548 6287
3809 9147
5624 6014
3311 9532
1797 6653
944 944
9498 9510
628 4451
5965 8201
8898 9921
9638 9893
6876 9511
6747 7237
1324 1403
6857 8956
5709 5799
8442 8878
7953 9990
9747 9959
6496 8797
8455 9040
2695 6234
4496 9168
501 8490
4963 7832
627 8872
2451 5530
8623 9106
3951 4606
6490 7769
7695 9165
7703 9138
1962 7195
4135 7670
4807 5704
8770 9432
9444 9863
2889 4311
9755 9925
8607 9005
4667 6007
7790 9194
4562 8958
297 5128
7234 8782
2896 4245
6360 8768
5877 8268
7223 7300
8936 9586
129 5464
7983 8005
910 1705
7135 9074
3794 9410
1808 5208
8014 9832
9512 9544
9283 9431
32 3377
276 9578
4775 8067
8773 9026
1121 8498
8387 8652
7390 8238
8209 9640
3042 5240
3951 6770
942 8149
655 1479
4627 7868
6101 6340
2366 3127
1774 3932
1699 5139
8035 8449
6833 7781
9977 9988
7455 8193
3042 4504
9053 9446
4158 9671
5801 9097
1742 5032
2087 3592
8124 8525
4358 5142
5313 8792
9804 9997
9895 9980
4226 7018
8435 8501
6186 9776
6007 8766
9844 9899
576 5269
8816 9426
4271 7723
2690 9864
8619 8707
3074 5672
4352 8694
8255 8483
9685 9786
3622 6677
9160 9851
9565 9903
1401 6170
6974 8371
328 3580
3682 5539
6028 6240
1484 9185
5100 9295
6971 8106
9296 9691
5459 5875
8098 9066
1558 9677
1761 4049
6404 8468
8550 8884
1919 6146
6779 9552
6641 9620
7927 9326
5555 6481
8455 8662
8874 8982
7551 9919
2586 5865
7490 8042
9086 9964
4575 5958
2559 5606
5309 7997
6316 8183
5912 7801
6274 6946
1828 8413
6726 8515
836 8059
4161 5886
5837 9486
9064 9863
1243 9511
7716 8732
3916 6731
4063 7966
3798 9329
3150 6460
2983 4653
604 2475
7743 9345
7330 8376
3032 4393
2692 6816
1134 5074
4992 8837
216 4343
3114 4731
3455 4499
8131 8301
9353 9768
9427 9694
2547 7152
4025 4163
2535 7684
9650 9866
3053 8097
1363 2908
5942 7402
6345 7781
948 8519
7585 8308
2245 6479
672 3450
1041 4002
8536 9122
2703 9592
2539 4255
8947 9886
6516 8070
1771 3624
4221 5084
1581 4020
7744 9191
1083 8475
9942 9989
7612 9243
6874 7762
7293 9279
704 7653
7471 7876
1480 9764
4340 8333
7243 7467
1653 9332
62 6671
8973 9028
6465 8126
8161 8822
9763 9984
4690 8872
174 9537
2576 8088
2550 9694
6905 7892
3300 9517
4343 7274
5351 6051
8186 9352
732 2835
9328 9427
932 3308
7388 9710
4256 9235
683 7348
9292 9488
3339 3421
8802 9112
7995 9861
263 2395
8239 9217
290 8868
133 5985
3745 9296
8328 9883
2181 3405
7872 9761
8476 9354
4599 6971
6277 6696
7702 8061
3304 6124
7290 7339
8574 9175
5024 8952
6533 7996
5985 9107
1069 6798
7814 9621
4348 6578
1665 7143
8434 8934
5226 9376
3165 4984
6706 8451
1629 2143
2191 9469
5977 9806
6760 6880
7090 8136
4974 7226
482 4036
7163 9656
5968 9710
2886 3427
3342 4490
8991 9978
7244 8017
5768 8929
7204 7862
1222 9229
5034 9611
4600 6784
9472 9568
1634 7540
7256 8368
9416 9810
2052 8680
2934 6322
440 2406
2567 3511
8409 9039
6242 9839
4016 9288
8616 9696
9705 9721
9363 9477
4408 7895
2866 4164
1146 3474
7599 8806
1918 4725
5601 6670
3176 7053
4059 5705
887 6849
3545 4018
782 2429
1616 4571
7461 9929
3946 7708
6864 8779
2102 3123
560 802
3451 6833
8221 8422
8367 9326
1174 6141
9842 9942
1739 3302
7733 9566
5015 6783
6226 9768
2058 8619
8881 9609
429 7999
5274 7132
5537 7715
7626 8289
8451 9853
9884 9978
9659 9893
7356 8155
23 8614
8750 9276
3813 8611
8518 8639
6674 9803
3580 5776
6787 8784
259 7971
4020 5227
9490 9695
9108 9440
6553 6611
8845 9753
4001 7453
1647 4211
7569 7911
3467 4130
7963 9756
4914 8358
8211 9314
7300 9268
9628 9827
1629 8274
894 5686
5883 6989
7183 9727
1619 2900
7389 9659
9138 9535
7185 9034
5593 9338
230 9817
5254 6439
1999 6882
5577 6080
858 3820
4979 6123
1239 6466
5681 9547
8624 8843
8184 9629
9100 9833
2323 2722
6668 8298
6574 9757
4540 5625
8503 8734
9432 9502
8616 8677
6278 7368
1929 3571
1526 6878
9406 9572
843 5731
7703 9623
7075 7076
6787 7387
9744 9791
8380 9966
5821 6534
5628 8567
8629 8924
185 3451
8472 8992
6725 9294
8101 8263
3658 4751
2008 9389
1512 9046
7863 8485
1001 8477
6290 8305
3341 8382
3674 8446
9295 9996
5449 9585
4286 8710
9338 9953
5393 6827
3647 6345
9570 9852
5624 7793
459 6298
3445 8282
8904 9818
7803 7814
8188 9904
2480 8732
6973 9705
1694 4204
7118 9697
8147 9792
6720 9451
5684 9068
9315 9699
9464 9706
6875 7477
7494 7993
4468 9295
40 6979
212 7944
2520 5627
3306 9318
4870 6379
8784 9968
1103 9327
1415 4017
4612 8686
2972 4886
6908 9152
2041 2845
6956 8618
7107 8509
6286 6579
5958 8222
7496 7949
6148 9923
1979 7994
2175 5350
2296 5374
3434 8067
4255 9204
7550 8984
1984 7595
6055 9803
9557 9729
104 3777
9741 9778
2203 9985
6301 8559
7575 9809
8766 9362
8083 8396
3671 5031
4282 8992
508 2476
1499 8299
5423 6292
3979 6944
4362 8428
7263 7566
4393 6854
7160 9216
6121 9357
3099 9567
3819 9103
7771 9871
1851 5910
9431 9515
7378 8470
6542 8379
3042 6692
6669 7507
2912 8401
4302 7307
4308 4472
4556 7911
705 7978
544 4454
8584 8877
2605 3813
8688 9102
3766 5751
3540 3857
4820 5963
4982 5407
1238 7706
6555 7483
1793 3717
8270 8987
2451 4799
9590 9930
9050 9594
9600 9716
3965 6798
4060 7303
4344 5881
1778 9910
9040 9910
6330 8750
5607 8684
5530 9448
1898 3396
3141 8408
9158 9588
8591 9430
1058 8238
1420 9231
622 7891
6291 7331
6828 9966
4919 9023
5433 5968
3766 7564
364 5417
8050 9972
2347 4299
4994 9015
7289 9156
2452 7277
8154 9767
4635 9112
9655 9880
1724 3823
8450 9034
7108 7409
6392 7220
9039 9112
5461 7880
8278 8714
5742 6280
169 7712
9275 9610
8731 9663
8356 8567
4939 7211
7259 7391
2115 8360
6305 8794
3154 9673
9167 9765
2878 7683
2407 9709
1953 3399
8833 9603
9631 9726
7864 8850
3220 5597
3562 6713
9860 9982
5581 8564
2593 5358
4624 7853
2127 8101
5306 8524
778 4836
4992 8100
3959 7538
2294 3942
6676 7954
6762 8300
887 7925
5775 6851
5190 7568
2397 5738
1139 7512
6768 9298
157 3469
6479 7973
2117 5314
296 520
5984 8290
2902 3123
1290 5118
6231 9978
7804 8317
9147 9879
6608 7197
1478 4971
5933 6028
3227 4213
6440 8691
5501 7805
3227 4990
2075 9728
9446 9662
3354 7300
5981 7955
4225 8510
1760 9520
3014 6481
3250 9316
5294 6122
9812 9897
342 9442
4677 8423
3589 5311
6347 7613
4141 4803
5028 8638
1206 9277
2461 9722
3478 6191
2760 6501
9764 9999
8633 9792
7778 7945
514 4209
7954 8596
3692 8066
3328 6706
1538 7970
7270 9187
8307 8762
8311 9043
1060 2442
9934 9952
2938 5610
7506 8038
1888 7732
9068 9804
2495 7553
7954 8300
1947 9308
6190 8426
1876 7100
1595 5662
9150 9795
4681 9614
6933 9318
8250 9308
3346 5063
56 747
4241 9653
5174 9018
1110 9225
7450 8655
6424 7878
7571 9843
9869 9927
7369 8407
3386 5969
8312 8431
1960 4605
9093 9746
2563 3009
6534 9285
5477 6331
4234 4504
4603 9743
6869 9836
212 7523
6880 7116
5818 9887
1758 2914
7775 7897
8306 8434
6660 9635
3899 6948
9612 9929
5322 8151
7042 7065
6247 8383
2112 4114
2586 5870
6490 6721
2406 4279
9370 9846
3539 5080
5271 7875
1937 7221
5957 9811
1694 5779
3223 8499
593 4819
248 8804
8029 9811
6341 8345
8056 9936
8714 9522
5598 7235
5984 8266
3003 3294
531 6385
6263 8873
4079 6458
7984 8020
4670 5104
6528 8847
1608 3485
225 246
9033 9342
176 2809
9105 9883
9480 9821
1417 3650
5908 7008
5333 9545
8790 9806
5929 7719
5191 9558
1500 9897
5845 6807
8735 9966
5545 7627
9281 9410
9970 9994
1387 2446
2030 5794
8281 9128
8980 9198
9455 9740
816 4270
2038 6578
5768 9196
3553 9494
4292 5695
8467 8983
3378 5672
7051 9420
5605 5910
8683 9272
8800 9552
1970 2410
6091 6657
7966 9274
5308 8704
56 3769
2731 7108
6055 6757
6406 6474
3386 6629
129 6836
2021 4296
6965 9731
9584 9659
2941 8293
906 3209
7413 8307
9016 9203
3507 8085
1276 8240
9052 9189
6411 9428
7368 8149
7444 9172
3376 5450
4373 9237
9199 9412
3831 9281
7528 8755
8909 9023
5595 9653
5407 8482
6578 8997
8381 9569
9316 9849
9346 9673
1409 6258
5115 9996
4538 6650
5533 7324
3851 3865
7227 9877
4098 9613
1102 7213
5863 6830
1456 3235
8291 9437
1273 6021
2887 6914
4937 6375
1832 6260
519 9885
9683 9764
4176 9845
8905 9869
7123 9342
2471 2858
9200 9268
604 8230
8595 8661
1203 4551
4652 6284
9890 9983
7647 8160
9245 9837
7001 8456
1683 7381
6013 7791
1031 7851
859 2838
5505 5505
8823 9072
8568 8928
2510 8924
9453 9469
6167 6896
7610 7803
4505 9100
2558 3214
2773 6093
7268 8519
5811 8708
7236 9123
2691 9969
9746 9870
142 7842
805 8494
5638 6983
5882 6211
12 1052
4472 8873
5132 5775
4811 7896
5880 8463
5511 8513
4089 4314
1723 5497
3417 7922
7433 9874
6981 9137
6384 9081
5164 9767
1310 9549
7577 9010
5608 5811
3789 6053
2216 8877
8023 8802
5994 7042
347 499
4698 5910
2118 8019
3535 3704
9368 9671
1304 2217
1620 7899
5511 9699
9255 9880
7754 8465
210 6561
4811 6421
3145 7026
4840 7310
5216 9711
8922 9554
1376 8406
9037 9565
7346 9137
8006 9923
2254 2851
4222 7148
1140 3232
868 8428
7067 8753
6084 7129
2079 4172
2731 9640
6335 8552
7802 9377
3331 4301
6311 6788
5539 9623
7881 8570
2728 7106
1590 8952
8943 9642
7982 9807
1968 2205
9247 9398
3554 9795
5104 9712
6173 9142
579 6835
6412 8764
9902 9966
3879 6063
928 5645
4038 7552
9172 9283
3948 5588
898 3371
6994 7085
2686 6891
8323 9574
6128 9417
2973 7638
7137 8925
8423 9468
5798 8410
1956 6760
3452 9585
4269 6744
6008 9616
1668 9220
7363 7986
7717 7818
5322 7724
1506 7216
1942 3754
438 7036
6787 8651
8306 8328
88 7884
4713 9059
6042 8337
5420 7023
8392 8918
7564 8443
3173 9511
27 1311
2657 8993
8890 9726
3245 8083
7258 9513
6999 8933
7056 7172
1346 5516
6323 9156
3191 9906
2113 6129
982 7593
7109 9956
9943 9974
8343 8893
6550 6990
5883 7121
3923 9127
4466 8483
8067 8506
6662 9709
9432 9967
197 4381
7577 9582
6251 7554
9801 9824
3076 7239
2147 9375
3161 3190
5415 7977
2819 3530
9981 9981
1709 6374
8862 8874
259 6430
2544 6712
9246 9404
1907 6744
2280 8941
1000 3048
2471 4867
2368 8269
3983 8380
6926 9920
922 9257
4175 9829
5969 8051
893 8576
2797 3488
2888 6635
5870 8429
4964 6234
1263 6337
627 3238
6842 8678
5479 7691
1499 8637
6633 7032
3708 9651
9792 9861
7369 9796
1086 7676
52 6860
664 6147
1111 5659
5554 8188
9787 9969
3043 3137
2865 9349
22 3794
7258 8131
2667 5381
4478 5870
7250 7581
2930 4517
2919 8516
5618 6350
9083 9546
2716 8333
8896 9162
4605 7624
5960 7086
8250 8768
7271 9639
3752 4671
1603 6770
6976 7608
640 3033
2295 8169
836 5971
9609 9715
6703 8249
9542 9602
3662 5418
7873 9861
2010 5805
7307 9706
5506 9963
2790 8056
6618 9741
8360 9120
2369 9531
1138 9997
8135 9103
9390 9397
4997 6175
8070 9809
8319 9287
4653 5813
2496 9845
2865 8745
3927 7304
1133 1643
1195 6309
5050 7310
6365 7321
530 7831
2190 3020
18 8023
3402 3863
6953 7138
3222 4751
3565 7071
423 5544
6269 9642
8253 9285
5848 7746
2540 7955
3070 3250
1612 9471
8857 9225
7562 9493
1069 2990
969 8007
8136 8792
5739 8394
616 6032
7406 8576
3270 4589
4367 6839
7190 8635
9889 9907
3778 8220
526 4951
9235 9853
2687 9017
2884 6729
3125 8753
607 6204
3443 9420
9487 9952
3617 8244
7777 9226
967 6754
7554 9605
5452 6159
4019 8010
7622 8252
9961 9994
3263 6347
1374 8609
8121 8173
8035 9869
3552 6550
1952 3627
5037 9481
9563 9617
4740 8158
7931 9214
7546 8160
2753 8319
6809 8335
7002 9125
4341 8119
271 1802
7254 7316
4802 8017
9893 9977
2151 7812
7667 9347
5608 8985
7156 8608
7555 8018
1656 6591
4120 7407
9065 9968
2237 7971
4485 8015
4802 9509
7022 8849
4426 7435
5206 8176
1018 4915
8722 9453
929 3883
3667 9357
7021 9829
5313 7064
9311 9378
1059 2989
8529 9040
368 3942
5395 7191
9493 9978
3649 7704
8275 8501
8727 9031
5139 7260
1057 3671
7242 8666
1393 8256
9457 9991
963 5475
1118 3598
2790 7405
4964 6994
3418 8905
6963 7706
9468 9907
889 4804
4470 4786
1930 5796
1296 8543
1372 6149
687 5755
596 4881
3853 8321
9459 9610
4889 4962
6002 9307
4227 5313
6064 6886
9397 9793
6405 6718
7846 9215
5730 9758
7963 8354
8363 9284
3055 3455
245 1412
8128 9320
7685 9037
9918 9933
3754 7875
9384 9952
7469 8674
8897 8960
2750 6567
9137 9316
9658 9756
4473 9019
4659 8457
7518 9644
7161 9567
8960 9043
7314 9352
748 8604
2314 3462
6375 9708
5195 8356
5578 7110
2678 8757
85 5836
7248 7861
7204 8388
9199 9383
8083 9426
4337 4784
6590 8738
2062 8492
1886 4144
4450 7901
6044 6948
6633 8266
3550 5599
6520 9303
1322 9917
5624 9639
8085 9311
7482 9115
6005 7887
7469 8524
9991 9994
5865 8492
9682 9860
1960 8923
9263 9310
2553 7629
8361 8907
4242 5293
5911 8504
8809 9403
4449 5266
8245 9295
2962 8558
2447 9759
5419 7825
6684 8213
7086 7755
7110 9420
5503 6969
2988 5211
8525 9038
8045 8303
670 4586
2827 6998
782 5780
2747 7008
4783 5010
6609 6728
2397 4679
3364 4104
6869 7888
9420 9761
675 5529
5460 7735
1073 6684
1586 9837
5825 6133
4652 5213
6414 9601
2860 3906
4103 9381
351 1670
3086 4334
5656 5934
6785 8832
6281 8226
7325 9276
2242 5763
8287 8764
7009 9668
9734 9985
3667 6758
5965 7236
2308 2632
4902 8176
9347 9415
3300 5515
6156 6918
6599 8364
4719 8780
4640 8493
899 1368
6454 7106
8318 9592
8426 8961
2452 8962
3937 8995
4014 6317
8630 9504
8472 9774
7964 9650
6933 6954
7760 9714
4066 6462
1847 9252
4902 5542
3743 8109
7321 8969
4978 8752
4143 4702
6328 9841
5249 5798
1150 3913
744 5920
1265 5440
383 1118
4261 9461
8742 9616
3834 7278
6764 9995
1665 6727
6338 6382
8687 8989
2646 3985
4277 4650
2698 6857
679 9857
9797 9957
4565 9480
861 8781
9091 9781
5162 8019
5061 9016
9930 9967
7912 8309
2488 4287
2652 3790
3520 3671
4822 9124
6785 7364
189 1682
9574 9853
1944 9773
9132 9683
7376 9657
4342 6024
1218 1223
5110 6310
9596 9613
8297 9217
5536 9077
5781 8903
9941 9978
2414 8834
8386 9905
4955 9167
6415 8814
8768 9154
4585 8261
3165 5955
806 2709
7731 9907
3595 6029
4048 9421
4404 5496
3663 3764
5725 8170
6848 8518
1840 5389
7727 9604
153 1773
1608 3628
1903 7913
4384 9713
9788 9823
9925 9982
5709 7200
9406 9980
4157 4297
197 3963
5219 9612
5676 9533
8338 8739
8947 9786
3706 4237
6641 9674
7539 8047
8444 9483
5088 9555
9338 9858
469 9928
3979 4281
4517 4980
3692 5272
2372 7708
2182 5264
5137 8352
6653 8493
61 2119
4696 9768
558 1486
426 8814
6792 8231
2553 2583
3380 8453
913 7440
8407 8706
1109 5979
3815 8864
3808 8826
7525 8576
8434 9023
5771 9286
2250 3397
246 1141
5629 6175
8755 9935
3345 6444
2528 6799
5758 9910
3057 3394
3793 8931
1135 9228
8140 9785
6565 9200
8740 9101
9444 9630
1083 1788
1604 7293
7296 9594
9424 9776
2785 3575
6716 7844
5587 9998
9413 9785
6546 6834
4191 9459
3989 6488
4839 6239
897 1648
6868 8915
7536 8125
172 4236
5732 5956
4809 8114
3450 8427
9064 9159
4848 7010
7018 7756
5161 8087
2967 3741
3341 7853
5598 9386
1672 9672
2156 3461
141 6877
4349 5770
3574 6501
4576 6697
7052 8329
4263 9921
1658 2222
6757 7053
8720 9914
9349 9729
2622 3341
3226 7875
7765 9551
449 2158
9657 9829
78 9862
3188 5374
1272 3992
3776 7771
3053 7562
7937 8699
9522 9548
8477 8934
1639 9863
2761 7411
4745 5018
156 1879
9138 9948
58 8490
7020 9095
1397 5361
9529 9741
936 7893
7057 8101
6715 8271
3021 4842
768 9357
4675 6981
1940 8867
3517 6699
9163 9532
256 7907
2259 8413
2568 7194
7701 7713
178 1425
2816 9869
7755 8076
6751 8729
9382 9533
3913 9958
3939 8924
9415 9991
9045 9288
8097 8881
8817 9365
7334 9350
8574 8619
5863 5940
8056 9171
192 9545
2203 3915
432 7591
814 2897
2106 9052
9230 9351
4891 5839
6929 7078
4583 9123
2751 9950
9041 9215
8784 9002
6695 8887
8808 9154
1355 4333
4352 4419
2070 7417
2275 5436
5372 6226
1273 3112
4860 7198
2925 3091
4623 7493
464 4150
7022 8095
2304 9770
2957 4303
180 9587
4566 8188
4273 6369
6312 8448
1331 6502
6370 8224
6563 7253
4480 9191
208 1101
9541 9894
7878 8090
5200 7686
2145 2572
9629 9940
7264 9522
2418 9746
9045 9164
4054 9152
2970 3621
6693 9284
7703 8186
5865 8382
1542 8460
91 3555
3289 6606
8225 8326
5880 7369
4955 6452
9267 9320
7773 8930
5845 8773
854 7765
1563 9020
9199 9376
7593 9116
353 9593
9587 9649
9346 9516
2854 7269
6660 7395
2475 7395
961 9782
1362 5006
5252 6184
621 3127
514 7506
8046 8064
8334 8840
9521 9929
1397 4240
6808 9841
8109 8859
7954 8214
4060 8237
5726 7130
9642 9864
8728 9750
5228 9682
8761 9493
7588 9286
4024 5551
6911 7047
8770 8788
5772 9679
2924 7458
6379 6380
3452 7018
6451 8381
6911 7293
6569 9876
9417 9491
1822 8816
262 9391
3948 9254
1164 6073
4596 9449
6902 8600
3209 9217
9353 9546
7051 7839
866 2744
6497 7201
1666 6529
7423 8722
7164 8693
1778 4037
8923 9057
8341 9053
9404 9992
5406 6347
6918 8404
2768 4939
7406 7448
4650 7777
4320 7436
4268 5627
7379 9343
2557 8858
5714 7995
8920 8986
8419 9159
534 3054
2375 3478
6997 7570
4261 9105
22 7642
4873 6767
9235 9298
6296 7679
5078 6081
5349 8620
7945 8311
3773 5375
4270 6324
942 6206
5549 5985
1989 4407
4459 9553
7553 8721
5382 6132
2136 7892
7916 9103
2693 6029
2580 2978
3904 7031
8559 9962
2972 3488
7912 8923
3881 9471
6440 6465
2016 3646
7663 8208
7274 7999
7632 9329
7573 9343
29 8832
1757 2940
1516 6837
9521 9717
8002 9424
189 2887
9499 9525
580 6357
5624 8118
7143 8059
9773 9928
8275 9957
9693 9702
840 2305
4166 5102
7822 7832
1089 6388
2439 5506
5109 6728
1679 9463
4585 5183
649 9372
1290 6798
5807 6290
4960 8475
4202 6727
7541 8550
8846 8916
1183 4793
8120 8749
2542 4750
7971 8372
5008 6225
6474 9463
7522 9750
3715 9897
8832 9842
3928 6623
2296 6647
8812 9138
1246 5270
1866 3483
5804 9924
5381 9233
2252 2767
7799 8103
5505 6468
5687 8017
3970 7118
5131 6388
5245 9675
4319 8882
8135 8252
6539 8956
2823 2958
7514 7888
9952 9971
5527 6879
8966 9253
6867 9008
2438 7508
1477 3999
7034 7679
2151 6894
7027 7806
6837 6862
5547 7896
9359 9566
5394 9351
853 1882
7789 9305
6091 9196
7191 9619
2848 6446
5864 7159
8099 8398
2902 6981
322 7844
9823 9988
7922 9950
9945 9974
4445 6404
4951 8849
4476 7468
7591 9633
8800 8804
7320 7658
818 918
9593 9911
6589 8522
5047 8763
6358 9648
840 5373
185 4103
8408 9018
4231 8154
7584 7591
9853 9853
3704 8586
6758 8977
3318 6507
5491 6413
2172 3182
3610 3740
3985 7243
8409 9432
4613 7348
9600 9869
2792 8911
1529 4553
2736 3713
8167 9621
6772 9034
5762 9253
8418 9867
9067 9452
6786 8423
7487 9562
5854 9846
8034 9486
6407 8897
3438 8084
580 7714
5081 7860
4296 4326
4220 5752
6220 7825
981 4551
2986 6778
3287 4716
5160 7721
5377 5962
3998 7724
7469 8948
7533 8356
4975 7210
6789 9288
892 7132
3323 8023
6315 8471
3086 9547
1966 8764
9956 10000
3537 3827
2744 5705
955 7485
1575 6292
2462 6821
2426 6468
1391 5420
4347 6905
2828 9447
4073 9707
183 5002
602 8806
4926 9210
5578 7016
7396 8573
800 5897
1853 9983
5618 9418
8661 8755
2777 7916
4414 5594
6177 8703
4535 6114
2246 4421
7449 8165
9494 9533
7700 9388
9468 9524
6062 9086
9670 9812
3237 9726
113 897
9027 10000
4188 7321
6685 7747
5757 8736
5975 8330
1121 9885
9327 9418
8605 8689
6305 7923
48 8487
7620 8502
5296 8185
7699 8723
6864 9137
2138 5486
1296 6429
1621 1909
7859 9363
6739 8059
5389 6572
2618 9408
192 8717
4370 6046
7456 9890
6438 9419
2917 5659
3261 4830
9810 9855
7282 8508
9165 9629
4992 5600
6900 9203
2977 5798
9972 9978
7445 8805
5065 7103
2131 6806
8564 8576
6968 7921
4014 6208
8713 9973
4382 8705
3737 5056
7807 9061
6419 8175
5579 5685
9127 9457
2626 3597
882 1570
3230 4681
3021 9028
5665 6392
377 1360
6487 6862
4747 8353
9761 9819
9399 9420
9882 9957
754 8659
841 5200
2554 4916
2854 8491
6475 9056
2845 3829
4817 7370
9663 9686
7681 9815
8855 9541
4559 5797
5960 6828
6643 6949
3079 5609
2322 9346
7110 7674
8096 8267
4229 7443
4394 8541
1683 4635
4188 6362
3715 8716
7366 8203
9832 9841
1546 4047
753 8120
6931 9188
7930 8937
6404 8109
792 3119
9558 9619
9056 9787
3068 4768
5356 7966
2468 9352
9771 9785
1737 3863
5418 7397
5666 6794
9298 9358
6963 9886
9941 9959
7984 8994
4678 6904
9004 9508
4107 9133
4954 8924
3223 5553
8920 9417
6567 6670
163 578
4427 7348
4394 4556
3187 5646
6563 6728
5684 7140
1081 8504
2910 9414
81 5131
1149 4186
6309 9375
3708 4677
1481 2741
5960 9770
2058 8831
5009 9412
581 6965
1737 3196
2197 6174
9290 9707
8216 8982
4908 8045
5000 8122
5638 7742
5252 6522
6934 9787
7731 8495
3397 9736
3379 3558
6214 8369
4810 8726
4376 5834
3105 4955
8734 9336
5175 9984
5186 7348
3556 6802
7889 8452
8010 8306
4023 6922
4518 5501
7950 7980
8604 9055
4661 8377
1481 8882
1010 2545
2984 3215
5330 6609
4575 7916
8328 9175
6173 9215
9848 9889
7619 9432
8100 8892
5382 9255
9788 9927
6572 9440
5575 6179
9845 9967
5523 6517
6079 8259
5412 6397
6355 9241
3363 5512
2897 8672
5960 8896
1467 6495
6902 8354
7399 9083
8638 9098
3341 3406
1249 9699
9022 9289
4560 6215
1411 2774
7503 7840
6014 6289
6511 6839
5981 8099
6760 9676
6136 6772
6481 6851
9212 9213
7898 9132
5096 5292
3593 5170
1198 3333
9202 9446
6136 6175
692 5787
2791 7581
3574 5898
2141 4288
2758 7370
2760 3931
879 1670
3479 5708
7524 9075
1221 7202
7608 9267
3272 4253
1373 4392
2745 6560
6678 6845
4263 9717
8668 9580
520 3866
1507 2023
1390 6356
4036 9775
9370 9541
1081 6522
2577 5805
2372 8449
3705 8495
6513 9027
9554 9669
3441 4984
9326 9869
4375 8898
6758 8373
2897 3305
1470 7234
5770 9051
6162 9921
5803 6000
2688 9274
9050 9256
2411 3326
7766 9637
4445 9521
272 8137
9728 9902
9326 9637
4244 7736
7506 7632
7511 8955
2989 6192
8493 9982
7875 9649
4884 6316
5841 8842
5411 7103
5738 6755
7710 9431
3265 5084
7089 9505
3759 9863
1196 8305
9557 9807
3042 4955
802 9534
827 2489
9589 9668
6965 7025
2641 3070
4872 8202
12 8174
8670 9373
3886 5318
8017 9394
7376 9484
40 7358
3571 7104
4388 8063
1884 5157
6932 9946
7659 8527
8371 8848
647 7397
2831 5938
4328 6759
8611 9323
6716 9812
3350 5570
9316 9899
4227 4714
1740 6400
2586 7333
2151 7026
6676 7068
8823 9465
4496 4948
2862 5715
8842 9464
189 9597
5791 7575
5126 6175
8141 8562
1144 4188
5002 9952
8178 9730
7038 9746
2447 5382
5575 6934
2713 8652
3077 7091
7930 8859
4453 4821
7247 9976
5748 7610
8616 9858
3242 5002
6733 8963
7421 7772
6000 6862
3209 4157
2202 2999
5385 7494
3939 8135
8336 8457
4108 6908
6449 9649
2038 2427
8193 9453
9646 9678
4881 7651
6288 9712
232 1556
3748 4873
9015 9503
4935 9075
5614 7900
8057 9893
4643 6874
5460 7775
6144 9898
7999 9164
5558 7329
1133 2441
6778 7255
1167 8530
6829 7360
7014 8768
2611 4193
2388 3524
4079 9427
4714 7976
6005 6819
5021 6422
8449 8531
9082 9894
5492 7122
5517 9383
8987 9862
7332 8888
8183 8799
8105 8771
5742 5884
6587 6930
2291 8170
8418 9316
6230 6267
3894 6789
7643 8895
8858 9385
828 933
3956 7092
100 7472
7461 8571
8643 9764
4259 7725
4033 7879
772 8156
8865 9645
5497 8784
5478 8084
3654 6531
560 8175
1693 8160
1407 1583
9788 9881
6719 9668
9530 9622
9925 9965
8175 8370
8456 9629
3825 9455
3017 3384
1138 9099
197 1337
3450 4818
7465 8973
5974 6795
7536 9016
4677 6601
8703 9011
8456 9483
3932 4215
1351 7471
3515 6630
2221 2798
1423 1888
7158 7451
4820 7461
7908 8134
964 2658
6640 7971
9847 9865
9007 9142
8840 9324
6268 8542
7050 9978
2558 5429
3704 5078
363 2085
6076 6107
536 710
1450 3058
6604 9662
1416 2059
1844 7887
1592 5147
2279 3135
6961 7199
9296 9675
7876 8650
5879 8508
9942 9959
4438 9445
8789 9690
7161 9855
1864 3777
3286 5355
9181 9503
8991 9527
3030 8626
9798 9835
7055 8951
3625 3640
2185 8211
9466 9618
2604 6302
922 3056
5518 7288
9675 9802
8443 9983
9834 9999
9881 9912
4467 7081
7952 9483
2809 5747
1452 8619
6537 7247
4833 7444
7817 9502
6743 8455
2498 5335
7833 9952
5475 7081
8692 9193
8645 9019
1529 2057
7533 8117
2469 8093
9705 9775
8394 8724
3252 5010
5231 7412
771 8643
8789 9903
6045 8934
3540 7057
315 5021
5547 6531
3323 6537
8814 9348
8226 9442
6072 7845
3085 9264
9558 9950
44 199
3631 7865
7205 8960
7036 8683
8445 9177
4293 7523
7502 7796
8678 9711
1833 7946
4902 7553
9194 9946
1969 8317
7367 8714
1172 5729
3481 8202
268 7993
7618 9245
483 7441
3746 6435
9014 9647
2933 8134
8608 9163
5135 8016
9757 9934
1302 3689
86 8699
4310 8937
2006 3363
4762 7450
9970 9994
7772 9573
4731 9715
8125 9089
2716 2888
6872 8286
6733 9203
1415 3608
9830 9897
5107 8251
574 4270
3604 9836
1804 7440
7004 9355
4554 6274
8842 9801
492 4094
9732 9810
6414 6820
8500 9195
9418 9789
7852 7907
4102 5327
6577 7040
2347 8174
1608 2371
2816 5899
1303 7436
7461 7604
5392 8148
136 8612
1805 6052
9177 9791
4278 9560
7987 9998
6734 8561
8734 9013
1158 3464
2307 2991
5780 9221
1335 2873
4619 9995
755 3535
9004 9153
9811 9899
796 4175
3207 7658
5073 7941
4999 7552
3015 6760
4016 9154
7874 8350
1828 9092
6398 6820
850 9653
5605 7256
5211 6829
421 3294
7461 8490
5940 9150
6035 9895
289 1250
5337 8093
5007 7402
7067 8286
2138 4084
5921 7434
4084 8167
3951 8798
9405 9531
4156 9569
4502 6529
8163 8635
4048 4391
6631 6788
380 2624
7374 9777
6463 8364
7069 7810
1380 1567
8094 8937
244 8116
5377 8576
1000 6062
2775 5347
7456 9326
1657 4267
1532 8133
8813 9915
4093 5907
7981 8014
3419 9694
2056 3458
9709 9841
4116 4481
762 2663
6433 8096
1784 5401
8008 9339
517 6471
9656 9888
8789 9115
840 7283
8505 8997
8340 9964
3811 7906
6449 6969
3384 5445
401 6400
6757 8858
4725 7278
8285 8781
4593 9416
4113 4381
5837 9044
258 4372
3726 8482
7195 9260
4278 8778
491 8313
2167 9813
321 5045
1461 3913
5146 5816
5883 6057
398 7709
7402 8978
1045 8172
7124 9451
5812 8320
6368 7115
8047 9065
8605 9579
2724 9715
8146 8363
66 9887
1745 2371
2966 3696
9489 9590
4279 9109
2661 9083
4042 5122
8540 8840
425 7052
3785 9239
4791 5882
6401 7060
3737 5966
3369 7746
7590 9846
9806 9939
6266 9309
400 5136
2192 3491
1649 6925
705 1811
591 9140
8398 9222
3193 3956
7495 9595
9913 9980
3320 6619
4712 6513
4188 8388
4767 9162
1866 3921
8108 9642
7557 8756
85 7501
1957 7168
8009 8673
4403 8248
2083 8749
8215 8459
1905 6991
7300 9170
9564 9596
3856 7488
8294 9569
934 3443
5136 6499
6587 9079
6912 8408
2353 8762
8890 9109
6760 6867
1893 7171
6698 7113
7838 9954
2140 4684
7774 8254
2919 3161
3593 4287
8611 8658
6281 8873
5281 9191
9105 9966
5706 7140
3747 4256
6430 7692
3968 8813
3386 5765
7943 9383
484 8215
5195 9957
1511 5902
3596 6048
7790 7978
9811 9821
2793 7462
8821 8962
4126 7478
9110 9457
4620 5238
9905 9930
2031 6338
7848 9740
7192 7934
4746 7667
7621 7955
9571 9737
1634 1655
8590 8622
2639 9480
7605 7696
5272 8359
6288 6387
5861 6246
2757 7636
9010 9109
2376 4560
3861 7221
4901 8728
6040 8971
843 5493
8174 9290
1812 3854
6317 8287
332 9172
4699 7368
1892 5822
5661 9237
6895 8932
2283 7021
7339 9905
7619 9910
9853 9870
3437 9461
3044 8590
661 3973
5637 9229
3742 3995
2669 5896
7889 9032
2971 6496
6851 9032
2104 4188
775 5738
8825 9656
3118 3610
3026 7039
8850 8912
1824 6403
2193 2594
784 5949
3079 7003
8800 8808
7869 8440
4829 5903
5599 6787
9235 9794
8877 9508
6704 8065
7002 9060
8937 9056
1069 2802
5947 9592
5375 7405
7012 9585
5366 8478
3170 9682
4800 8489
1600 3150
5099 7750
2079 4881
4819 6214
2371 3489
6399 7634
9805 9822
7254 8990
1070 3468
4965 9135
9599 9820
1874 6239
5817 6893
2646 7859
2320 5888
3281 9647
2373 3821
2482 4701
1926 8922
1508 9524
8727 8814
9787 9943
4023 7667
5929 9695
56 670
3658 5894
3418 9053
7324 8620
3284 7622
4075 9685
6035 6933
3269 8156
3180 9222
279 3031
7964 9147
6043 8100
1961 8823
7381 8553
8806 9663
2482 5342
9807 9959
7795 8305
492 7067
4749 9289
3632 5112
5608 8857
3498 7993
5403 8605
7222 7461
9956 9977
2932 8779
4577 5585
5223 8865
9700 9971
9696 9763
2122 6713
249 7704
4744 4867
3695 4446
5288 7444
360 6106
2913 4464
7706 9594
3509 6241
7741 8809
3219 5412
6150 8007
7151 8027
8371 9514
8230 8763
9736 9938
6644 6980
3032 7635
7007 9306
8394 8600
7667 9776
2275 5661
7508 7569
3791 4750
5665 6339
6964 7703
438 7328
2463 9935
1906 5689
961 3276
2366 4645
7091 9159
7834 8464
5277 7154
2400 4160
8281 9711
2247 8101
3931 4093
9873 9986
44 1018
7352 7735
7114 9142
2584 6385
9702 9875
804 4663
2449 6812
2045 7871
7146 8536
2547 6114
6015 9851
4519 8048
8750 9818
7581 8619
2960 9710
6124 7208
6434 8322
25 5622
6775 7073
882 2216
8166 8783
6673 7194
8213 8378
1688 5449
3653 9731
7626 9214
2354 8093
7623 7939
4657 4902
6711 7846
1201 2030
3506 6452
4068 4085
7775 9144
1479 6874
1311 1941
4056 7556
9688 9727
874 8513
3532 8143
8402 8429
1762 3221
5689 6301
4313 6111
144 634
1471 5834
5465 5578
3036 3370
9462 9559
5402 8636
1796 2321
4869 7820
7779 8112
8087 9125
7548 9948
5788 8150
3524 6938
6391 8682
509 1464
1869 8814
6773 9993
703 859
1745 9639
8073 9783
1171 3837
407 9596
8826 9282
9312 9640
5799 9534
5279 6187
3791 6487
2403 4585
4334 4590
2112 7780
4280 6477
4608 5755
151 6170
1838 2214
286 4475
8418 9048
6923 9441
8719 9009
4408 6871
3413 7394
5376 8553
6569 8220
9510 9536
2193 8058
5366 6380
6033 8057
6494 7526
7405 7654
1821 2508
7737 9674
7286 7783
9611 9896
5593 6741
5432 8306
3162 5115
2732 3490
2391 7243
1042 9035
8245 8694
668 8641
8464 9903
2717 5909
4650 8299
8303 8475
1044 3870
1030 8025
8176 8183
7390 7848
3784 4822
8809 9307
8990 9185
1402 6008
6161 7648
7634 8067
9164 9573
7958 8871
9206 9740
7075 8978
3096 3918
706 4156
3161 3509
4762 7109
3495 9453
7385 9874
9649 9700
9092 9368
9065 9755
7297 9400
1324 2218
2994 8273
4573 6457
2693 7345
5171 8417
606 4577
8265 8601
717 3862
1354 6893
3006 4100
4228 4827
4246 5642
2000 7001
6017 6980
4608 4730
1031 6727
9718 9963
3275 6291
9213 9877
3588 5425
3608 4503
52 2399
57 2243
4599 7550
4952 7154
6350 9177
8416 8447
5169 8086
3259 6397
973 5702
8634 8848
1001 3504
4546 5368
4549 6126
6038 7686
5779 8530
5394 5449
9594 9974
6742 7743
5722 8162
4484 4645
9310 9789
4599 4616
2797 3303
4787 8375
2613 5531
1221 6414
1527 9791
9290 9354
6494 7450
2409 4035
5649 8689
6955 7142
4653 9394
39 3105
1695 6651
6911 8114
2158 3653
435 3898
6149 9564
1691 6945
7983 9112
5456 8125
6908 8822
1609 4096
5495 7643
5333 7715
4938 9127
91 8823
5615 6202
7049 9213
2982 9837
4274 6387
6044 9503
5633 7301
2529 6832
4425 9449
806 2683
4830 9507
9637 9713
7894 9882
129 7810
9231 9280
1902 2877
6230 9571
3621 8274
5148 8593
4336 9385
1075 5940
1935 8089
8097 8219
1090 4735
3569 6548
6833 7435
938 3291
6390 8431
2164 9524
7969 9386
4854 4921
6428 9924
6042 7375
7580 7853
5402 7474
2356 3277
4085 5671
1486 3130
8324 9696
4589 5134
3480 3749
2351 3772
5232 5929
2265 4738
166 2883
9044 9551
2940 6843
4045 7976
9305 9491
6077 9080
2930 5596
2213 2995
2462 9647
4213 5389
8436 9348
5322 5990
4548 4608
5672 6534
8600 9494
8110 8420
3850 6039
3428 4531
6732 8961
2166 7446
333 6034
8700 9070
475 2340
146 3077
9078 9397
3445 8922
1 1737
8809 9791
6947 7463
663 4639
2762 4299
8359 9875
150 590
2230 3340
3823 9911
5711 7287
5657 8694
4014 5629
1418 3535
5255 7256
3594 9234
1113 6722
706 5687
3052 8931
9735 9817
9828 9844
467 9293
5728 6479
644 3967
2510 2662
1744 6185
1192 3316
8207 9300
5102 5900
5281 5877
6425 6975
8055 8877
132 8563
3303 4290
2994 5251
7682 9197
341 1072
7223 9785
9895 9941
2466 4016
2746 7704
7057 9725
8996 9603
7400 7841
8481 8945
9979 9982
7000 8421
8206 9389
8093 8142
4666 7131
3211 4054
5208 6542
6102 9751
2635 7576
1434 6699
8905 9626
5795 7173
5464 8612
898 9378
4819 6050
3555 4205
1326 3696
8753 9019
2419 5862
2225 4182
7472 8604
666 1849
1359 9269
1518 8753
6954 9752
6964 6988
7818 9167
9617 9859
5948 9656
5962 7369
4747 8535
5162 6179
2984 6510
3153 9332
3415 4771
6528 8371
2168 8019
7935 9230
7777 8462
6156 8672
4058 6485
6747 7708
355 8189
3495 7562
3928 7498
7210 8615
4417 5832
1647 5907
4185 9361
3036 8079
4662 5949
2283 2786
890 1818
1368 3493
9623 9962
7310 9241
511 9956
8383 8836
3924 3934
7449 8146
5890 9300
6459 8183
2682 8677
5342 5791
1790 8319
1392 2261
6683 9904
5854 9855
7896 8591
9744 9880
8453 8682
558 9024
103 8402
9894 9896
324 9801
5553 6743
2530 8880
7421 9176
5243 8732
5874 8519
1100 8584
8047 9480
817 9574
5459 6811
6393 9758
547 6200
7803 8400
7544 8668
9510 9865
3338 5131
7275 8458
3772 5283
8361 8370
52 1790
7777 8997
4101 6935
307 5335
6593 8686
5417 6236
3170 5391
6136 9046
37 1104
4754 7411
3970 8310
6710 6805
5518 8408
4404 5982
5582 7827
4596 9570
6567 9588
7843 9388
1234 9170
1434 5393
6860 8177
9244 9326
544 4922
8623 8938
9412 9737
2875 6782
7498 8883
2103 4977
7068 9335
8116 9363
4608 7097
8267 8367
7769 8030
5640 9522
5717 7850
5046 8874
1100 6128
7234 8416
6490 9796
2901 5888
9940 9967
652 4068
7044 7208
9714 9905
3298 8171
9142 9226
8950 8957
8368 8620
3452 4926
3829 4986
3543 5096
5232 9773
9223 9376
3149 7091
2942 9810
5272 5684
793 1533
7850 8036
8183 8533
6982 9673
3275 3748
7756 8974
9202 9365
5366 8770
7152 8868
8464 9707
41 7515
2688 9337
2826 8013
4035 4807
1406 5614
9135 9964
285 5181
1215 9283
5452 6992
5993 8759
8659 8748
559 8861
9209 9297
5212 5727
8410 9662
7103 8433
988 6859
2363 7908
8966 9600
102 9052
3351 7824
1994 2285
4788 7829
5929 8701
7800 9025
7892 8272
9283 9438
2991 3481
2895 7967
8244 9311
202 7838
5923 6708
6532 7477
2080 8635
6562 8918
7287 9800
4458 8735
558 1701
2516 3272
6481 8405
9708 9948
2636 7185
3023 4811
7823 7996
8743 8785
4787 6051
7028 7244
2600 8960
9865 9894
1890 2864
3861 7797
4226 8423
333 6334
1587 4941
8589 8667
5696 9893
937 5221
123 3777
3472 8919
1129 1399
4025 9027
8762 9216
4524 5004
5743 8062
1859 2739
1166 3862
9197 9543
4393 6198
1329 2809
3500 6978
1459 5315
8406 8633
5237 7621
3525 7540
3435 7794
6912 8035
6729 8882
6268 9497
4034 7904
1522 1908
8576 8610
7198 9048
8757 8986
9697 9903
2264 3328
7099 7743
4218 6822
307 4391
1573 6855
2195 4249
7116 8904
8109 9528
856 935
3389 7281
984 2040
4640 8325
9548 9780
8739 9663
2129 5565
5285 5581
8463 9317
6623 9122
4456 4483
4932 9325
9932 9961
541 9574
9994 9997
3609 8723
1405 8610
9647 9952
9312 9424
1828 9784
6447 9121
1623 3666
6 6737
1682 6456
4366 6001
8394 9211
8188 9524
8142 9652
715 4831
5192 6877
5209 7784
1360 9639
8773 9075
6902 9671
3483 3900
6215 7954
1427 7483
4523 5595
2575 9678
4656 7454
8063 9862
665 763
9247 9305
8510 8795
8093 8724
7702 9929
8493 8867
8214 8812
3866 9037
4105 5796
2187 9174
4999 5521
6313 8331
7523 9141
5313 9682
8345 8692
7469 8836
7890 9352
2624 8525
6334 6517
4803 7924
3361 4386
9133 9761
877 8610
683 7105
5143 8298
652 3525
1274 5334
7724 9461
1308 8089
2045 6244
4556 8910
9401 9914
8352 9489
7068 9203
2558 6514
9718 9893
3527 9327
5833 9700
3033 7755
3611 7229
4632 7292
7821 9072
6384 8199
9078 9399
583 672
7737 7844
4900 7642
2942 5589
6173 9093
1490 2018
9265 9988
1201 4256
2434 3317
6220 7115
2637 3909
814 6074
6998 8321
3363 3397
9659 9784
2604 5391
1425 5553
5510 9693
579 723
4204 9418
1077 2416
5619 6565
6265 7606
6984 8158
5411 6061
2198 5422
2529 3136
5928 7292
1267 7601
8219 8596
9650 9807
1755 7212
1251 2084
366 9760
5223 9846
6538 9288
5942 7116
1057 9966
7206 9828
295 3519
4423 9814
3251 8289
6579 9751
7429 8920
987 5775
8248 9392
3319 9548
5255 8658
2947 7479
1510 1831
7345 8177
8853 9741
286 4211
5503 9648
5389 8464
3845 6844
4474 5787
4032 5248
8240 8773
1976 7200
2062 6017
9989 10000
3456 8222
3134 8945
143 2535
8119 9340
5307 7510
195 3681
4722 8805
3221 9683
1833 8317
373 3318
662 2209
6972 7326
2308 4724
8127 8358
4547 6858
6740 7231
7606 9757
781 2272
4094 6715
9119 9424
7053 7234
5112 7994
1582 9499
4926 6388
472 4691
537 3700
1703 6053
9151 9544
8037 9318
258 9381
9472 9869
9262 9585
1727 8070
6204 9522
7411 8015
217 5502
8562 8971
9605 9980
3601 7796
4531 7583
4362 4424
3260 9307
2616 8660
9232 9765
9075 9254
8376 8461
1997 2313
8249 9776
6189 9778
7044 9038
7394 7517
9776 9927
6525 8052
4846 6537
8026 9842
3832 3918
3894 8839
455 7087
572 6266
1908 3164
8070 9012
1121 7274
3125 3931
8120 8441
1748 5322
8773 8814
488 3646
4192 4346
5012 9800
3681 4641
1669 5497
2815 7341
3288 4254
9321 9508
7274 9377
753 2817
2209 3632
5179 8970
1320 2243
5396 7180
2201 5793
3798 9660
1168 2689
1407 3881
62 3062
8587 9848
2358 7590
834 8463
7395 8187
6292 6478
1744 6040
7764 9133
3587 7198
2277 2513
6541 7365
3786 9967
4561 8111
3278 9090
4908 5535
7654 8401
3382 7403
1121 7703
6213 9763
5309 5859
4853 6731
9355 9435
5491 9801
1586 4158
8682 9821
2122 9199
190 3529
1887 7737
6902 7389
4844 6923
7958 8131
3673 4639
8001 8938
2168 7151
1241 5920
8018 8961
9615 9781
153 4757
4902 6146
3213 9339
7888 8771
2403 7997
5238 7082
2310 3166
9810 9874
6258 8694
4648 9436
2146 6072
3721 7514
6826 7498
4096 8433
3799 7599
1552 1552
8135 8467
5657 6979
1230 3012
7189 9526
314 9993
3146 4157
458 707
237 5799
9675 9711
3062 7083
5915 7658
6090 8825
2574 9386
8353 9382
7561 9695
8393 9346
5801 9801
6922 9022
5495 5951
4791 9582
8310 9153
5274 6583
3786 6197
6900 7951
2865 9791
9653 9828
3489 5890
4838 9663
3492 8819
8953 9671
5409 9211
6330 7038
1540 8337
5297 9618
9020 9728
6675 9956
375 2262
9567 9684
52 9459
1923 5939
6410 9183
3103 8815
4539 5207
8115 9031
5488 7126
8071 8880
8224 9767
1977 3355
4691 5946
2927 7419
5028 8141
1593 1935
8331 9646
2196 8188
3867 8944
6370 8943
3108 9952
2129 6136
9195 9434
7984 8305
5882 8275
4312 8982
4804 9142
6757 9559
9906 9934
3687 3906
6057 9912
3908 7657
6701 7655
7693 7984
4705 6714
1274 9189
3258 6140
471 4477
4068 7016
2652 3901
8002 9171
6772 8608
1826 7809
3654 3882
7194 7611
9032 9133
1058 9825
4489 5642
9504 9796
4998 9252
265 2074
1015 9848
1065 3120
1570 7209
2607 3748
1540 5749
3890 4000
7439 7942
4578 6730
6768 8287
4154 5911
2784 8676
9047 9969
7144 9099
8520 9283
9018 9565
9568 9940
151 6706
4866 5396
557 1326
7703 7976
2698 7321
3309 9216
9206 9806
902 4734
540 9696
7011 7554
3299 7580
3219 7336
4732 8057
234 1037
8706 9381
1121 6246
1746 2274
4637 6904
1771 6379
6173 9195
4795 9735
2586 3025
7226 9131
2143 2264
7787 9677
8321 9153
1441 2293
4173 6640
5602 9722
6782 9100
1050 5410
3808 7643
4675 8348
626 4505
1801 9893
1767 5844
1012 5527
5938 9427
1670 7285
934 9792
4544 4780
3326 4954
4850 9359
7292 9112
4265 6794
7662 9801
492 9644
5983 9314
9739 9755
4143 6543
9839 9869
4248 4888
6437 9654
4941 5342
2069 9857
8085 8461
3922 9422
5292 9126
278 1987
6130 6597
6335 6777
8868 9994
3944 8640
6964 8020
1605 8476
782 4456
3187 7910
5225 5995
1745 3699
3267 3822
9725 9850
6015 8344
5300 6545
9309 9982
2296 2789
6038 6780
3387 8670
4310 5684
1000 9794
2182 7279
8157 9621
8951 9857
7649 9114
1309 9953
6372 9656
6797 8177
8991 9653
6562 9997
969 2218
2033 3637
2583 6579
2618 4672
5807 5966
3488 8532
8691 9844
427 1290
6614 7772
4908 9782
799 7315
2792 4524
2576 4167
350 5327
5134 8860
7598 8122
3796 8929
7815 9464
5064 9659
8942 9049
6222 7691
3567 9375
8213 9201
4236 9017
4 880
3779 6771
4662 5311
4731 4789
6483 8503
5167 5879
2912 8448
5845 9361
6638 8869
5246 6610
8778 9988
5906 7895
8582 8686
2876 9042
232 2397
9062 9884
4518 8096
2676 9650
7073 9524
1954 9887
8210 9085
1779 3810
8016 8967
6507 7274
6923 8131
7988 9632
2263 3106
7888 8701
7815 7817
5019 8556
4985 8741
6579 8916
2585 6894
7438 8591
8071 8962
3819 9219
7756 9700
2772 2888
7386 8442
1892 7947
5690 9119
2693 6232
7722 9761
9667 9670
5547 9687
7803 9864
8794 9193
3700 4311
491 2313
7500 8765
2712 3207
6421 7842
2946 3329
3734 7503
8339 9265
8182 9376
5087 5519
4637 8539
1668 4693
9092 9968
2042 2212
7688 7915
7322 8484
4226 5923
2058 7979
7339 8663
3964 5240
4718 6648
5485 8597
295 9025
6697 6807
5461 9044
8999 9583
4466 9204
7908 8841
9828 9839
90 6313
809 4400
3022 3704
33 763
6311 8118
6484 9058
2762 5817
92 9387
7712 7886
3411 4985
2496 8214
3155 6007
4050 6817
8384 9269
4811 7951
517 1188
1358 3098
9948 9966
8659 8729
6281 7425
7559 9246
2878 7529
6809 7537
5661 6884
6741 7295
9323 9440
7347 8299
9628 9646
4133 4217
979 6521
3269 7291
5739 9128
9964 10000
3478 6240
6095 6720
8958 9742
7493 9585
2765 3147
6842 7232
7307 7754
8185 8511
6174 6891
3213 4607
5699 8423
4409 9185
9539 9745
5796 9314
9376 9994
8414 9749
4203 5406
7359 7360
3407 8901
3207 3623
5312 9936
9170 9310
7540 8441
8112 9619
8062 8069
412 1621
7525 8921
9259 9883
2883 3384
5341 6746
8153 9184
8620 9539
3838 4578
7409 8058
5825 6672
8411 8576
2091 2603
7600 9424
8471 9323
1484 9585
1264 9493
2491 9121
2225 3649
6969 7538
9024 9255
9840 9869
9545 9975
8407 9263
5563 7319
1412 3273
9833 9972
9493 9986
1492 9326
7773 8487
7098 9745
4267 8037
6039 6473
3282 5378
660 2850
6692 9746
1843 3722
2041 4570
7415 9732
6173 6354
5133 7423
854 2886
1791 9647
23 3078
1875 5104
1989 6521
6157 8060
9644 9813
3123 3178
1967 8334
48 5393
2250 9462
2054 2412
5430 6282
6347 6772
4099 9506
9684 9959
4051 5553
2108 8348
4296 5287
664 9013
3700 6612
6429 9098
5778 6854
132 6619
2356 2886
7336 8207
9361 9689
8 707
121 3066
3766 4384
5390 7977
6930 8947
8315 8360
7446 8328
5480 6173
4583 6734
7921 9460
8503 9673
7273 9000
1053 9818
1868 3467
1471 4119
158 1512
5717 6784
4899 9571
1216 6435
8612 9715
6931 9241
4931 6528
4028 7642
4358 4719
8068 8787
3258 7165
7181 8829
7003 7958
8097 9989
1780 1844
8812 9409
1655 7295
3595 4913
9018 9067
1527 5282
9402 9663
8388 8895
7737 8895
4996 5774
732 3178
4619 9225
1220 6595
1031 8736
4796 8193
2938 9533
6837 7390
9755 9951
167 9157
7794 7902
3813 7411
2950 6174
7525 7600
2131 9826
2689 8860
1471 6335
809 2932
344 5750
8757 9801
3246 4917
3250 3356
9972 9992
1290 2171
9791 9859
9337 9752
7995 9148
3832 9438
1014 4685
5956 7430
355 8831
8063 9131
9492 9601
3098 4126
8431 8853
2079 6814
5803 6489
4392 4497
9967 9976
9087 9162
4961 6767
3008 3752
9633 9864
6630 8441
644 4880
3155 4608
2584 3534
3052 4911
9548 9653
8151 9018
9768 9943
9164 9404
2827 3718
6390 9646
5021 6269
781 9257
5650 9494
9208 9333
3446 6547
6057 6823
2475 3581
5424 8830
804 2038
1241 3074
2133 8106
7852 7889
5990 8484
5786 9049
1503 7766
7071 9817
8414 8560
9432 9761
8389 9503
338 959
8287 9075
4925 9756
9100 9833
7561 9236
5477 5584
7286 8552
5382 5467
1419 8106
423 6285
5394 9578
6920 7901
9047 9051
6487 8526
8422 8914
3479 6601
4310 7478
6169 6542
77 648
4500 7204
1267 7261
7787 9101
9308 9886
2410 9548
4179 8878
115 4242
2415 2650
2201 7290
3839 7030
9759 9905
8374 9714
9853 9885
7267 7913
949 7291
2537 5330
7921 8237
1693 7639
310 7795
1539 3867
3520 9010
2758 2938
9913 9969
4850 5226
2728 3356
4086 8634
5056 7583
9135 9613
1385 9911
6472 9293
561 3611
9378 9953
8399 9389
8123 9589
3741 8129
9556 9827
1010 3665
1321 3091
907 2065
2436 9141
4802 7979
4446 6798
3711 8141
3867 6269
486 7461
771 6199
6557 7998
9745 9831
7173 8402
970 1763
8026 9578
5402 9101
4091 8829
688 2532
3830 3949
9849 9980
2590 2711
3525 5373
2112 4289
372 9253
5843 6584
4351 8676
3890 4676
7079 9336
8140 9863
2664 4487
6645 7834
8548 8974
5692 9095
9818 9821
9285 9863
8735 9451
7607 8329
9702 9919
8148 9779
5588 5666
3818 6239
4109 5354
7029 8127
8282 9001
2102 4253
732 1909
3285 8568
239 5292
5599 9471
2739 8024
6505 6676
6825 8206
6509 9446
3318 9565
6510 9928
9750 9776
1234 3611
227 6421
84 1327
6273 8714
6604 8189
6628 9879
3618 4788
5074 9785
6674 7220
3374 8819
9907 9929
838 9600
1104 9989
4756 5852
2276 4445
9693 9737
5364 9554
3239 5424
855 7892
2921 9392
2561 5779
1224 1791
9125 9688
6675 9667
3598 7055
5570 9060
1453 7280
4929 8689
7318 9257
1060 4574
2542 7941
9617 9833
2234 6759
4609 6329
9080 9578
5469 6790
2554 9895
9938 9974
7248 9324
7303 7482
7013 9683
6568 9128
6300 8431
4629 6088
9606 9838
2182 5429
325 8853
1717 4941
769 7431
3696 8766
9420 9461
6990 8409
6909 9973
6065 9392
9147 9848
171 2919
8542 9104
405 3689
8785 9385
7638 9730
7057 7462
9851 9875
2840 4758
3216 4361
8497 8967
6215 8815
6341 9242
6730 9781
5782 7141
8881 9534
1297 4583
463 7010
2716 5446
5886 7519
5149 7517
2330 3838
4749 6566
521 4407
9947 9998
5738 8291
7810 9014
6186 6415
253 527
371 1526
5764 6234
7636 7699
1784 3379
6834 7956
3875 4767
8279 8493
7248 9070
6023 7124
9604 9934
1735 9684
3289 3767
2401 4911
7750 9472
9681 9908
2960 5133
6192 9224
8028 9444
5381 7865
5807 8289
5991 7238
5809 6781
5539 5870
3734 6145
7625 8105
2096 5929
7173 7183
4032 5533
7690 8445
5049 9177
7572 7996
7931 9946
2274 6925
4219 6197
4584 8174
4340 4850
1178 6414
2118 9626
1733 5831
3484 8316
6479 7775
5371 8402
5388 7135
1383 9243
9054 9722
3751 7201
1342 4133
3781 9069
7608 8185
85 1873
6036 8160
4310 7832
2295 3133
9023 9291
6539 9196
1856 1940
9499 9755
3527 9941
4844 9413
8965 9638
4468 8340
2493 3838
6627 8851
2974 9779
5651 8566
6718 7025
8233 9937
6611 7869
8184 8790
3623 7876
1652 9769
9190 9672
817 904
1995 2745
3669 4022
2532 5302
879 3685
5102 6628
8820 9012
4487 5315
9957 9991
7268 9085
8210 9950
1328 8721
590 6679
1397 9516
4776 7351
532 1997
7209 8162
3843 6909
6299 7930
7859 9731
2853 6430
7102 9935
2145 5210
5829 9577
2540 9281
5628 6520
4767 7209
1338 9011
2661 3481
9349 9539
6980 9886
9926 9940
2730 4117
8323 9175
61 3557
9387 9578
9588 9909
3892 6989
4383 5643
3378 3966
4093 4510
3526 7073
3263 3785
8233 8957
9579 9825
5958 7492
8350 9368
2573 8082
2351 3430
9107 9822
8760 9793
4711 8958
1909 9364
2993 8063
1984 4805
4595 6620
8605 9191
3222 3801
9366 9663
987 4730
9363 9714
3652 5282
7869 8947
5540 9343
9902 9930
5660 9468
3549 4223
9734 9898
4337 6610
631 6302
2364 4627
1427 6695
2856 3032
4427 9133
1771 9792
1304 1639
8083 8140
7891 9291
2286 5799
143 8011
6886 7952
9522 9982
4673 7056
7150 9625
912 4017
5300 9822
8036 9743
796 4839
5627 5697
9767 9965
8783 9530
442 9247
5385 9810
996 2638
2278 7220
22 1795
298 8278
7916 8490
4370 5894
7907 9633
8862 9091
7260 8847
7641 9754
4625 5582
4958 6282
5438 8259
507 2653
4523 7263
9529 9631
5321 8157
9120 9189
273 8601
7673 8381
7319 8006
8644 9973
2333 3178
747 3589
3536 5866
1135 6429
6134 9075
9146 9797
548 2325
3934 4108
6266 7641
8984 9341
5105 9981
8370 9015
265 9395
6214 9511
1052 7470
183 8971
6403 6526
8447 9790
1293 6077
4903 8664
8049 8357
9696 9884
7344 8930
3881 4828
7625 7641
8184 8927
9188 9903
4308 5643
8852 8991
3103 4557
6194 9974
7841 9483
889 9341
6168 6188
1561 6185
3024 7871
4837 8023
950 9314
3039 3781
9918 9974
5122 9116
8824 9663
9607 9690
7059 8149
2532 9133
6630 8974
9749 9995
5944 9726
6365 8610
7379 9180
5176 6356
951 6057
894 2632
6238 9959
1875 6487
9711 9885
8797 9202
8428 8483
901 7702
9563 9713
2679 8358
7922 9216
1362 8096
4053 7104
5363 8654
2364 2460
1070 5534
9151 9224
449 7793
1953 6544
7077 8646
9917 9955
7392 9783
8765 9353
9302 9920
6213 8736
7820 8653
4663 5185
5604 8285
7734 9196
2171 7848
9215 9900
6946 8677
4110 7649
2458 5032
529 8243
9186 9621
1483 4467
1733 4955
9896 9897
5655 9094
6568 9358
8323 8769
7894 9693
681 3267
3157 9227
2257 2374
8254 9517
4851 9075
751 5781
6436 8407
5188 5587
2028 3180
1806 6450
1223 3625
4279 5590
7299 9402
5518 6231
9115 9503
2106 5954
5600 8028
6975 7102
4063 6501
8052 8357
1448 5478
4393 6743
2420 5609
9856 9860
5294 9158
7263 9730
9676 9682
7141 7439
7913 9976
2353 3027
5601 7267
4682 7239
2926 3464
4519 5998
4179 6537
1691 4065
506 5031
4509 6650
9220 9566
7995 8974
4823 8052
6381 9151
3962 9568
6308 7756
1780 5060
5712 9705
9253 9897
5961 9188
1076 7564
4999 9120
6872 9604
7082 7192
714 7355
39 3091
464 2407
3070 6246
8486 9260
5841 6138
847 7549
5814 6012
8116 8655
2703 5527
1580 7468
3921 3982
5629 8200
7068 9616
8827 9025
3098 9670
4333 7411
4007 5825
1363 8489
8609 8825
2256 5121
2759 5133
7946 8454
5060 5998
816 3607
4195 8619
4860 5394
8206 8871
6824 8700
8938 9876
4883 8011
2572 9564
6728 8570
9546 9930
4086 5515
6924 8338
386 9545
9134 9700
9538 9917
9044 9768
9473 9696
9164 9233
6211 8282
181 8005
6040 6489
9033 9240
5604 8595
3273 5512
2808 8768
6839 8427
6591 8537
4288 4970
9546 9756
4863 5057
4188 8010
7116 7454
924 3854
7299 8795
2123 6825
7872 8506
332 2418
7115 7415
1044 6822
5750 7983
1221 6755
7712 8534
5145 5658
2711 5892
8963 9618
712 7564
386 3462
4633 4651
6340 8667
3474 8464
1681 2310
8698 9783
3974 5345
9967 9982
9176 9920
7877 8033
2834 4582
490 1876
5113 9365
8236 9765
8452 8568
8946 9182
8506 9455
4429 6716
6733 8328
3902 9437
6228 6701
6203 7173
8426 8633
7700 8564
7252 7394
718 8777
2307 4591
5570 9125
6505 7503
1346 4261
2499 6311
2037 8679
5321 7030
7560 9581
2850 7419
4534 4624
499 3242
5460 8682
7617 7960
8232 9121
5832 8800
219 6298
5677 8400
7805 9883
8173 9456
1913 7446
9198 9633
8958 9973
577 8969
242 8529
7817 9649
3735 4297
8079 9379
4505 8414
8145 8829
4210 4387
5214 7803
8206 9580
8419 8769
7928 9462
6436 8317
7178 8997
4142 5861
4604 9876
7948 8306
5020 7604
8332 9275
3421 8976
2219 3669
7457 8561
6258 7273
8179 8896
6929 9638
7582 9144
3979 4436
1080 8612
5669 8405
6108 8137
3959 4934
6952 9945
9988 9994
5098 5231
1648 8092
6484 9893
3509 8644
7142 9564
7494 8591
3029 4336
9572 9649
5755 8835
7100 9115
7367 9093
8266 9514
916 5225
1034 6132
9441 9907
4495 9265
4716 6815
1781 4573
2958 3182
5058 6720
2616 7647
5364 9468
4288 8115
9558 9753
9487 9656
6207 6682
8350 9079
2933 7409
4551 6727
2662 5065
7035 9631
3828 8147
3002 7078
2691 6357
8628 9282
3169 5006
6132 6402
6231 9343
63 8845
7772 8221
6360 9708
3655 3682
4556 5490
878 6992
2731 3496
1005 1499
8435 9514
5184 9238
6630 9127
1228 6130
6750 7691
6248 9306
7501 8437
4617 6596
2194 5932
2415 8364
6007 9480
6675 9068
2969 4138
6072 6518
6226 7616
7826 8264
28 6625
3905 6004
8502 8818
9576 9619
1011 8883
2195 2963
4016 4400
8203 8586
1997 9262
6140 7701
6916 7297
5135 9896
1588 3317
8800 9999
9584 9604
9763 9978
3498 6002
4730 9876
9008 9009
5501 7943
4113 8294
3678 7548
4894 6072
6991 9952
7822 8518
525 7443
650 9865
3007 9231
616 4798
3693 6054
6365 8057
1027 5164
8286 8393
5093 5845
3681 4010
5201 8219
5869 8769
6533 7129
4926 5352
3642 4230
8416 8818
517 8369
5943 7000
7668 8327
9959 9991
2135 2494
7729 9899
6580 7877
46 3829
1505 8807
4325 9928
3377 4409
7180 8769
6844 9460
9173 9336
778 3143
5739 7642
2843 7299
6649 7274
3816 6720
4131 5519
4431 6976
4686 8032
2851 4853
7028 9439
772 4920
6857 9881
2525 2901
5025 7954
9025 9756
2755 4572
4198 9137
4753 5918
1866 8097
247 1597
4605 9574
4253 9875
9846 9932
4539 9527
4665 6043
6567 6878
1311 7676
3296 7841
3448 6000
3733 5304
1321 4371
5591 8674
8669 9208
5346 9215
562 9840
6664 7432
1125 9390
6588 8029
2697 4032
5915 8958
8280 9216
2944 4231
8317 8908
7085 7630
2520 3992
6800 6923
2619 3062
4855 6383
2396 3805
6665 8982
3471 8171
2206 6949
3470 9912
2977 8854
7282 8348
1430 4969
6068 9224
7489 8980
8148 8697
5952 8230
7444 8218
1326 9209
7427 7992
4332 6978
3790 4126
1089 5929
7797 8161
1652 7124
7585 8249
7244 9271
7725 9055
7829 9183
9206 9726
7380 7647
1094 2192
411 6159
8628 9113
9231 9253
1129 6490
9754 9970
8939 9215
3352 8173
115 4493
7268 8517
8506 8605
8751 9589
8220 9416
3595 8786
1704 1873
1208 3220
7081 9741
5397 6632
4598 5760
286 6637
9287 9637
2973 3735
6585 9933
3785 6872
1897 9923
7863 9159
2397 5322
1231 8567
1072 7445
9175 9320
9142 9745
9786 9831
363 5325
8918 9167
3797 6512
9483 9998
3525 7280
2800 5379
4243 5931
9823 9827
1449 5390
8350 9166
4070 4483
9370 9575
1697 5090
2464 9140
8149 9564
5771 9546
1321 1750
3968 5682
7082 9627
8916 9512
2680 7690
9772 9944
8536 9734
7849 8832
3390 4108
5912 9182
1471 8649
141 7983
6060 6293
186 8419
6010 9398
7933 8349
664 1024
3844 7519
7792 7803
8162 8695
5044 7314
2744 9516
1888 3378
9577 9749
6598 9817
4942 6629
9336 9537
2286 4554
9692 9773
7366 9366
9942 9987
9018 9398
8785 9861
1584 9663
18 1072
9717 9959
6903 8713
1232 1649
7964 8400
554 8469
5027 7405
9076 9253
1133 5755
3242 8116
6694 9458
575 3827
3010 7424
9360 9782
8162 8430
3541 5645
2535 4221
4365 7701
6091 7350
8060 9178
7155 9296
7284 9374
9614 9736
9665 9798
4831 9145
191 4212
7850 9392
5464 6258
1723 4338
6984 9097
8533 9397
7703 9980
3227 6922
426 9810
6634 7308
7059 8381
3369 4154
3449 7887
2789 6586
272 2479
8143 8230
6446 6621
6865 9060
4021 7564
1674 7672
5244 6108
4835 6382
1862 4570
2939 7698
7551 8803
6629 9383
2812 5050
164 6086
9252 9360
6701 7842
7005 7122
5230 7246
4801 8966
5110 7338
6514 8029
8094 9752
5883 9846
8493 9208
8987 9398
421 7234
9152 9596
3343 5669
4442 5008
3236 4037
5890 9681
2410 7307
6592 6847
8470 9600
1804 9332
1786 8293
682 3281
5550 6468
1957 8139
3727 6117
1225 1382
5698 9481
1530 9698
6585 7210
6631 8998
5836 7961
3752 7213
8140 8670
9746 9884
8387 9766
4115 7235
6259 9426
5333 8655
1689 4288
9438 9906
7098 9752
6571 6664
7533 9769
2663 7883
3466 3995
9830 9864
8848 9738
7788 8029
6573 8928
268 9464
1440 3733
8655 8822
9077 9491
3651 9423
7164 7989
4569 9899
2969 9215
9657 9914
7056 9439
7998 8804
622 3949
2039 9239
253 3376
5493 7550
2868 4883
2918 3898
3172 7772
6743 7305
4400 6893
5706 6156
8296 8487
9380 9930
5027 9121
5076 7034
2167 7448
4823 6162
8040 8194
2778 8188
7050 8365
8587 8965
5639 9930
5267 8153
143 9955
7600 8652
1347 5559
734 7444
6811 8082
4682 8001
1571 3525
9298 9307
4942 7667
3301 9165
9617 9863
2718 4937
5987 9395
5428 6688
8793 9046
1647 8930
6810 8185
370 2275
8112 8178
9880 9906
6997 8145
8333 9701
1535 6325
5755 8428
8522 9640
8200 8309
4258 8974
4134 4997
9770 9936
1330 3113
3278 9713
6010 6384
1095 5447
5578 8881
6174 6873
2147 4581
3990 6757
2450 4051
2617 4422
6983 8782
3854 7443
9573 9643
7787 8425
5113 8715
6083 6225
8925 9766
4641 5863
3476 4099
469 3486
9447 9546
3122 9551
6279 7318
6643 9323
6280 7758
2155 8463
7033 7106
9742 9797
5717 8258
8184 9911
5833 9722
8660 9603
3651 9811
2647 4544
4050 4671
7514 8405
6728 9698
7001 8889
5931 8572
2848 9922
6939 7624
4525 6682
9845 9889
9371 9573
259 3107
4434 8239
1316 7870
9299 9797
4135 6063
8914 9655
4594 7856
2455 8985
3523 4545
6962 8148
7909 9566
5324 8284
6608 6636
6717 7145
876 4645
3216 6860
8428 8752
1066 7420
9867 9979
8246 9997
5800 8477
3168 3766
9079 9240
4172 4614
3589 9759
2843 7160
3037 4867
4415 9731
3545 7131
4124 8979
7977 9636
7715 8903
5534 7884
2749 9006
2280 6077
9924 9985
9466 9688
2917 5632
20 3036
4414 5099
6008 8688
9835 9940
8122 9512
4320 8956
2154 9660
8987 9123
6200 7169
1054 1233
3050 8785
1090 3751
7653 9777
6435 8843
122 7737
6667 9654
8229 9273
8839 9322
8393 9078
3016 4731
1380 1881
571 3564
4806 9139
1991 7935
2170 2260
7679 8607
3641 9585
6078 8960
2446 8591
7151 8581
3420 7520
340 4002
1302 7792
1894 1982
4050 5896
7114 9357
7257 9864
2853 8174
2246 5320
8811 8960
4389 7933
8732 8743
3531 6469
4750 5885
8635 8818
5612 9319
5538 10000
8310 9057
4708 7589
8718 8968
9838 9928
8532 9748
9065 9914
9378 9875
8478 8952
7345 8920
9975 9988
221 852
7057 9259
9883 9969
7675 9237
8197 8381
4233 6326
4103 9336
540 4007
7894 8281
1888 5421
8015 8519
486 5612
4014 5173
169 6193
6106 6624
3811 8512
4872 7164
2029 4760
9548 9866
800 3611
1604 2087
871 4902
445 2868
9082 9610
1191 7031
4616 4900
3194 6241
734 8149
4767 8461
5533 6213
3672 7082
5694 5723
2625 6695
2756 2772
5706 7605
6802 9819
5727 9339
851 7111
8298 9200
2584 2673
6537 8456
8608 8874
851 5972
4212 5207
3523 9100
8833 9838
4893 8155
468 6886
8216 8404
2768 7806
9566 9767
1059 2019
9091 9839
3272 4861
3616 9847
9062 9721
1209 2750
3668 9260
3174 9097
2126 3712
679 2848
7733 8440
8042 8195
5734 9416
2699 3218
9669 9815
1878 9982
8831 9244
4172 5054
2777 8638
3332 3854
7849 8989
6064 8780
8145 9059
7568 9906
7236 7939
5069 9771
8700 9859
3792 8569
4664 9926
2891 8991
7361 9888
9851 9851
8330 9662
7615 8218
9740 9878
1981 2069
8336 9446
4642 9301
5796 7791
9053 9528
7036 7138
3541 6858
3188 5983
927 9986
7116 9181
3500 4708
309 1059
6905 8359
6630 8138
3352 5714
5166 7963
4601 8737
431 2950
653 3704
3375 8133
8923 9249
6663 9210
7678 9453
8471 8963
2318 2617
9407 9940
108 3597
5877 6539
6694 7851
3218 5560
6677 9615
6363 8256
4552 8786
9665 9944
8447 8809
9996 9999
1638 7855
8185 8753
3861 9452
8600 9198
2670 4406
202 3565
127 5171
8566 9186
636 8369
8683 9564
6009 6197
7271 7692
7478 7876
9087 9620
2533 5658
9072 9862
5913 7920
8934 9003
9238 9557
9772 9851
1054 2771
8780 9155
1363 8737
4525 5988
9072 9113
6524 8359
4857 9517
7425 8540
2147 4364
2906 4423
7840 8464
2726 4304
4662 9553
8906 9845
8270 9530
2668 3684
8701 9848
8411 9616
185 474
7685 8323
273 1690
6630 9800
9390 9961
5278 7586
6664 9576
3728 4260
5686 6541
6379 8561
9201 9694
8030 9457
8078 9812
1832 7172
5686 8471
5016 8289
7613 8320
5899 9148
9029 9251
3171 7496
9070 9585
4865 5314
2291 6360
3851 7859
1539 6465
3184 5218
7845 9347
4376 4985
7358 7648
1058 5430
5550 7802
1362 9581
579 4464
9286 9422
8943 9511
6566 9428
8720 8858
6924 7145
884 4973
9182 9800
2828 8309
9888 9915
7515 9860
1258 8903
1108 3531
7073 9945
9456 9627
7776 8899
6533 6626
1704 9651
9806 9984
5956 7151
9455 9725
2410 3726
2861 5979
2818 6808
9602 9967
3931 4435
3154 8012
6979 7170
8573 8933
8379 9550
9010 9906
9083 9592
8835 9215
4613 4947
3935 5332
918 1559
2901 4031
3693 9120
7951 8868
941 3018
1469 5769
8507 9312
1707 1747
5855 7286
5075 9467
4436 4498
9112 9730
4959 5426
5270 8652
6437 9825
9772 9977
5492 6491
3028 5127
1569 3678
5531 6103
3726 9506
4412 9519
4862 5962
9656 9963
9319 9613
8463 9552
4178 6200
4797 8906
149 5168
3139 8929
2808 4659
5915 9805
6675 7090
6601 9911
482 1747
3568 9538
8661 9403
5855 8214
794 6553
6182 7759
1016 6545
5093 8643
8218 8254
4492 6590
6186 7172
2424 6738
3644 8671
4829 6759
9044 9688
3051 7210
6563 7670
9564 9825
8928 9120
5061 8530
159 5135
5397 8403
1041 5658
8639 9375
1926 6014
3377 5518
3975 9873
1624 9177
1175 3049
5347 6376
141 554
5624 9880
8040 9298
7376 8376
4346 4586
2414 6525
5824 6545
6760 7608
278 5335
1289 1825
8079 8329
9091 9669
1379 7834
4739 6552
6638 9003
6127 7410
5203 8564
409 7972
2243 8751
9579 9881
4637 6033
6473 9445
1411 8774
8951 9842
7081 9772
8668 9115
8649 9395
1424 3373
7307 9923
8963 9747
5277 7498
6713 8951
6150 8790
8854 9662
8341 9263
320 3217
2888 4517
4466 9222
8179 9729
7351 7757
6659 9801
4603 9249
9308 9697
219 4693
5582 8317
7597 9122
7988 9298
1705 3044
8873 9669
3726 7106
7053 9833
268 7566
9681 9742
2076 8048
8597 9654
5840 8551
8336 9023
4008 9037
4599 9597
9460 9971
7283 8425
5337 5971
9831 9874
3110 4921
3572 5868
2656 6759
1648 5896
2746 3034
1252 7147
2371 3050
7719 8366
6663 8925
6414 9426
4304 5157
5434 9709
3250 4159
7105 8641
340 6306
3663 5230
2104 2126
784 7665
9656 9662
3290 4956
6585 9779
8567 9984
3115 3720
5425 5853
1983 8264
1531 2991
8916 9000
4881 5399
6712 7504
8139 8782
6558 9462
201 4952
9424 9438
5996 9056
1858 8165
2387 9136
7578 7748
7353 8555
5315 6436
1324 1842
5309 7473
8805 9586
6188 7359
1608 3751
3749 9516
9220 9317
4522 4757
3221 8718
8564 9845
4237 5888
2445 2752
8606 9346
2989 7880
9039 9546
3411 6910
8754 8958
8112 9461
4502 6966
7392 9203
9026 9802
669 6357
2575 7673
3951 7020
4083 7740
8087 8261
2061 9629
6413 8247
3814 8293
3424 6518
944 6443
8314 9951
2005 9100
1648 5364
8948 9076
126 1537
8474 9526
6870 7078
9867 9928
3251 5483
8411 8461
3684 9377
5711 5921
4401 6214
1662 5074
4131 6143
3043 3958
4232 9589
7919 8168
44 9922
3060 3629
5327 7917
7402 8440
5285 9851
8653 9759
3180 4254
7148 7500
2253 6088
4815 8126
7765 9773
6190 8867
5132 6289
5936 8706
1897 8568
2023 2370
4034 6266
6601 7600
1285 8912
7170 9892
6501 9466
8764 9131
7872 9633
1922 2069
9034 9985
3527 7264
5096 6776
3524 3909
9612 9820
8988 9811
3036 9217
3371 5491
5267 6708
6307 9243
9354 9879
7415 9242
1318 9892
3426 3851
8540 8736
4424 8461
7575 8944
5452 8775
7853 9952
7891 9530
6852 9880
158 5193
9198 9631
6172 9365
8157 8268
4545 7560
8747 9541
1312 8547
5229 9040
5496 9390
2249 6882
7432 9027
4438 5121
8227 9393
4328 8460
382 3035
5685 8960
6123 8127
376 6383
4581 7223
6752 7938
9519 9537
1388 5013
2565 3551
2204 5731
6852 7969
7287 8211
1197 9419
2802 2929
4517 6564
9150 9895
8199 8706
7995 8248
2319 8527
1848 8841
9119 9690
2032 8940
5070 9261
143 5209
2738 6630
7814 7911
4910 8428
9305 9738
8409 9994
119 6754
8879 9101
953 5116
4791 9121
3335 7448
6127 6426
9565 9686
5878 6886
3829 6629
9019 9195
5233 6271
2033 4970
6101 8932
7844 7902
2642 9316
6503 7387
4162 4933
7751 8590
5074 7970
1463 2579
5967 9391
1714 4840
6397 7918
1512 2977
1341 4026
3222 3685
2655 5715
9498 9772
3672 5795
8583 9074
2880 5897
8821 9510
1294 2491
6359 9950
2768 2857
765 5225
2227 6648
7200 8767
780 3961
4282 9949
1635 6101
2040 7817
824 8585
3342 9793
723 4046
1282 6516
266 554
7682 9320
5789 8489
1646 8588
5712 7696
7818 9721
4596 4918
7709 8611
1784 9703
8243 9412
1554 4327
7581 9429
2857 3733
9608 9858
1282 3070
219 1003
2300 3354
2567 9104
9584 10000
9488 9985
8012 9638
7797 9758
6488 8834
5935 8276
3909 9448
8239 9991
8463 8787
5937 7556
3191 9451
5789 7956
5815 9280
2767 9001
4958 5456
1295 2219
9815 9911
4398 9729
8458 9818
3121 8401
3065 5601
1299 2397
199 9716
2648 4807
4314 5102
4366 6106
2721 2780
1293 4550
8634 9377
3964 8529
7339 7362
8393 9262
303 9521
1240 3385
5379 6894
943 3276
5374 8964
4655 7813
410 3228
5674 7254
5145 9997
5201 8496
3093 7715
8229 8825
5538 8883
3917 7085
6946 8647
6405 8407
4554 9035
8563 8966
3737 4405
2182 8318
4643 5598
7480 9284
6429 9854
4208 8313
2186 2339
7251 8745
4724 6747
1479 2770
9834 9962
3087 3170
7145 8306
3463 8016
4892 8152
5648 8453
2183 6739
9656 9774
7123 8828
3289 8929
4130 9932
6151 7243
6507 7990
8579 9977
3629 5884
1306 5436
9371 9428
6860 7254
4217 8557
5379 8135
9070 9154
9729 9954
5659 8852
6330 9221
2044 3259
3935 5552
2616 8449
8289 8289
6409 7811
3176 5443
851 8829
2404 8543
9406 9432
7191 9123
5493 7649
2565 4563
7247 9531
1217 1294
9743 9885
4847 9714
8176 9844
8913 9410
5803 9082
3506 5115
3638 6896
944 1864
4790 6237
3729 7352
4966 7046
231 8173
1420 6135
9631 9763
2838 5376
6448 6841
9571 9811
2120 3395
7364 9323
4231 8674
4463 8606
6895 9013
3462 4260
3815 5182
5371 6599
6062 9189
5424 5956
7661 7889
2996 9102
8385 8834
6836 8712
9587 9759
6763 8032
2940 7422
7012 7651
7663 7722
9586 9905
9189 9555
2317 7674
1546 2878
1778 2121
2460 6809
9177 9975
6798 8439
6196 7277
6046 8532
1497 4602
5832 8580
3663 8638
3739 3952
5311 7224
5417 5814
8319 9400
5494 6410
5423 6266
8140 9397
8523 9219
732 4324
6248 7713
5082 9575
61 4331
1309 3832
186 7509
3474 4567
4507 8132
7275 7461
4829 4859
9499 9644
3422 6431
1853 7802
1999 4778
2454 2496
5431 6668
424 2664
577 695
2043 2320
4955 6461
9419 9953
2280 8270
5168 7923
5828 7629
7669 9853
5125 9876
1301 4592
9377 9437
9161 9977
8113 9529
2066 3005
7473 7889
1943 7858
2894 7980
9715 9764
6078 9987
6037 6197
2178 7167
3045 3047
6503 7575
4575 7894
819 8960
5644 7051
5789 9034
5864 6924
8656 9195
9306 9931
7357 8493
6345 9733
7454 8249
8505 8652
1820 5323
9116 9954
5594 6521
3835 9081
2502 5851
6067 6862
6558 6560
8308 9251
5467 8952
1568 5119
8973 9355
765 2465
7922 8521
9821 9962
2718 6344
186 3410
643 1158
5238 7306
9571 9789
1268 9452
4064 5305
7107 7731
4878 5871
1003 6989
6084 8635
2851 9894
3844 3848
1554 9744
699 8084
2796 3784
3951 4345
7847 9119
8313 9514
7696 8114
5516 7605
9632 9699
7439 8274
2171 3624
6984 7779
3213 9274
4575 5536
8911 9438
4330 5248
3685 6602
7742 8613
4306 9131
4571 4919
6410 8678
2182 5034
3717 8302
3467 5222
6025 6691
3228 5566
7578 8781
7731 9057
9654 9823
1247 9237
8219 9357
7768 8086
143 1867
9291 9755
5227 5714
7091 8598
1213 5170
6991 7244
2033 6354
258 2689
7532 9958
3924 8918
6018 7884
9621 9965
7391 8262
4521 9595
413 1059
9153 9188
8631 8918
6067 8951
2410 9963
5684 8549
3692 7572
7304 9075
8447 9662
9126 9300
1868 2080
4280 8896
5343 5864
7520 9145
6525 9123
9908 9915
367 5873
2527 5559
287 1283
5343 7993
5502 6002
2898 4845
3982 7078
297 1023
4071 8268
7416 9968
5676 8790
7966 9192
8253 9990
4312 6512
9711 9801
7436 8015
9681 9765
4427 6891
2968 5880
1405 5243
8982 9747
5645 7822
5008 9992
4498 5036
2516 3987
914 4527
8660 9586
711 8411
8314 8506
4263 5975
1271 1730
5787 8680
4617 4845
3045 8476
1520 3283
4014 4293
4121 8161
8817 9840
6398 6766
3867 7052
3166 6763
3885 6236
2225 4573
9939 9997
8735 9805
1901 9950
1122 5911
1787 9256
1915 7568
631 1150
9898 9909
9858 9869
9876 9988
7154 8366
4182 5994
5692 8361
4307 6581
962 2189
1704 7852
1202 6021
6945 7797
9526 9627
5181 9735
7597 9433
537 3432
7778 8748
4719 4967
6358 6530
6514 9956
6438 9396
2202 8065
4352 7276
9967 9990
4319 8685
4710 6776
1561 8515
946 6723
9556 9734
8081 8875
7207 8317
5740 6242
1045 7815
7671 8051
553 6121
8918 9779
1334 7390
2916 8250
4996 9680
4 9986
8202 8237
5285 7166
2460 6430
492 7144
4288 9175
5778 7080
9179 9822
5821 8488
7231 9569
8553 9194
5588 7052
2608 4991
3144 5912
5383 9773
5972 6318
1837 5270
9757 9808
9214 9701
5284 8945
6981 7374
3294 9953
4042 6638
7697 8694
1838 6533
8196 9601
3043 6142
88 1388
5229 9875
2915 8768
8059 9055
7997 9972
4994 7273
7836 9707
4148 9408
905 2868
80 3901
9318 9737
9848 9908
1335 2975
5645 6152
6044 8004
4675 4760
8224 8425
8862 9761
1793 5624
6726 7586
7920 9094
9637 9793
604 3599
5926 8380
3221 7414
9903 9936
2051 2969
920 1377
325 5092
1512 2206
8171 8637
5747 9830
8568 9758
7124 9958
420 4734
4639 6117
2055 7474
3399 9363
7483 8252
2084 8804
7452 9966
4609 7045
1021 4046
4701 9606
7948 9531
2324 8280
7452 7456
3947 4893
7766 9103
9609 9980
65 6686
5712 6583
5870 6279
1836 3115
6206 6706
8222 9769
1349 9570
2566 5023
384 9905
5631 6875
5409 7895
4991 9401
3062 5063
5503 6574
66 8246
8719 9534
3758 8639
756 4563
7256 7935
5644 9200
2095 5170
1575 3315
1023 3971
4066 9929
9480 9553
3359 6613
1116 8209
639 3978
4336 9569
6126 8955
4630 7317
9512 9592
6009 8639
1738 7275
4374 8851
7520 8283
2729 8436
7059 9953
315 6762
7243 9573
7458 8513
9443 9569
4316 9168
9421 9876
4377 5777
7929 9210
5438 6213
6907 9377
7508 8424
6506 7045
1787 5766
2056 5176
3615 9925
1052 2367
7562 9719
1393 5873
1910 6058
858 9544
8890 9073
214 8588
4068 9788
5592 9206
66 4494
800 6699
6216 6279
3494 7140
8794 8933
2530 7096
9004 9199
5621 7971
9426 9710
1149 4302
614 3091
6661 7678
1697 7768
1384 9094
5775 8078
2595 3270
2246 4466
5999 8012
1911 6966
1811 7743
5834 9272
878 9222
8603 9114
1092 3597
3733 7189
4159 6538
1535 9459
6978 8301
4435 9613
8098 9014
569 3955
2930 4149
3243 4414
1454 9898
9150 9527
3302 4875
2372 9065
1871 6962
2448 4009
9028 9526
9670 9877
9499 9647
353 2995
7699 7752
5484 8070
2440 2745
5489 7223
4394 9670
1755 7121
2722 8695
2558 3000
4819 6323
9592 9857
4220 9197
9062 9588
5066 6858
9172 9606
3725 3879
8411 8738
4017 7778
8656 9709
9998 10000
3912 6101
2796 3933
7116 8258
7688 8995
8469 8866
4790 9858
8204 8319
7885 8425
8961 9672
5012 9413
7942 9354
8563 8920
2121 6479
8198 8531
8562 9192
5389 5783
5818 7511
125 1565
8822 9127
5826 6344
416 3405
5751 6241
8394 9595
8247 9608
3548 7767
7539 8067
4876 9276
3783 4171
4364 9785
6339 8058
283 7700
5726 7878
3558 7204
1072 9759
9445 9806
146 5273
6579 9486
569 927
2565 3013
2919 6710
7215 8986
3267 4471
5586 5751
9726 9880
571 4079
2360 6946
4783 7324
5023 9627
9099 9540
6710 9141
9838 9969
2671 7517
8060 8496
8352 8644
1756 7433
4371 7248
2572 8548
1831 2134
4278 8297
1892 4889
5235 8346
7202 8141
2748 8514
3516 7508
9469 9752
3190 8926
8941 9785
8879 8982
9674 9825
5099 5747
247 2828
9589 9928
2661 5393
5574 9494
9851 9953
8519 9989
2113 5843
5049 6278
2005 3797
3411 4029
8768 9503
1284 6653
4283 8206
9733 9850
6228 7055
8752 9007
2502 3022
9425 9485
337 2240
1312 4645
4166 8704
4842 6124
625 1292
1336 3896
101 7160
7277 7999
1610 4661
1277 7896
7179 7678
6900 9030
4445 9540
5244 8921
552 9755
3353 6065
292 2479
8724 9591
3841 7004
7915 8930
4044 6198
6280 8751
5186 7006
7329 8112
9447 9780
2544 5041
2897 5009
3479 9620
8754 9839
7012 8469
7825 9428
6384 6705
5182 9628
2307 2925
4231 8622
1840 5430
6103 8460
1469 9812
3556 4299
2284 3200
7447 8028
1321 9124
5000 8792
1046 8859
1814 2819
2867 6839
522 7968
2750 4069
9895 9963
1548 8741
370 8269
362 2621
5539 7909
7425 8900
2392 7434
283 5490
9715 9853
8317 9325
9297 9795
9782 9945
4245 7421
7 7551
8075 8103
2616 4739
2257 9572
2421 4928
6385 8366
2270 5425
6128 6601
717 1053
1908 6581
1061 3231
1964 7619
5118 9920
8317 8912
324 345
8492 9126
2780 9572
6694 8546
2471 8649
9483 9808
1475 6966
3662 8757
674 5488
1107 2041
9826 9917
4472 8688
9777 9921
3654 10000
1918 8912
6798 8102
4841 9102
6852 7150
7559 9291
194 4105
7550 8814
3614 5024
4464 7371
8676 9561
3504 8799
2666 3663
800 4749
7988 9903
8289 8931
7720 9297
3302 6681
4156 5780
4012 8880
1070 1194
4021 5305
87 1316
4304 5546
257 4026
9291 9917
4578 6848
874 9606
1502 2174
1917 6010
3962 8706
6051 6891
7403 9368
6028 9153
2406 9871
9038 9201
9983 9999
5510 7561
5519 8230
9290 9988
2419 8597
5997 6557
7721 9785
4160 5125
5633 7123
5076 5746
9863 9959
3962 9412
8571 9149
8198 8771
4273 7764
2568 6930
657 9510
7409 8411
1225 2408
9115 9219
4535 8244
993 6801
8150 8844
8035 9894
6414 6710
161 8597
1984 7487
2392 3056
924 7462
6898 7451
7743 8288
2110 9263
6974 7284
4096 7133
8186 9146
8864 9848
419 2656
9958 9973
9190 9475
2455 8707
4765 8060
9211 9614
9057 9525
8165 8644
2042 2298
1640 6572
8735 8986
6619 8880
7369 9627
63 3111
4727 4918
896 7794
2862 3044
3775 9023
2952 3497
2641 6682
1981 3786
2382 5797
5791 6052
2477 4560
9369 9612
1813 8655
7252 9537
8771 9878
6045 7479
5288 9279
2608 9623
6401 9149
1362 5439
479 747
8068 9029
7467 9471
5476 6197
3340 3478
9666 9756
7907 9812
4253 4381
6247 7078
8898 9436
8457 9568
1354 2601
1900 8697
7970 9160
5510 7966
9326 9892
7790 9019
4672 9539
1657 5049
6331 6727
786 8637
625 8522
2996 7504
5903 6276
3984 7817
6724 7202
4708 5769
2730 4352
9207 9731
8763 9298
7173 7391
7202 8294
1398 4330
877 6931
5709 6293
6873 8903
2044 3973
8023 9018
8213 8731
5344 6111
1694 8990
7660 8839
5172 6644
9468 9923
3253 3387
8069 9242
9305 9995
8994 9253
5259 5767
7858 8955
4739 5800
9250 9990
9545 9802
8056 9744
8226 8996
4656 7744
8271 8390
9354 9489
5722 5757
1305 4762
1345 3887
3761 6795
7439 8777
953 2442
815 7262
2521 7728
9163 9748
4194 8368
4492 4727
3305 5834
8087 9054
5268 7685
7813 9166
8311 9702
2597 8230
799 8372
4119 8522
8727 9727
7057 7583
8791 9369
3769 7992
3479 4723
753 5505
1413 1832
4694 5775
7840 8852
5250 5267
3019 4170
6847 7532
2169 8282
4260 5297
2335 3187
6965 8402
1297 9469
230 5531
6846 9112
6340 9436
9026 9722
9607 9769
9971 9975
5271 8812
9869 9934
4780 8237
7242 7617
7877 7894
7795 9115
9292 9845
9829 9980
7969 9659
3101 3903
7416 7521
3329 4007
427 561
1417 9132
2461 9864
8193 8367
8621 8971
9040 9964
3655 9834
4249 7686
232 4817
6725 9042
4453 9944
5977 9741
6085 7853
5618 6251
4448 4672
1864 3266
5289 8289
9771 9982
3891 4855
6711 9530
2880 3934
8287 9819
1774 9503
7920 8211
2836 5019
8941 9592
3745 8128
4679 5159
8334 9706
6765 8312
4374 5588
5091 7648
103 3932
400 1869
250 7796
616 5762
2607 5626
5664 5793
3341 9633
6399 6458
7171 9431
1453 4704
2301 6992
3786 8610
1197 9449
1223 5225
334 6517
9749 9883
5468 9043
4337 8725
3719 8212
1276 9129
3179 6744
5609 8426
9925 9934
3580 7423
3215 6528
132 8073
71 5755
1773 7068
1127 4072
5075 9401
4686 8405
8368 8514
4146 5895
9195 9915
2243 3876
1059 2822
6373 6954
4565 9945
171 7491
9218 9299
7973 9132
9751 9815
4412 7001
3864 7381
6605 7512
7122 9711
9270 9690
1034 1957
1389 2189
8625 9806
8168 9013
4224 6326
8156 9562
3052 8932
2887 8738
378 9182
8443 9743
335 9004
9915 9997
2796 9820
6151 8574
39 4805
7937 9080
1261 7470
5798 7538
4343 4493
8680 9487
9752 9819
7714 8029
6032 9423
6222 9020
8963 9538
5379 6565
6597 7712
4988 5192
750 2989
1802 8391
2605 9604
5491 9348
9168 9246
6847 7691
6572 6966
9506 9599
6195 6912
8410 8615
3395 8846
3337 4939
2232 4575
7466 8400
6681 9343
3632 4894
4601 4971
8920 9198
2056 6475
9587 9835
8978 8996
3029 6620
3137 6074
6190 8251
9148 9723
4844 5578
2192 9309
9861 9957
1990 9659
2460 9261
2788 5231
1447 9992
3021 5416
2443 4215
544 4945
6534 8358
7770 8419
4229 8190
5120 9889
3613 5168
678 9102
5964 8497
186 5987
6311 7278
218 8232
5215 8400
4755 6575
6699 9159
1292 5278
1165 4711
9114 9379
3811 5730
5097 7302
5292 5753
8160 8678
8441 9998
7679 9478
7591 9268
2869 3399
1962 3910
5076 7607
1014 2093
7759 8940
2789 6544
855 9368
7107 8960
7803 9569
1579 9736
8607 8876
6646 8272
2085 9674
8432 9129
1088 8139
7994 9173
1539 3254
4472 6073
4066 4828
310 8950
4101 8793
8488 9237
5121 9285
6946 9579
8469 9063
2107 4110
3530 6330
7771 9602
6183 9978
8273 9592
2165 6951
9319 9454
8630 9018
3734 6321
4691 5850
9662 9716
2918 5686
3365 7690
497 9232
191 2736
8552 9683
4375 6693
3904 5467
6832 7621
5629 8135
5398 9059
9423 9881
8044 8241
6961 8024
6648 7629
3629 5668
54 696
5508 7084
9303 9350
56 3526
3703 6714
6336 6374
8490 9751
797 3421
4062 8375
3618 7978
4286 6320
8219 9206
7916 9356
8543 8913
4737 8299
5639 9963
2623 2843
3373 3578
3566 4557
1013 7682
5935 8795
3988 6517
231 8703
5441 8898
9708 9745
7581 8543
8365 9925
5944 6976
831 8149
6556 8060
1134 2996
9377 9461
1561 7072
3425 6212
1535 3132
9356 9668
1830 6299
4982 9298
2168 5055
3026 3353
8384 8964
3617 7333
9655 9785
8182 9307
6619 8136
8905 9083
9339 9836
4015 6325
2314 4421
5077 5320
8755 9271
4279 6931
1804 4247
9899 9914
9667 9773
5047 8153
5861 8824
6662 8030
8588 8633
9174 9194
3264 8689
3639 8874
9966 9999
5732 6491
9524 9877
3011 5040
4271 8994
6953 9286
3335 8462
5294 7249
224 7073
8923 9267
1539 8085
2827 7576
8714 9206
756 6830
3684 6345
2379 9426
480 2716
571 1300
1759 9099
4544 6022
7297 7862
6637 7234
5720 9018
1656 8576
6457 6925
6935 9567
3761 6969
190 4152
1179 1813
5044 8463
8095 8676
5500 5560
3248 6510
8889 9016
8295 8347
374 4626
3557 6529
20 9805
1736 9960
5326 6393
2266 2430
5681 7773
9409 9682
3905 9922
221 6973
2307 8677
4241 9907
832 9629
2047 6835
6976 9991
8927 9503
911 2772
2323 4032
1821 5898
4126 8738
7052 9239
7348 9944
6700 8847
6521 8725
8216 8972
9738 9841
6907 7846
339 4669
5501 5998
274 4880
1139 2682
5081 9190
6448 8597
9635 9676
5635 7060
3524 4519
7054 9214
9529 9885
4934 9192
4194 6564
3904 7382
6662 9092
7719 9144
7006 8416
6511 8032
6281 9893
7280 9173
5763 5775
844 8108
887 7908
8632 8648
5767 7797
8788 8822
2486 6760
8244 9738
9255 9425
3790 9517
5020 6718
8620 9370
5076 9051
3626 4448
1902 4906
8624 9519
2598 4570
9868 9884
4150 6737
5067 8695
8940 9527
5724 9187
1153 5413
5062 7037
3003 6235
1092 6503
5884 6785
3518 9796
5649 7123
1161 6247
5378 7491
7138 8998
3328 9959
8725 9095
493 6065
7478 8945
8482 8789
8175 8260
989 6835
4741 6146
646 7518
1939 6183
4761 5660
6002 9934
8846 9615
444 1667
6723 7949
8189 8292
7602 9798
2922 5728
2822 4552
1193 5886
2116 5530
2973 5185
9109 9314
3573 6022
6532 8983
8249 9041
5662 8038
4559 8812
4719 7709
2553 2905
3265 9845
9880 9903
3792 4006
5430 7832
1358 8394
4442 9900
1566 4423
1493 6891
4623 8441
6202 7433
2891 8164
8984 9638
1616 7705
5210 5472
2980 4298
5545 7035
2495 9826
5263 5385
4339 4695
7639 8825
508 4766
9022 9990
9910 9925
8176 9194
6975 9538
6363 8076
4307 9205
7604 9271
1041 5828
6502 7584
3854 8110
2559 5726
3589 6955
7599 9323
5272 6495
5424 9942
5780 5925
6757 8877
37 649
440 8516
2528 5710
3791 7605
2596 8772
2030 8531
5167 5300
9640 9835
3530 9533
3073 6624
8755 9959
5498 6409
1386 1692
3069 5549
6507 9601
899 1680
4419 9607
9035 9143
3332 6630
7588 9256
2655 3359
9459 9650
691 3774
6268 7332
9894 9952
6736 7216
9978 9986
8699 9770
647 6302
2190 6156
1148 8780
6014 6777
8638 9540
4830 6276
553 6589
2796 4397
1778 8633
165 6344
6206 7768
5285 7014
9843 9902
1496 8217
3799 6260
9489 9677
404 9677
9015 9594
6755 6813
8793 9857
6913 9704
3404 6808
2795 6270
1965 4071
836 2841
7679 8566
9819 9906
1419 5792
6989 7090
3473 7391
3410 4684
6468 8598
2530 3757
6719 8988
1771 8703
2129 2957
3225 9379
7128 7962
469 9379
6059 9237
2327 7108
8770 8827
5030 7318
8184 9649
5850 7146
9856 9899
5921 8872
2707 9066
3940 4159
9789 9961
5233 7342
443 1046
4732 9618
22 3837
9178 9813
3985 8180
2679 7591
9744 9941
4411 8164
6549 9980
1835 2152
6090 7300
5382 8519
770 8414
8929 9655
5691 6740
768 8259
2631 2763
6586 8281
7549 7845
3787 4850
947 8452
9743 9787
7253 8816
1442 2234
2036 2565
4373 5867
6207 6828
6381 7256
6161 6623
6089 8786
9125 9987
5253 5711
4302 4409
1821 5737
8892 9560
605 7864
492 6697
5540 7094
7164 8869
2678 4024
1555 7035
3229 9001
4838 7106
8267 9789
4787 9151
3843 8421
2376 4802
317 3245
6780 8727
6337 9849
3865 7221
5617 7578
1750 8168
9824 9968
7222 9981
5834 9999
9815 9839
8897 9562
5813 7411
8375 9410
3359 3469
8215 8484
6804 9513
1526 6791
5933 9572
5545 9466
6616 9388
7454 9351
1677 2647
2583 9870
8693 9564
9389 9890
9749 9897
2711 9376
4680 9131
551 9140
1851 8002
4885 5739
4154 5640
8632 8908
9675 9849
1659 4156
2443 6623
78 9959
4520 9728
725 1782
2525 8999
2647 7982
4238 7796
3262 5659
1945 7344
8556 9362
8717 9125
4665 6215
289 7524
3609 7863
2345 4171
4353 8942
8812 9878
9299 9924
1706 9628
1632 8414
2112 5598
9972 9996
7800 7804
4771 5219
7515 8094
5163 5949
1268 2302
6034 8293
1747 9619
5789 9527
9695 9948
4963 5247
7831 9522
6585 9788
2387 6687
7872 9981
1753 9425
2088 9857
2726 9029
4199 5210
7643 8845
2017 2867
1373 8741
2823 7689
130 4810
7375 9371
4977 7030
2313 4336
4450 7061
3123 9884
604 6875
2001 4549
6102 6991
5890 8045
697 6698
1683 3687
952 1503
8567 9185
2276 2532
4449 6050
5014 8384
3606 4611
8374 9112
9807 9956
5294 8177
9289 9360
8805 9148
2881 8904
4933 9305
1390 8832
788 5350
7387 7711
2851 2885
1181 3414
1318 3674
9097 9776
1294 3451
7599 9384
4697 9351
248 5090
1124 4196
4886 8134
6963 8457
8383 9839
6957 8224
1083 1790
5253 9623
4782 8805
3385 7903
2215 2677
9445 9743
9967 9969
7013 7872
68 1081
850 8228
2767 8394
6656 9269
3752 4787
6790 9502
8068 8135
4014 8171
8013 9446
3461 5322
4109 8450
2038 3800
116 4128
1140 2070
8205 9743
9713 9814
1177 2359
7203 8319
8147 8722
2004 3210
1450 2159
9615 9997
6952 8259
6041 8322
8409 8765
7895 9407
9049 9645
8306 9376
8373 8606
8830 9384
8361 8952
7414 8120
4751 6578
7874 9684
4173 9656
2455 5045
6352 7834
2398 7838
5183 5280
3848 5421
8137 9047
5943 9417
7842 8368
8955 9260
4779 8002
4131 9371
5355 9217
3219 7660
516 7459
2621 7439
7844 9418
6501 7383
6795 9140
4335 8426
9158 9595
7471 7813
3791 9396
3858 3938
903 3802
8449 9615
431 8645
6997 8817
3400 5064
8331 8563
7604 9737
111 7171
4219 6456
8407 8946
8922 9011
9728 9914
1243 8685
297 7882
7634 8372
2563 7317
4984 6448
832 8534
7677 7782
3612 3659
7926 9912
3699 5057
6149 6310
8818 9948
9214 9760
4986 9709
1154 5428
4792 5009
1605 1786
3065 7640
2553 6427
5734 9768
2360 3454
3942 5716
4307 4943
1660 5305
3920 8386
1069 9127
532 6024
8398 9752
8585 9619
5177 7238
2999 7456
9522 9853
5807 6575
7158 7319
7129 7352
9781 9868
3020 8484
5692 6480
9336 9528
7 9993
921 4590
4204 9154
1257 9085
522 4065
4210 9504
226 8861
279 1264
4545 8373
6907 8439
5778 6986
3988 5615
3063 8243
6341 9536
9129 9396
365 1847
669 2833
1391 4123
57 1765
2169 4547
9035 9333
7272 8020
2755 9895
6129 9624
6457 9369
4472 5468
6622 8675
9588 9695
4138 6180
6554 7608
3055 9167
6503 8541
7163 8103
4974 6354
956 1813
9741 9831
4186 9161
7275 8145
9180 9398
7337 8819
961 1665
3072 7078
6718 7261
496 9739
9356 9848
1759 5449
4947 8791
5719 6926
4698 9030
6070 9304
8636 9094
7142 8804
5260 7294
8586 9380
2736 7859
6941 8846
7773 9571
9008 9860
2916 5742
6950 9052
4425 7743
5362 9259
9164 9871
4399 9017
2236 5173
1159 6819
8005 9036
2102 5723
2400 4474
7606 9506
5909 7240
9161 9737
9377 9669
8927 9957
5784 7159
5417 6474
8045 9106
8739 9068
8402 9843
7836 9980
8267 9365
3618 5280
4142 6791
9046 9207
3846 4445
7672 8645
161 3086
1775 6432
1071 2970
7137 7745
2810 7728
8577 8746
6768 6946
8270 8903
7175 7206
7134 7758
2280 5440
2370 4714
1583 1603
7395 9636
5188 8654
7086 8425
5246 8869
888 2658
1905 5139
960 1971
1504 6220
169 3563
1611 8823
4043 9433
9163 9724
8949 9565
5175 7678
6340 8456
6872 7137
3111 8571
9374 9516
1647 2915
6817 7783
2249 6000
190 9361
112 9009
2373 6640
9340 9952
1785 4597
6354 7888
7544 8538
3815 5229
4420 8147
4624 8283
2103 8701
7496 8262
4429 6021
6890 8308
4442 8886
2869 6860
7960 9616
343 1599
2385 2463
6267 9773
264 6835
7044 8639
9237 9320
3125 8884
3553 7150
79 6646
4940 7850
1090 8032
196 5902
6514 9511
3412 5203
4864 7332
8416 8749
5564 8462
6938 9321
426 1116
3534 3694
7188 8819
8563 9105
1345 3632
4883 6191
4187 8664
7992 9990
821 7111
7683 8061
4631 5742
3017 6532
6507 6605
4341 7016
6326 7889
5355 8873
8966 9544
6786 7505
8983 9243
7498 8851
5516 9011
2028 2073
8371 9860
7539 9568
2245 9532
3744 7415
7763 9165
9825 9953
5164 6589
5902 9504
9278 9707
3070 6085
7890 8787
7267 8103
4606 7389
2348 7164
7552 9615
4341 4344
4621 9371
5373 7364
1078 8777
1936 4352
9672 9742
3476 9370
1418 7378
7240 7242
9850 9973
6221 6475
9868 9887
4912 5981
6667 7517
4125 7893
9260 9821
6599 7374
9646 9895
9782 9914
1918 8776
6053 6323
636 3705
4934 9035
4687 8105
5234 8251
9267 9599
689 3957
3030 8315
4153 5996
8913 9844
7256 7555
5777 8009
4990 5055
5121 9829
6587 9433
7479 7514
3759 5060
2679 5574
8187 8392
1671 7998
7647 7816
7540 7542
5195 6586
3628 6337
572 6973
1308 8169
7555 8270
1230 5992
3001 6594
2684 9088
5273 7922
71 1227
4119 4736
2645 3807
3426 7393
2630 6191
4373 6493
2736 7191
4951 5138
8393 8604
5950 8425
8484 8670
6276 9114
2412 7874
5710 9580
893 8142
9714 9966
9751 9956
5231 5593
303 355
1415 5968
1448 6006
9344 9620
2228 9348
8188 9113
6174 7675
4276 9162
3822 5013
6015 6238
7702 8093
2160 7045
4279 6403
5208 8784
9898 9908
2625 8974
3944 5597
43 6133
4706 5565
1399 6285
7617 8263
2898 8836
5454 7389
8849 9736
2380 4448
8328 9476
1447 9410
1644 2848
7551 9069
8166 9948
6300 8944
1831 9251
9492 9939
6138 7038
9513 9559
8870 8908
9615 9912
4802 8168
2340 6290
4023 9858
3591 9030
5382 8283
2741 8886
7244 7827
3978 4748
3553 5637
1877 9790
2268 9474
8997 9714
7189 8740
1657 9099
2145 4666
7867 8626
2904 7490
4453 9492
1407 2968
4736 6640
8796 8876
1241 9220
9862 9954
9760 9911
7180 7494
8207 9015
8812 9949
7127 8227
2646 8035
5773 7444
9120 9299
76 791
7600 8978
3038 3269
5798 9187
382 5196
1417 3086
8113 9837
8607 9200
2812 8602
6167 6926
9450 9765
8880 9313
4232 8621
652 6737
6028 9136
7465 8326
8035 9006
4370 7241
5801 9468
5365 7391
3133 9841
8344 9841
6983 8974
5099 7269
4280 7431
2830 7423
2458 3170
5691 9675
1939 8244
5686 8439
3704 8151
2460 7987
2250 3646
4012 6703
2931 9939
