3542
480312701
419163877
579953756692607239893216
9
9774650
308464402091
6220
48333101
5902053405033801395584
57367080889179763579494693
2
212286127978164900047713
9207447885209271289047698
4041682331
602933621094405824
12730614526058
3243
562412018801317279
5740782785
10738256819
74391328816812
862
2000435958174349739510
28186057359935
2383172
3554634119962
1061775879001212414361572
50642213636429641444753
24917
9490061167065298953558460
5152468498074256
730328792
53811735151953
445
55
96900049542
4443
718547
60897959821
15632890773907
2842294
90243879966626
232061342891004937024430978
1343406182502224
7089759117398180394
28900463750674185991
147
182484957178948143572855523
7874158037938
937363232605925664824
9871913268351843486929
88965
88484056933204326863670
1990492706403
97740727047537073793819
43909253244302
33545
9087880337625
6297399
8086880073260891
308202413294552
218064999
228090289
34758998082229213493908541
37628793770334
7228
6313173
87777960920763
621885
80595366438660414344219
343
26885735616950545912419790
9449278769581184950530572
75511
184448231
6018
7894044086619182
78570545
7084589345355305950
431079776
754332689545943540862174
75016059021328
183
626686408381655146019
32497556908646957
8456787513723604
10
367146976
207736543061867
8308320
143934607982925194
78172908329937884
77301249807379286552
2801
416299
824320720165621506447
8222
44587369
8245070211893126999
530
682996439547241968304479
56944125623905184
6006
515795535864299269346285
8195818963427
57368471109081471154659
64974242
694295
8530799694068612145786
6095750208994436
93451464818257
4894154517716
53479774
50000076954516928320537
65122
7265466284432062669296
12381534091671
4997777987956823774
112904594671863044345171
4321
785366100229
7407123976038114419961992576
37530067359679
10823924273
3650168583956129407417317
9483275217
38956365087489822812323
1076052169419
528456620742
58089158026785432624275902
2543205793699889359749
5529
5209698689170464116
506061
93302
321337068656596974326611
484464726195803024501126696
73067287862862303902219
372
1455586416339189378763485688
48788539
61557842687433291141890961
2475162211856
32419636353696869918926670
6363529
964
4533217
4217
692621700563632473
674550563018038
2299362723754255
2798
9382101087116219841670
383428
9232063718465285852873993160
213729587696827
94907841049989101830201
8
696114225
2693981801730724680022813515
6665707692519904779951
71345309292163515425787302
64499769154067371717797
427218549258297737992890628
5617914331593137618585
83422701265232581380869
75
179462523960958
32797620224929056
5979363435963712499231140
98411958667641
42403812088346476693
8552868699595
923734857
478072
535758285839028350353867576
3007054
835107342
40851597376
197546071577370689152897
1
100243080462709
77174648712971569
3217447305018794603
4553224522249810
31563070499528823074
515462297
839108370663789794196036934
6
2144
3313072028499637520
41016
326524054
352638057462339215632557731
413468547282047305968
361393133222496038883
785396
387028455787837
37172035104371792969317
769192149597710571
938292
9286032698326876111784
28553130070187
83106382442
42202572959146
30940886529983801308994
30553330909205319324328
1052008
9670567765979630
57163266793
60873737
982
46666247
75003
73929
62506939
20
76914769
507419244918
6584076558
718089135679774016652059
3084836
691945581763741
521975134
474302171077431214
5855
707033336
955086336
733881749151492374940484781
94214
65053726321354957
414310386745356253886714
217216717790426
247101
74761671744085914238285165
9590759997073868747648179286
6315997934805613387
508437802174778596139
65574507666983658
742044553828296329238
8629687497971178345329
119224181316857979086844
87636683342621
50220506388
966751503278100365092392
90544701003449502987049197
211759390278
15
70
5198737263735998754295
86579999029584
9
76489770355433907
90180427298426251944980882
8008853133
136716727
2613
13361639462006
3493655492103180
6920982783
5685427965034550624085556992
8654237879092681223
839012726791785
791401739327037307903
10155233913021999620
1429035697304
6666165986551995692869415
10164743398776459611946
8092704232616351935938
3029455012495415883
464264458019619207647
1865644389492
719049698823
909644458223589526
173838661
732399596666917
790702211
512
95434262091239
9541119
7777563626562
46425513248177411649101236
8757704472899197048583
525396405554388
19774855678993438209056293
8408081333
2760352482811349271469068
8091245301138181695948715288
549708455798309170504
94
96924265834
35649533847083725
173225
400697657931427025
7843253071041498351586874
68906061127854791738112324
6964238
7567226
160454547521
116557490272
3395939
6223306107148860
2185353524496242727
17
6146668549615532074
11725734462095
8
954028561370352343704
26
47
463805974173819331663147517
39
4174695784674116
91273679538127247182606
8619776677362022723568
130751454780285771234443
99431529324495
763770112989050
7075777369
6632124700358736560363292
95487513569991068765091
77820855684618
9004
315544142433
85555149076430
65255759
615
608130988496374537649079091
30
131220063701
421137758
4054174201061460701
1375059469
682962361
5867132
481267517020328986616188
709792758544147702875083680
40469151762911400240736
7237408554117811351
71283894550178
861
93856204925
13775037752374484
3224295688895488095224
2
10
404996728089755752151124
1832198233791749058
3215478329330170396
7249442409862284918
979819846134538772769411
35962060544387016
243
202724
68
12329404402211260896949065
772
8137831054129
3
15535887468900782
80389854612891
8938456690797690
5429869248496648293322538
7
9
7144613277
3
275671468192860394986959
1427604619706736
48226918387515455950920869
6039256821268395018
67530334729176169710890
39126628691819
882032657887989996691726877
2515359808395173
37992071
826821
15604534690265630228
8286846091601854362590
970486404256
48518127282558
184178860458
926076689733252086561
5762919972427
7204600815463
603353753768818304172391
4
112
2620903952
72721102430012043857138878
72915615215109
30969151299381283979
298
13968985773320
2839346300143229576724674
994925609
27640
14184858
7988
302211837869540
7506726298966787112912950
63030265
1
4428058546253083670847
669
5922516463157355267
138389958212831071416981519
224103141787543716489806
69971004889567628
8373830573
692131681946491975786015445
7
485176316230103629
29
50084371274121604740479
605832133851
511440619786754929732983982
9
83324693911840087239027418
5335802296579094381
122506340549703049
2801206460268
34822
989199608838516990698909085
5226
987936084
5829209929369137241355
6
86
6437144129905614930150
329577296112
9135527
7562774759084
81504465194290
9458068021032606626205733
2
40912744289473
62143248293243724
96772178417
481752310571
8198
9
772160123182102
100973889905607364103016
7431662232997483665274908640
6076537627927707130417105869
327
8377960580654179955
93427118
74741118214088655034706
71837345899432879063
1167102748988441053675963176
88102837939
49023520225
77348588263441346791427809
39225660730616893644899
659785483838530
3494179016654185206791063
205566
33512
522548737433891083372000
379741
24487540
39
674823498904972
192331048
2309719027219540257338411019
15222012646570
4514707337818
9044035474338147368177860071
7838507406692368
296253324016272060952030
932101449834573420
8849908
603365056204159458207557247
861
144166393461838548211192518
38418149272070223794
8457020144844584805
462571577911286417141249329
223629968713336510160
132863387710113817
510479369
8998897311241780399601959
18857968447
9010
410339038301859778
62520739504584
1174085823
540691523517728785
76
10484567
684
267472870733383
77789
773102326409577923970
404452282
3
7969285038989933
350064537155752634
73615427337255
75792
4777710277326061
196233151733456
62015125834
73725819
9641515
1448983271213
8015354658487
5090469
7827056788546225536930889481
8895996
78679555419953672372
59832727930
5715436
92579144042165702706722
2460771
8161307541712775128
59891746335768803846260
20253423449176976062622174
43284300051138909
6367493874623661294415414068
380940576559040820
5020593
84427139500694365868458413
4015183769651898830985
31468835640821377124
5261767931449518950591086
864905338941437598187393923
91
3183233092325
879961407880150
14013917656398066
221758926551551156077418926
71779824730612159910282012
8974367050594
194088485453456915
25295080684
9
8326686943916374141212913
772447490845541864
3665581443
117941984425375394
2762557190098819670856
1990444228599032369059042
1241104381
736
7842
89875134208959423689670123
196242947201232828348
629454622525412431113007004
74218494120838
436664321562859363058531783
5
83741119394874501040758297
970435
970091013119191427611481
11783082
6877748010973744965
82756349
6154428844130
4422227356432985
820658662214474281638
961839996157316968
964593428621267
3639455354536267
5148
3541389591
8278278531926169065215
1633420363139623527618
25686
308
295849714091
59100374
6572307851013307742874
70283249108605278
80114677404401174198024
8640092099468774572018735710
91159327245965
859971060261707127
94699052
8267283018769808037
40477
224602527
968294152989883397036855725
858091023
31455139995352022465
7832415886870391634842068818
497425952331039770852413550
69405154412828105546131455
881732009916
3
8476004804449030893
49432
38119969973079465088
351641037582986811456
94576958
5193110887759204
791
124
174
108682653264831280659767
405700665581867276794755695
226112304350
6749094587031816342
77105808023381780402
2295889
980
94391045206508701050732279
294099172202018
14810164
596818982198516346027403
72
42396
1791
1
4
6151
96903498023496
432
21095271814524887172512132
73
55988133297910397
85609
26789515240288
7029131000646919350999343873
23277685694
764430306744492169271777
7
165445330427834355
5743908
626792083514
34432633
20
89675020673686182350
444749577
364439714344887252
769
442624600349652773
7920
5
76218
56469
32129054263676821701190967
23129
2017433583991135430
1562160
157924050
382526094474
37168
4772807078341770748
3186233
9898
50519428384054333952
522659066
53581379
31290247838492111730
398607990863014
527
4803835926
404154
10845163154438803373
48045302
270057960818
505684200159862125574775014
9440161661974849776291871199
641843259412
7510
221803415903073945
85716351076740919
716
28559412585912277476113
794571406181864410
97413407051915256758327497
13619548459
230271745667010385443045
64904206280562
752
947517959349913491698386
859857675764
5062104508784991975094
426345462736532849
756833803
2920100653446798412619365199
91768840937
3470801219079
9841265
84158370178876617
2292316830128
447721518658807321850578670
825162229194311851303
8
43714464167401544554817254
2955043137243692962
5880350636632573
98650
572133399774628009419450
1686093565
5643538
1937998952615300111120
743382008385101883031231581
9804287
45039159350609630253
5
814938927834893750265235058
35021396213227196423895353
1737595498608293793052
2668151
5
982178428324621250964210726
94952887987254
286058163
49239200545784171
3068597195416154662
44
126952
126618109031420272057
3183867806122169543163043885
2422783667557490996862
614259293274772918265406639
9449736138978813293038636033
4520816
535546661845208322
3180482900996
7756403507
7356585183226569842194
2080668313
915907984524095423
948368799573537313825378
4720181086
60398146
861008061690202
19645082283254478
94031707266119946934177653
648473104258340
31307873
539559336
63904
11
733965039807632740
3433004197503659
35595980960
863207490943925008795326906
22482337465
95637391963429
68845435203130
496372556774503567
79
6686806299545199700083648569
90
1831900
27201628460
9266764805857217823
9039715363798461946190
6521700092940310219705395
638495564
10
3
38727
927096289735181427
598809988785523127
5938293321722633403548227
6
50147729066707884958619
241732928482814958411738974
76
877986129616428125
20338802607634
35682372929344
4937700801773131
78
6451916422857186142319697
6945293031379818
37875421611
424383338221
728
909984541375423
551455652882024934924
54852305238105181436764
1419934155937465001415
34320827656060261386331
4
58416458129030
63585593
9376492727
3462566
31743007903342195425
16491
35068590854991040673817
84313517761
7600434867277287379122280
5224076140833
40777759831593
973068283733859117
19880081353646517820
55137732842267
2021454659788140227318991924
76794219281824512742
45437658
6666625757861376673250970
40287935782475603888642417
53
16362835875527313631114
897871900660565512
114821478639660635349238
52644890197
44569202279676
63091646631715847561
2026702924531954
4217161191421470
81597654277217431698788
3184046808107534939723
55264562715425631631
5013287009901106824901556
4067950
66
21199847
70482044
698098922024592605133604655
4118546898391842153034
60790670693329191
930883
1137139672
26404777397947082356469
64913435294628159521
19716728675915171772902100
71503282092810323522
13273963018384102512
733801185667353383328
19592611507
4203081296241193587677637953
51171519931413
7974
4942894047421253041955207
17
248382863500
856080947482426471566150
5524834800786
6558774174926360165778227
7366885343243682
7605099553381376909695
951165675410429750932
11238659816266
7695283156183262154852597398
15042121
94
63610435
31459620
76333556228411
97341110765090341
9479944836867672658
57054643
419887696967371283560773138
16270
754799448036570116684
34083900148
842341660658674273554386064
507
1369179487021
564284038060801
251189087551606831
591208
3439215
973998250992608
750338396416013
77865488032
724166786191459862
892785177861234704924
23872009044843346785
1777964362928840
2544
44692049723743717112648
9567
62992927489490
1127970586945256
444
3
17340187898059993369
663241436378042
988780663160960368815041
520345461388187847882578723
36610842273
3999172
669551146840
1609374649771
3446253
704906478390877386
111459348238859903576928905
250168820224974841
4
49297463105111551709
137993868987015284558
6792037119859
93462
8
962
292505785091872833423
406789482976972
1403
7575896055130977308
8075701768
24238538020858287037523659
5398138919352873864189916544
7671357665828248926472
3511750876415
88939222794
704032154024343
344536
43113
52479322
235311541748360
4818102181355
64896633006
936324586524899894252
1840
82
73053265784624461
1678
192570889114344327323
1306280028391635151321
980379341439574034
97196372149
13
27330594908
9946121797895650201474878
595912239703
23
86941183
7800994778182489280759520
66028214342349459447450641
4912099176073
10180
9292877442048307
4453808565254234
19641
331
718777708200359
514258712
18345405819868705682977872
44364240205
54588374202950931330
6583787984741772121
50
37323
745000420840476398
6274329777404237569702
1366353970642
1936545630798549794
355553090
962
12782930980706630134
7792447303431242
9888156350795
30577312193
17562198633674
6781874687980314968
181576546486
58250311222272860
50463613065396584
6598719875381774554753207696
42119462152729
3462969578566763942311731
418171463391727317231708
4329381139728359266213690
40767644334812745
78111306362860945
988
183592605544864603480029757
4056220300165
2465113475
943309417501531564245266
989548300975425559
75
7187049
284985158590
393224472499011943503
24975698094271630
5350925009870419157
6766455135625310688843170650
40
656040
4985417682301789597
60300135884104
92690677596314521483
7927653079936657879251548631
2661213310915409558854885
8903823
57300222728055398202271
8664592
303190787222501974952881426
19262071
2406984839
12322883619332363590387
91
2443916
1
3486566797
18
9279405906670
74222607851541
98664332804422072785280306
34586688643
1671115342549741587691
434381
5154
40336632395051522522933547
63971857251126
2274945927110
45843232985204567317294314
5156201856757
298543
9010
20735411592265
5798709886943983215461582
617253506559036832096
2068189013651517501010
180468429397589977029
746019558
871147034185457565
14197352690103
3027403354119
612814011907701649656178
917
5732771207283508923229411741
59705350501524857373627
98604755345045541018497084
4139773966122174
1088093299
15904039969078935423202
3219353867012256289589454846
21334
170012388528854357119
779432291846345547
91
242
1866863368379593736580482769
9710219937
54902921883
918267
8793907995784228645117965910
50337977
372015261417
9843714
4701973408227242127664803530
772
1493
948
1
7631173521
1571022841487211
540
91706420782
55870047721
79
6547520021758473653836
5406693944225
5644233645942974594510108316
65748886535878
5722701320062605989195
3463128959778661975
8909428116878964368
1763971955651
14540583206638405
861753956193940067
33833183756560
36703655315495318088216710
39564865536684675
93199
951524412911845418287851
1853779
34209
2797
340864863
62
8
2130940664874787319663
1407066800362852346258122179
964898759866734516749
5577354281442358576
6685823993579
32213141973264089124838953
9823433879324529
7
128384292726698704709649826
24257127644212175036154949
1941590909769
309456087025961135818753522
4753988976757
375
453636081851221771211025
3627898719828602415638026
54219179525963919747488237
26001990849762
3160443397591555356118066170
985000642928
3964942495549847372769838
32328753086343875342826
5287233
907
543034
91112553772725720092933
474086827800484
3442303375097384369707594
3402307248462978587
8226683298679
400644
64177904234249641984241
9672862780385
43347046
11543420156292926798
855007839241
820090949214816283
1447424957828407167
860112156355565
9409941927631459138691
7382601593248688899939984
175431496713785205
36858082
39177615078649275597
78546157000363319
93337153555098697447
3300217
32393468
57515546798307251
712174504118243020421
821474
309572216074
40577374777406
69955371303155033
5333617
19522668663268
20945624345626
5667872704788279
20751094149144229485
79035436880997570818571848
9935222792
2
27696391
63436181486604
43137724495657
675319128287881517969544020
30626842958
208142168544562
2228187160763073864
364
1933595978539927
137394513921327331959819080
45
5671662952628
7693549032
7099887456
8121331543029625315068046071
25
42396030935008449044791
909393343469504
448367417
778235471698936
7495515650434878
52625083858194788
654426993511680244136408
1336335725697712
55528
13748109802495872452774754
45396177
892540873221408693
42771138668070082992707
536
70714836496447
10671599376569474094956607
77930101214529069305
5713
26370962
73230551
3823429393097270488512539894
6115544420817
218974848857831006
21890
689984403213178165888
5
32316866938362766
353600993397772284756
2571159787
98620923559
8
57887830282269340
2858235554644906286475467053
67816377312222029175036283
67974
7049365625907483230012314641
757
224318958034569
8241916027787209022404
327700009117053111887807576
6971982624567043608105075678
63
405
1321857022388388201573681527
919261593862973065558808
303904266729413733894000
2
568127465527161820
232777609231231
8351460164717
481292
39004
6730383170
80649828280086
845431184
683925580642616409250043
8357250747337464959948745
5
30578646721447996054566693
257
1412494
1250058
76789290
5385
38
806819506174836
585874
857002863
1675662150
22056489514675093284
977259514
4093067339605274261099240804
539
62082834131600
316161754687909508025
303367506426799433596636
19
33208048292810
9
533838537520
7628549499
265980459237
62372
2546039432822636774857009157
144643554781492
744135077791635530
136069522985075
25
8874277441084249
570586894005595447180234985
4333216468709117907
60812164263631
3
2487252440492581
24005576347368792872871
316470285691371
667326360
4735782
779
831349751103884639540139
70592142199398843
32010184766
402847769452586
15381
20329471404607433058040721
258507937846763669909024400
14
7892835
8562556554125
522568258856395628496740344
2692175
192861488003430378
82
6721113596175032
60294931597952657994121
7331166084573532170154
2538
9579986451
105372068127956818
74093
6014841150971020
24
5968994564838893360
83717412002915684459725
19535579
29342213372
8303928691957048404950726
9226514312587101
23347278
7
48564201
802138736913774648507
587901261242686274993
96257895309660154
560
6502
35323111
3352087723713101
799171
76372950986159039600
776
98201
984218728776349072
2603062934457292475902205971
26
695615768
52216870783
811319342288972523901
8123308293822197751873881876
3203910503555
47410447274949161642012
45014193975078
234329929
471523
4459148446315892651705384037
8998485
73325519240526955
118100969
6938779486530
5894468785501081025398359
816773406142
31236721077298007
7099365629169
74644356695327016944003670
11633107196545
96112199923877
6576593996804759860378631
6955736236110354853
116705595
9
6881334986848
614421154
2511
94506724974
50836421437964112
97
662
49
53296854114796547497
500
981793513597809987
77571781934856571982586576
41637613076998479152832
4614879
644747336507
280212644216443038785543
403047284774347635806
409810444
2925730274763116027089
3
19926015079541113781661164
5175019772307445559632998957
341947191
23387342151825641084697979
322
88613577491073
1320185464418670392
528815583283794111057056703
538334490368929557571006545
1727489
2686614806566791093
923478936391
1
318079
5552704
25059945
86705680310951921737768
7657417318
5125561683952384718278694
915123604328245
244178716675
26244305092446491
310952963807958125227
4630
220597098127427929
943398645
13127456902678043797
7228518067007383
186143257547
64393746831573501966
484218528
2368121857541189657228967
86150
58
11439
42564142193004734531608
87620907886998
3362785998860210806388
1854098221222612788
910641224320
83352582
835227085956452665329
8017968
3452316958581
7777380605
10911603751
72962573367912135493
119202688
9
732421376369111760736970978
315480195716347483612927761
174878690989095
603
71206247048357643696304750
77720
602357685050481610
963
79973017473737
98150012534867472745
740643739230
637962810
32100351749310266093
3394290816691268
272338785443160361043
9
335671830964840
6068819377858928872200168927
7440160785
16679625294212
548792908892782551463644
5991131508566
230797233201808793563320
45834062129768236249
201868215131463943
9
11655889
377815771221311548233151489
8674895572131806354
31957135255651693502988
463830566945204
742894222840659876627156
18119759619559508437031753
8048895561829064
17841487
838779055018354935186
31466838610726536877229
34979
6893357526347301748527
3596034218562299
8221724150
82020736
675276223139637
849601801548041863855872986
462598540724177806
957957467883747
220240699621613
2848572546217281190502204
4130872174733618851959599
483860541742262267634005
8175639957168131
691930947744
59579209854
54104673207410196171
20540965367620657882232984
2336268031
5204084997787346845639129
2876785282851477838965036
810825657886393851754
6130976857479452432050637
4
70018
1633908357993483798695747
63706841824825402660521
6208451697405009927854166
658050346719765757073732887
198713246
348352133108622840873297682
50002117053442516
6941040157747132
72946
274014656
24870970622619
681772761399824
1881889582632691161162341
498314
30467
322611983993104930452443873
684529108535555
34633869674
754
29790440671052652673
7114624644734404267125027107
633996200992
56013
883493164769449026936096
3357858248797
8958522486358718638
88
70364764295814352
668885
67141526835276262256147044
2137168023
5456
2424274236
21
6074613388739020311162923531
770140597
98510649315001863100921
5596778488502818589854772
91258151947796896665614413
565535033082098387962
863
24591269626
399738709833359
19662568966
3232070702860364978579578
17
2810939989829424764148
68877064180
56556639622074207965
5745766192109934059047736328
50095869640940520620518261
1960048524
125464
269092420825
207001208893769
715555977681716571
3290324474027250074275338
7085
33741931571
3051599790493942954886
121727
25190817023843902791
200
4129
1961268329670
1628725659386650255842929458
92097337363779324968453
60337831
444851134957072475069799
467144002918
76
790288841747958531490255
44613270482326292
297838636983
716213266318660923669559
5078694399313241647079736433
83190755
4405405435125259717
961238180271091155234
117088069758022
96601075
456614
817702103794
346059
89005133244
624391466369084027862617422
51751645320867710838951821
4390590275841834488436869
39
914257950000488986
13607715777912955093441436
522500854032414
9968947066189230453779
97
291446513611304204
7944
4994132821155155124978463467
844598594951220235
140873032934725146364680357
900988186770
821904793298685153840
3167488266592155
14101557
5165400508
794
291249013399922995778253492
22997958285708
6121040482556177873
1517889102709859590101354
1996725491
4855166233420741213822742169
678478858858004453
497324146137561592
901274
3
99962298551
3810155104188621
56
11
28772096376122124056157
15
6575971801753729462468808728
1038572629925821503562781
98856
3
533081216654568220962804753
47130439279998236
7622752621116
8947758743715392897782903307
17
49484787551080558
5354531
3197887934
953100274574405
560624831745263646829807451
458676087955
292172224672907
98418014483246
767859
2315709222026013
7981733592608271562
5044
7189
591984086282430
19013533746956925602455
1491847033392104825206223
404104660331726384325191
6119442066778333
379195036363805663162
21753722038853304
3608390369569621128283
51499055
479
1977955077518950880277777
438405
9
14483
10340483447919865197959159
52856229780882275850306
87479299
355098043115662001979793717
903177749007452071
9301136069868138872
1755558011646878171801191238
183269780048
711724176
383000771
40604
6
574145517270816532977708674
964903746668
2
4700025318836980
531158010238
3801108612202
453
934423820872266316164195
9135
18490406675584661579987
615720139866710
52007191824968696179770
650
192384560444503013
202368006104171957235648
62533037057
546361690408749
356874667250718058335841
76930379034896
6055588515
64079380593489483117
39756080
3958957649210312
32528658328286632566899566
961219853929
51423788009457892168
22081894
42978372538963
300537456943649949481302702
70827078098403858563874
69500519516
28449317
4590129431
544341598231240
8692849880047
272796
364803
8511827
33352678296953460672107069
31514716678209477583300
3186148
4996220324144703871
52632
16056217485491
3019995
7555869958025700580770078
5
9808306097056
28756056517719917
245599183888343679
573992249041
4184643653124896894728
3
5471
89906
4029
79464887610692833
53
9159
8405370028011269
809662713252044468
70148568219274908694
724486312269794806
968294
959478877122089041
726071684940780104922
947168
9208042069147953328
10743
9447800266653224
447484773503747204377241
426343374599646356
75850575
14394559680403748497997
243415600
4110478006879059253015
86835581656288238839090697
385361575620056322942095
4623026907320
62113322612588
587891803086637931000431345
98356523
4952067168200818081948
37739026130167689807006
683633168253544079435863
8199897681568221934
81426165
89623372237541554563
183625450251425099645814
384332312395931
7294866426809035315496373674
846217432035368489
83129975
35189621727796096458624
14465
870610785942
4801389650471908726770942
10077096454741240153511
98192228894380
4943521391082225605030
496912630326861
30798626863738037194
330
613206490660
826600241783457285301255
56329
134034330649688899125485181
575323995513185968
720
83687247647
218915
933835233830188280087348
982471
2175648822
2632896920423761989
83928
9777
5129121059594026
4010482403447534254426231155
7736903120
44563581842678637
66
456720
8221351097
3421637656899
8121613478696032
4
44157
8000371025651698631388102827
804940166568114144
3627724568724557688140
44453934059
10
578689593425415276536831
1147359360803
2225001054898
323109050090
2647
49958940
30795177276530940670080
4
88915183046092019
66862235016452120501826
9453817488154676950908594
1
21735028588072772407618575
132552533322727
5386877929
338861317377
3468630120498831
558767973004890
617385870537399828509
1151965014738436703642153
8
372226372755
62551
57937
347949999415250868220410
488
30831285796698
28490336322769
329123
562567880451
19020980155
493759187958
6711921383377819336
712177108838496620
248857627808288056092025
49047
3962298349695368351654988872
2131514
3
499369
8827157539545011677158902803
50845752970748137
832213064023504792271903670
390345072403219878
916531250241702431
221793794790123860732793
2934723339226951092188169
90340424
2769312
392
23591236428229421985404546
100358760171741822686847121
5110811488050439732
250639331666852269517883101
45
6113142117612663
119288237895177
518884413709879757673
9639228968862357214754447679
8407009424496111851689858574
312577094394422992998274
7048633456189894822943
7255616663252878
706269494656146466281
215
88238
602737465919
912
5860103892
96884
51881996083
427528477
532868390824768177378008129
742625938
151035239529210
9864410074794
681786553017477731
2719277465053705695370
2104199375851558691
25293842
72803482214764062
238930862935744
867495394644488340040990889
20657484506348
2888247
94089307853035523241399
5648798
86
373916399768010
15937537
8105138570538386107622944271
808778733774
914364049762706789774
67975
181848844315651754330
38477624900171227517573
46086354
400
7254487385655559484568340726
1537473379228905849374566
477309044
93515571618343427520783781
1408484178517083
258364485571243177788984
118733535645578351
88559152685903983703670200
28198618441853362
346
701218165070060162327
68534570022366749
3797448383136886619921643
331448240347
89886704327517794
7
817
887
7924610170326798560
641
314953324662211951926600598
389
994096582348542859216110697
4961174908136263123410
1698522538
1439407679726
33462
357163955191791861584052580
8308083505763555667
830485304785204533222
6639154712
19183713279
5183914803401689675859900699
69358399919984128288207846
840401649935159122444
58
31400116897614265658
862567445478565055180700
714
5375178970585285
1
7726248972253406333501289
54419014405328661169
818328786918430488788169
438700395227649205871865
37
3922505204032897031
756427576862721872888062
216081
318
49256993323
7873760366180722
960138044
7948029651439356355317928934
3653372777298960494994767331
796699687876424348983949068
229328744328415549
6
5448832582914999362178
85
9
8426921
83471788380646139
7396900022539669644
192448600226185118692
5946352988466511
7278792654004988991
77837972240946
8
40001299413260508528499309
5997011230773587007831
5064041977703055598596010
447
702
76177936
91495103172296878840652077
1494241388465572727
1209882639720288152
456899248891
2224454325202
210131048851521166417
25
648174004743090
828553934018672127982
4243300322
2
2570819867698362135286
284251075
589111451446848
41644722893282367765568431
6600812683462331717912914
143082
505775553
99889
44984152419984884700
41460976
864612140
7481749691987890217206423195
327598
8298706369737383752
85353514984578927628459608
3184433289598654694891458
5112477040515661
27869026
80405095354
43141483440147981847689
1103846787916259764016
8730
10701122583339486215768
93
4658581840813684
2089430013840
774
6
4
74488135899
851
55478086
93
479947
270012801274
55
1896660476433328551
952398897087843573253
3542037059978438
49728326693135864
1908696
29849780819224308148
86268275035300684278
38901124789389108007184
91018364073533230
82316951
139511869793961943783
391166147
7810615599837912319363
5730237
250317
98965151121743441
2538
86699
21080
917217195610247786946888738
4810524062805903
17
418009551414
55762561224384980110
17122972423493464391833205
9192126848864533
523005812497166664016323306
9690420574065830941751138
84782856252885076
98943294431178554
871822934
3989183701388357
52830196692017818479281820
9366299794386239
255200151051950635080327719
6623291453163646318554373
17646071296
8856198581025
5192130377207731740064485
330
3415574
34484770890772
8193844952723471511
83933422162328795901
36823
6609027899
7059749688439997492482520
953364002856026024978
620844
89342065595376439920292
1930318732
9254739291885685303773
7683
387746354384160352230914904
916796127
4129
544660628114185
871646
4132628
8010514122512859036866736351
410610142644547243203
280422012290131284
31517010876
9963
5983
8
172844416959135552422
8105360169169355080
80502463231
8161635975986457075844946
18197342185256187692211302
5550198316
81925330969766746
138903
6
113233657908198579430
2535045961277902389140299143
752505177850
2
3741760720815346
876074
850049360564
3202401348384121253
7245881948
22036
2962
19130143780182973
9307090285004631037949
11386490
27704661976734216828156219
3723771
520018696385852646736170122
8952704548821625500
786065
46728224677513097755083
587077343651158423
110421177
9815404437835298017105
912380682113214044581052
22301797
7182664843232437963
6
96880174061914182107314845
8087976926458
53397
3776601984714204819108
2
239584543
399873552526554771
687395243035384726064747374
425650121134919
43
6225250744208543009287
6
684171913259914683143
76454
9140444496897346899325343
7802585052407878
59041329639483339
8
9460125938435526597
532980
30701
5412697286343929
422199
49837854
452125387370641918532728812
5
42778018590916343971432
8074
8133581186609564395779
59021413
6664
92498302
6663128837208507594389133583
9579162018844
6
72361138
613202971
4539622541752459757283803
64932419045589296964986
397
197824280123578510269
91
37069057236352532182947
28869645881481600255
34124846227561846130
4759816013372
47
25100310835689596131312043
690946845
898355250458436977532828
3803652963211
82379351193834613
899
52245017754400119
40087
200000457190242769323608
2580
90824648
610135485
15015196857762235212724
942761180916415282479
5476811701101726414742273
3570395872372358107280
23395
16705459431072882994096
86960523900582763168521
39366424815276730027
1558236914409812
5829233731503847419961
480749384579359493
4986955151023410809521468
17630536803867334207
425505611
144706322760437549
1428203143104688
991
2926893
8508663514
51601576321702077244
9
125316171750555080544
64200732557
74360
93921185391
68141274180690772
6378315
7365229265612409
7471477599
2017196643378657
5775981003777430119694
5762130053840311
4778567415984539377512014917
2057895875768
138221128206613476487678204
9058
494756377584
9754072885265768266699
34300371197442505
778567195238047823088135465
3797012
5596139882576437754983347
50442845964321345932231086
4
917878828164663911
9377619796269026482
2356694623566517885
813280545821448283618
480337649
69631871634439
9507215234095311548454254080
47871
60690809
824915
812690960893304002
980624
86088377427001963660348
27750814920
61820033957549343395
874954519166334469720
20423579817
81394165034104591554
178
3924495079966313005436269508
7776903070
1537969444704278863
230831130991
277838030536705034930702997
9041484912860740873780525
928
79851362779
8924166
7839764642
7183497340864756
548888962509
46008198265868888165
343451895770031753791695800
350026716391
836
24
3237573477044631533790
7159895055055288484079
967523168526094
86101
7815859823928968676
72
953616228
5144598550
46174232783430519042
6235826645317314509462924
60420413
74476673827954676616578820
6313720764736843133556
3375869750374587414556
278853
50336521903
16914775164259181
68745368360913629
1191869
10332367
4065993032416304518498
25961648012327
479318252
503237274426630500569869756
437900818493432458
13065070443571341394771
297231244817912759674
9158669065094282567863
195782660341314289172860976
6956190948686221816026992817
62552436584
25089
1306
8455761
150511893217
33506631440
2
20
113536
495669979944267164
95500856588994841658
80293015152706
2813518
533528919160951426536555
926026591246943113
63120973618311083324776547
8
9733865037
631146222939631528101
869575865819385778
942450
256902145036580790907238129
48109830757395471
5485644908399395429376
4
5125016835648
640128777724858365
19847076067861599439608146
427807049962065676
82730969847558
28589996054233733482404
103143117295457257
97601432171874795
9744987156967192968373709531
314733872112572981071096
3
414183
499116118390387
4148232113660791717137142069
7
1510207088602852652443774
48
521751554055653012262
9167938276320496234220492201
9384944941170380017701014193
9398395334792
2220028
425394210
6
724859450892302
9217715864694768111422749
2217493968603569
54671044866161
8106706738209011
9695
527
6579343756
7255234305179
59916219032355669976425693
4320473132118482454
3393602682615236243289463286
969479
80045651062
1276137608490
3602221489605684
303
445582383
800291828695589486414876030
44
7159804666425016
605119501561940879
9057
605369148933876108
66
116936475205120979013
32110225
84169826028
937910638074031
1158552473533
940491651433377625
4562081422
2808163282878304984191706
4379112166
514233315974949246831
5963
72032681
97
7179927618098706
14035477
933642405100646596403133
95351539638948
801420177749
7
7456431887096
623
6666
58951975230402396280146
50726662
3738139178669579074032307
4
4203723
79893755180
2
509010479898918829933
5930290307
904364662631758870844950
98677778639007978578244
798016072994331321617539
5533606941293988205042
9466972782617109
433747584656047
202043943
808197894359661514
37322
30645967301003379
8001
98811491616138
37594910142424114117
37888473240099
947513288194640980
8828834519384
981
491120354863
16652081041979124919
84418491794899709731117234
70105285079395044
918698167153007622559259
152676779123379536511
9005461547316544033178578
31981905772395770719
3069227149340423739799
550660403222367313490
816
4611466034443638975922853
2
3005826426790969851
263976655133
1592043175635635912
5860753371745262166775
17502526645154215198351968
4472949632944755
180981553
23433310380705295557
22355612
958297
3026666338483342643
344144248179579
40929176826258416292672814
1746
518099524
4923587603180382
950003
598791761230464
3
901933159474753
49
8437057038493923561747882
2185826115306398
21587932
646085416380485734591
287115485532187492680916
387739386549998602884
3018
5124966287184068695416137166
86421540005274857
785
52365387992892806610061
1830452441414343047330
41851911575875434623670084
9905325872230188
2249154456
330052475
872
693801879971046
82987548398817083580790441
9262821261235878041679028
89405921768847
7165755521032404793562795
43806
4172222302002755742107
9578320384233982799195
9517232927
84952139295021685520820120
13903085737347059029720467
47
797882458223591446
10724066
71137534287973014981205041
2681000960488445
58453052
1456944851298445683
97499295051521
37199736
8881951560
65149850396
331130653682593552027854
51
403186290
7939841254835931
1961551963410
932233
882320372661386911928
2550496397176
7997074425444867880606
4610214716138
7
69
1856173
90515202819751127
2192560258636008
2230855732488243577479041
129836
8765052502850568
73173809054852389382
8445983628084
2129672896263083174
6500599634942199800456
9385734790367860
559377705094978400394472528
9598084592161
36856976930
5
978037884641411996853779993
6972
97483049211
266436
331219741020516147
39689597569897222988533
451462945694
44918951418800696915619934
234968978473625103431
814448671554671098052248
831227753972866525
9528141514558176
230446721973825
33208659271973878270
5342306494338056
904019721752407091660
2202673
85215332802907498145
9280
592228749784890551073691092
1461581
98799288024834576813280983
564224450808529108906300
965280278725482
60822362587923616303617148
705720
5312
758342584191176989695399
906626637834
710068118
3753507036320169169090031108
4790600282869147914320
6126
2841549238627182753572552
4
7206040476562358036
467234835671887574556
3848900302763955301007
1791540965886730371436882
9550444456698135206752264974
1248397132235111480
4
1661
439
9476634665516484200559947
23582450652612194
197
5459
2012207499605875024009701629
1565267729241541244834000
21336477591849
358845489
132930561916940595902192
598688491721467841792947470
6471366691884
2467646984
17604967
322
772385055884
63732844
7905564
237081158
196919777031494192
2243
465
58152536
691178318900079715795
6118775
11752029294
4398044002157
64297397843318370011826239
3107330266704
598678107214692659035
4542314194392929308893740
6321
833333949220738
7
576218933769600
454832818884681911
621542925414213227068
12220
605891279066
5167232567
7907759883887
8426000849645203762446391629
3826052433998446283239200869
4620120502
95366870923782
2282915305526892453246327909
41838432
4243886333046951593
6032578793087471106718070602
59162
63572828974320524226272266
1963454937716732320127900
88926845563484272982593617
1348012509024347770600539
3320199642576411
36852448
959658413331365594196
56
59599284335129556456
47781479085369912735785
334544839621608240
3163719937147081366317957
6820525515
4303
48229780813580993319846283
315877585005945759281549664
25520
3003127387550430
1218391616784
72614964886318803326915
9171903454526
3664738113120
143
106424739563054638908972
673646506449659
972698
1165051234345012
7
33565792628
1410520572588318387
958328124568513804299355
1997416276650214904020836
7341704
7
2040178
52892331336545810927
44375695069391307748363786
565446950263590
30962098808493
80149390385886338909525620
2646
7492
3180226314120962
485227193920896250474
74743470988001
3277599667813770485914968019
1720922861206496
229730936
2963102287652
715886008568653725
8862349062205166101
109768696065303
19205434622976450218158
2045173454004
1187
5249772256111
861
12143357
50879564057765537609901764
182511518
24908
1420184755165286973587451
450909626565740269884
28721363973288669433
684845688
25805
98839821348033551
77200922
164
892
1637313439850532
9933191
619097923316253507
19469286173
70942095672898
540555100308656636006
61547436057412704796181002
28215282322
873268602672760383598359
38183970002
363626
22117137964212530509
7449479578358884594393812168
6253911240400935944
8636878515502196086670769
91184
666100496132734899218191077
527
246457118
200689862296643990500307
17514990201126
6377415776
52894173306
3428503861200005711
51
81714131905548
6944976
12755753783222362227328
4
96973197490
9167729506993018973851697264
586237432316690076
8696734217943420522
404481801591087647
383605481984973
4126394915
6189757587790433438116
284095344986076763
6710267
608
21385359387615015
1656111556487765150
2209597996107691079306740389
2
3670201050478869640061
34864547423330197316
44428118391189019
656539390507070373
914724001
2002772223442544
2249647309224582303752594
7921478215454552299681872
63
85954197337086
81253263171366492212
323124992739495294
6489128904556120920316270
4962131168979578139360
9453706369
4551814473542205332794252
91181782447009030
9176739956332671
51125
98696594
12456453502493
19
514918190247919937016
80479723722455745675525420
47092866940503038171420751
52034166902418
51364252571474
3041619490276573741109390624
55992379676
70
895907667709279430127
7444417943
294819179076509955278
33199109563685
4672376190006196947486
93900782
9625850948474473
34260579876659293084562221
1819311160838181
234120510652790
7285545753
98609
94978838400980403162298
6933550594638990443271276
64
642012744986654
3508558407573212
89129317
7589846945690788
1814704
4764524430899
525816420035013026753258
3469580282982088568843488
84805214187610039846
743530
701388000
84535754331976111142667
106786897933278247895977852
7430580870
14
1243627837168647315152
608801214747590423187
27629847
25652752095911194751704296
5301088117
31479167873246759218367510
208137322538101
7246736890416633
26678782310443
7758
8524322708
9
4112428946021360833
58
2955582617033908023
355330821
75936
18510678
10
36593003294419757
5297635400009593478160269
236981162519746296290259801
2
4414580745643660899016
906256004593328
895030
6404646953915121573227066242
9073437257
18531461696067431293
4379629215
984885939
25115880978278
47574181170997
11741
64530916749832628350045159
9
4141744261
3102731849045910462283646471
1132190493696530
1144
945946503610894418718312
29163623981420162951
167620138461648650
421940560
1058779174394444093361639
2502453759
311210119987091270627705
12668660313174053671
939519779748613089585
54046319602604
827977321740122853806
766862206631844640773032
29365
2
4323339310103
7970980108
64504952
945404
9524949930697762707
983
73442659046
854427556385204555393721645
594
54518
136879675273137128316705
12317
29558295081443
6182119073987563347259
799603
74908244
8012253594525128
9892150742382499
93776005670902675681
6133860776
482012091460
65602743
703805536233593112529195387
44784537875567386591
969410
5514126729960825188
2018601441244
12313847139
30930423
4631062796145679
264
65345731848
2067610934766043858900
548561321245036597330946690
84274516735825900540
22857538648405758219431726
2506700867618746
2905085954596462
888962787185901647791260
6265011225208595327547
9543710175229463509131730
2157598
5288962835190776
6768149407327
5257481
71952286368666502
4674528833
61643257231
9767637467864354716537067961
15453700531725
4
5
692324406787
72
2278169
7268985
912753210570395682519
4501855814159
156190938
4368426542551
186834651605
9397040491234774145477164
15888548557684166
57340
857349007
2294465028223342251698
382107835236905489149275518
70159
220942875244303938379968780
206146982078902
852271162154871551845
7
8791113201457499851688
64181323717453425563
417217069990132635482581
3538
13342732530489946131981
44511436974
6
9149616232
43157970810
43540791425647255
186253816
958277168195781
105169769254557283
91125910794630232072580075
45101739019
175894790069341
19709962133204430809427066
1721
3065708
9495392
6178362075353326335
6065215408530973757214
91959223252193196
2489539084496
98
87208997722056835267
995
87318009538629
65832
487114832
76067106
87024
795278692893899842
4251713542330690473907817
9332501993641500971163
35968
990
79877177206881690
24059456326667793760245
4805656726
6254
4163711340221858728
5
926105447586526
8960137846169549643
690874494159
8355003366055475325384599014
9977527486405
8687022776391
9810777
276159094060235817749865
5541671329284464758
80233482959996
20705049506406472
6275972
33562280659443191205
8694155859394318692029229387
37446581153961273047
67553399932705451263
97405076
76879
40337108858130
862015180940889
534081406
9
440
6007871498368843
250288
22759988
1066
15896928131110786808182695
78534240069314
9605878834957334443
7443438802514208863426
513756
21199181542153
90888594028208475
420527004006275
7414
65223525297323318725
525785933518612798898579467
8908523953
6781282441
284164199
83665415254848962292
513770155
33716659
871448527290659
8384221735973651875784811
1104011023258277635289
17391
24830435532
34597626230317
1857132491639
782773602503
232464101187323683575127074
521
5976162875736604
68209296543991116
94571647259473571476
3
4018467006
367347454907430071248822711
8593033532209572973399
1922569614975632044380719269
97622851644567601957
9751236
6527
7
470443824275596106326586
87
8235060538833787
3011687233497596925911589
742
619
289387034974794840023
1165870
3538178762565
177906485852518648015308
885018688023
1134510880462
97070531417974305921992
2057
972519
829
2600006599790298501995758916
2316963993
67972551870518
35144606
884
7051184444595107127606740868
6821658197109120
6
355914
7989266138
269
3
27691590901
42
7637177
81008383
6926365246377
3332
3633163
44938348034056821
80367490914337882914954
879033486659284288124
12765013594247998160
5425
283808192025
503752
20981725795351768849
7661
41468263423975610118769
62239136131582322
55718105
24878867963258224188849674
860765
5
37974614835240730648198299
431356346119628
147099025811202783
3940340249559869
663992752719467206893
6510028619636
1246512801712
5444800107839178
63952504649251368
27567787450
52735612153302287238212
5867665223925016232608474354
45513299727421593
1729733
2005012517287967326
1080
19699511478971535
55678360471593
16688177415211
72702
6210047317629586
9919294598283
342702222245667
89533296588927213
2923710
80240434437335
6074674133663
67428560017
435
459013982035695556499556
74564220445160368
11836080145
30835880962532013632148600
290280693069
3644706854726986
3273780164970948156479306
55640459845553567
2377624291
3
46030347507883780500385
2
6149837330661
2
651700
627423010801538812167
26889915314702
8019329213479538
91662250085554072
11215130103552152927606
61178585292069545523306
116335370223
7932521104339544272206720
190919512371039
90143695
5810
16905019300624
44957817207
448750954192784339308801
718
8663008516374
648081994199096621516
9310668372732149149815
252118142060528468102910649
4587
262433705173339202232205764
403099594492404
38401544632193891334
116521517394475
7204493243886586563287
8849888476826769875184957
376880451612783790914253578
2841095971409297618505600
2744899
985
83881798447992619813421168
4202673930440
89823448365854062232472
105499044
8
17151
162807230245
6741163375
9600323404130
61802140336956682497110
48035175377
3791048190884
1
62641300989110341356453907
394200054108037
34891392930737830491350291
2031081912098887678880858
3654776552108563661481
567378883074084763381888700
3860866700
477150
4947809232271659400
3945902949772885022216032217
996381042524931
284480806940668281466081890
97384624308117729262
9362197
44041305734048221532
22464653
66318174
95336993548793373012100466
4251171084420
4
27308811434641270518
6
8127765
472190143746
16676989734
3287147818
2
112638
188712284816119268145255179
26341379
969261074356951870954
206621
46922909
55532529844680822416
66645686363272129744926
4205628508243584
757389593978526234608065
58788023642
68740
70117067191899780
2694
80310054362630482379448422
8922032862602
415717136
2925753509682
289787239610557
854009440
9
182500108037426750859
7298786600967056461839303230
3
99950615731761348299148
90384939
49121462514
3728646869
1057836845689516266284
8093204716391611
30473105615831582
755834
7545898380704104509690273531
76216936183312438783945
9052391
20460488160
20778747639303317681
909762522355358
38
54976620521483
503238083605647
73937005045189336
9867
886222637173664088773535147
250567678825
4528205179450274828
6448171378
355950673894589911331092
66530602439190
9267897651713535758340
4866091
458200287120252802873521485
76941152
921804712232
574298641009163657080740955
3090673795555375810432
542161543444075
7750808027
7725747840209725
520127994628784746
5
93
8173117589
7631642668103354556419773026
37872662217948152692554
59418204
5119432078
94368277
4919801104
26612128153720
6295581034
4964
52518
2072231279127743712513209808
600643824344133
5447185803404448447120163
58389
82528798
464087793409
16689620
20772025
878203760830947926801672325
8588272437301508319316
4311823808
32776185593790474693
696978884
701032256603427441
4452871269230590304
844193181396456698160242950
2031709820909496801931011
588189
44486
52
8719326448615692984554
131317318820445031439
1582566703449980322614
198884672314
67663
119922658255755339139269
72715459146850637106800
59
749009570
185501413218484631202589166
65732892260035107108921
625281
1726106568
23911347724414839
51245240769
88409
31
511513578041352148047568
6905841344570293607765
6745219316280
28350454447006
30590
746555753972655556
1414
8614616523520138
5702489924789189538416
87566
17165120563
541992200163873031165
68322608537069314
853822077277722132214313699
11
8729887072055998518
771818336782283033053092102
4713
203937108236
46
9449376063721167978922
185241120785437551077821350
585
4155885524917426256712602879
1195540059481082
6653563688
8935989287783891085
75921183368
97288527
4358230552028
435307635156398821
19005654999951316
905
241900133652962857
71160039846554556015
42031576983024
89
8341310297612234397156900436
78522
71321044303102877720116
788413473904619
394199879118236051174257978
569
11427051073233
2692829853
1598
79364318560663242368
674969689046464184080149
698420590514666387272585
866234831866373820
14273732974240114
97619288291875377
258148506572846321370
16199
797643588365746
4167
24
855193179402179
311
7490513138412790249
821006497426884408390049
52891885
966833263961752861555
4
704268
18983
1405867851
3729295966918
20
3908636315264498809546452553
2
12590485744
5687316771514750175
9158
25408188386734020
950210865878466447851700
88143013
6786934798866985797293
29555724564800249213872503
546
198531672738451471099744755
3
538171841
1399134773069100113
1593117076650949580138
4079261322357875454638548
82209846403
7405891
38200622
17711240447275275
255307607
5268495994
29687987787315971420
435994364364778
7304701656576483221820
44972215076858781462323486
5739108512518499775
7266215979018111463
67032851386561
49967705810086653654
34
11204966311443824170864
67822293875
5
815420
6649307
723928877149111037421359
167230869131840452
223
6529667107
4081166905445860206038503224
5216688
5598185588
6615306672607697189453744
9169571129837
26359309
7473952883761155973791671187
149600815714519
5515103020
7247
3922173
86311907899005911698874747
4848780389883
66182491
372513614460786246436641670
8974898472
48793060891630
9135204922009444627056458671
203943734141
72099881752994424218
685085813416712468928
60068763071531136971
47401495630187116498892
454317115044
4874008173891910178635608004
991239324453756229043378
256141485084396745712963
808915691
97694675197355329
7777481
90742
25332919124471208239760826
480
865416744730407824750588538
7891
37
440115116981732536
30468357090358687345004174
56
302262496642721573
5628900
4757204
210606446154
82048450931440627421270
5
8538124122479013117614553
843
654739510658
537
53292582410594366690587
750817547725030258788
3363110001
2844093097347
9406705709189374757719550849
293155276515
5865635897585375684
542456323544702064269360905
8807685944899404066050008
90268755133614
352847
372
4
1
38
929649031
6
7807284
6
80
3112198806381134615268343
37396036
2913872600748
82303
27170900422263359
4357343570474789657208206886
8594432619431
8487620300610055
512
2941492358443
56145667762823775103732733
67357717186351
592330731580549122258292
215216
76190
88375655003684
67961729
11835
550125785181896
9668
4705140980537277
156828583874699
91687
963035744
7816
364663925041612754513
48
64060208774256579495
4792936644963216
483
7891692305
8815987
552176209291320318795527780
12671
586
936550009
141893743409532383
552398161771984220602386
9680671013
381121221245728196
96875336835152750976824487
3510397338635
31007735509555769
9552
14309559567198308853
817099138777937
256118288638921819
9
317522763305
7646287526846324
1319961284161544
7385712
887653
53246
596
6
19924814874442
41
78652994
486829078
97979314930610
572010375075036572657
4080909678139167245210085249
903641109103061229242
302536470
54423883144048503906
83372
9499731
722
132960525898
7190788659631729269
958205408777
892103707
219410902462593141
6658700346749306753047207811
463916925430
955357560964882966
758187
3632082591426
3302936204287158
9115415042
339039943132894912041
645827409076823
1677869838052596811015
39972
80034159125559598
4647624302041700600
87167
45205536050053256685127
6736650046960450447832
9627966367
599919
31650931207193594411
3226173808011264712619743674
8159476409549168079437288
717113
330
494175055035632524
931611567
1928330
6823619369930373159469
2262465777074300213
41404601189181459645
799
94561527
29986466272117379687238
76730469670417
4200163397667589532389013975
9822706504956056973357500162
27532112
841342937649434427816066987
747859450505242393361
48374447590568840195
87407196247234447193273
9884062948107053204925406
2550431
276726
404493072616679177315034