932
38973919452962381289960645378793077
503382573992627080051733333951782127291677922241952074723849530481321915992754094024933859
4962804925563661455461436348576102794995017476588085489109309748128731002502624403492169890286409092115
406004279338095261747848065416026218946768932010962258
324753601251976291408212049186116162855987485185897779272329732402955235747
708399320685961786315037960379562169778021395404453332475470738397087727233094180026749306564533756
13820938693483628678836007802472102601684149414368099028481379193346470338183157211630575661739
28657598485758049812099
9045810280444430
297789600375730865393235213637323239060890629890650935013802049346521914805705265983
29697350
3308549787098766974048654314718044307448083074384869607108589479606216055253425
259
1776087713887710812187875620303363
4536223162796228535473689028924503592381647617304425728500269559771766125463671984
61774092888847401752569933535686690998120341774723116
90696379622149656
2514577322131105062448353167193145582491074462426209939281014738
164651
2949511724
158013112927814372695770157011564872764363536050659025105703373605736776103424663879260088450930170
1559050905776513179656260257864786075720758918788273697025760908991142494205961156872452642808002194
1306681044053368895871217759415750042314627461232453
192951224131223946272143284047868691299758331343197536061849573763092338142093130391207724758684627233
7503698028852165381261029497525839
15522016255613218536734572283053228166695047900854886412039115012537110056248324805012662823354975573
198687862226313900658991443395331144940065593783572571455476371364808470813848103
306666774616428344
979334849144213245
933374732634638719568133241335653253183625727543204489743319437
691179834394255439117508
64667244135362742818986293545141390613608374492243059015
9682014387419177666185079935443117281208680973882026508
1
47078896952073830552664245221614641268270527173812483770
6728187701214257603273709770703419730737311299760850257539919191947341308567
775594404001657956483288785674199843114618229977953718228808552651956190271001
903216241859677972548
8669595588297254364743279892704539831449642293602598893615371330379704970934202803344501090
5333032760462865549327635449337027532400704251268876860
312744489004
6458946566346579891064616878859396318184661757286235259983395545260487854112446948778318
908248909520553703264357785
42871951176537929131294892810687222878395569721938702917
8447818196596925674
776083472744442173422792847702748897074134088598518692149586175206072799518649211395750999
548707753
514714736740147765367917883652473412628979202911053080944151323044052266625693
2778983727831530963076469137916464429636575608940265916718549710186607
374874557699075
26887899034026568529258117550456659750811387808946928946645626693147318464437997
2852324246905732785142639513836079188769589561594037926875220806036860275989820037310810516361292
952851983803895019928798166736677814719506609143653416
721268081467792788076002136143458101781300
68924329701355869574240513459253495855464908025502427879
475021871201629563364752302254486607402324687421795528597043500089734090988158425409476469896660
8373365608603032199372742482190
127695037647589394
3669025775677
189467440694609357333796635008366809976500504629895015271415378094230284277215102432057645
816141281872966456465495558015649827867831658599187872883
6552706005167064761788381179275662370188416843049960689295619371
783060
81560163737096086996608500356677934060571306920218363412911837429
19246373819785414050285711709249869797803510122303196079937558087077887934407119
25658923359306941925703586920005501441333536669903841805
97184830628745245556976961229836774990450626837135418290657919609072150323298644459398444595993264118
7461104302020785
2319141363469164776835753164750945379690168192316507191815
38173488692029365807351115320185194
235266744470437428234376792583419080240447043034427280931926295713
539540692920297376475453507920869883939327797355477222551922184228056922
548816
88160350750826739251383469519179795716390725103061436534031444033785770
6620497566974622853766826
729976813198287146169021650596254495594525901551955394757670155767686610613952366306727796034
957771742321
5248
4682776213112850928686732275099
5380375273716559075064792309336591607215471051846159893341454709598801259
813259532760280447542066785882379054827953483571022460357285777350
7320319044753878776016959208189740349012864281817949003776750090073241620420419502026932
854683008969518288546513348651379662045791595222265056581811173258734187542400384709272643015
7059294885
85935716646739222472528087788431553356045919925972597498790547126
531190757751539384381087852310107371098026866515058388709706985522833344393586730835061657
61803639628993852625
9967597455221489557662432430962022
40074637546036506477364528238790928525348690875321531490667191981363869661357
504120059765085454345053794436068786715299259194937
5572743469819238374170845337349210657091959825082004131053707615555433950760765912684514707091682130120001
9521819600717118601015628941556367774790048806153030064178056662899589704384627201904224977088448841912904
9422286572197385993887910250408436757716655977736101178328692115156917098483287698204967445422841
9166382
925044537127962729556128189306018484497564
4868281833223895560224759
17672976745773033
986568066013954067548682461000893119286419584575251
12089378017152282216594554058047739982795315600605134535183342234760425828432820291288358061
306936743650008005559309777
6422841154088213655490784757600139940421479978689447966
71511102543349437278978383900163090026947477138482721578
36671299022966580023384560997545354662033964156440050553851663682155836203264665846176012520618362081
254613404797981086240728396592822189446843819574995470273395241450971171078539242796944365322199994017
17045934324667262773915391854664009037924410437625449294096405417
3628271828641900537853845831987733275
97608677252900612310478479642591024377
97915287735531625147503016726949901450818507922837150289756825842233522465054285693816845997090230540
887581849
589
66961201671840256941861483221637180892213406296785392884780
58086263724282498846545212513330814299155370846835722760
4595567584360308709
184846915514498680888835478379814527389517519110334183342793286414534043
3541871184471116608184112739241859206397679580111756749441573997382529
17762183550
2517
98214282363969874273846877132387779655036
741117101758273937241129
570110498267060622234438073048054459206212992084723801605252994562305872583529
3089780132721646504824773545351892559028867458704512754566137655328307514010359629
764798673276861904869185416276502
70644209
1679115960103312226227817276950642263545175135827868147543448118511894611207
9811508826889294
33766449628097332849
48799040623552341333046864202591161482974735879031745346432872671693649489391669024956021712415361637290
318365776027443541003552054
7442547235266208025551468821506633017566100781479832470659941145486592460873
487897752628491460350756256259826727860888391345306735339207226525200927102395595516157705663
84679196719908915453321184058187859173848308202147776179966788499420967812514641279902022122082749902
94474042055306857747626155102160367
71
38001856681298707582192303646
8169818813345642324038230242034388859531462165981203112595638050720936498735478
36191415812012408520888291528818046571613967
2091954217968191383450488985502138118746455794633385406796734740990550433395827065928862392968238150299821
91291916288687390303574802025197953230932284621666437463590467229901067460629237634876839120473203610
99813863871560556778303126052049456023389089648925374657629987965951491841979249551104791609621
81937489160066524483063828833976758521654030535
9839860177758189397260300120153474645233355787463559808673
83640214482250854214547315124125821056010251251353818879574482822405352897392407363705401461791614232
5859861912902758466729601194807
7295710839314509144622187384524111548821885182906074735748720
9640447115233160400811635962357353145849157908839884658519
676419576902248607364897
154465886823410082118740049300358
7027957507885202903214060036320121697802216866677157552684549634214
12353639079945009332985196778992929529213692
912927095600957519264121632111985983120384126110435361556254396463791951
8948979049800374267524147423295155377699497770634326717263776259771795234781925803501007017264135063687375
67758494979939877126764519830
7771767353440456448111985023452173232995
32333020640705927167635486516661294409633512002569660977344900240258703119224629749
4265445213895066480445112
7083135081973719220232723524403869375770196461840168837704694
3193438099186466299853161763681980090392603764881333980
23963906695573212971748551947587888787337567546046052869101100290889276
7914060537207760200680535165844194953334617986388124365750129972934134089744242249653
64427807260137129526970227214929022431553020498600215726783729969798268560372408687565884502467838183412683
6545142312966717779655757564923318538334665610744179091465919002920310372842
929215454086208988022728510930160489937362135154372076633535
1561375026149278101292392677830395706999469
7563874381695
178
9318002309433040041271020965221287255134393207
33979716617182436573375050670951413261402320494612234407693111043039167965680469592218783
7967976859115289723473574087590182555119251724646320505485408332319772991283657425
236890417342445308229104732467329088662616993
585154755087825875649377629340210
804271465250083831796917217477225872204923302328475829982
5305815459186726581083326815321400880907076431760745017470520727310781104058159673742022826674362951
682208676823769739854619007
34372258
88575222025752494769840670074686338801659327057
8984553794362486
68784234764610561097985155671
29233862254237843019971306652162846142544510881280538260370175009586917630412871158035392183291
7226634426592883305813963207647486747309825884738930324349547260194022065210259140
99023547113292874207514717403
907122005893449001201921154518136259578596795085726658673779095630500074023361
6319176082835832373903156423281017626888362662707013294785949804605429776268746970
9987988226268
88741150625672330548265017445909911
15183398513914377489071554820941260768734959347983470156683
392994797448348421013847137300712680485110253627086685
738320757214973643626201991937716295261169359
439646001471694900169858502338177657391248004579384126628830483202904414048628
3516134420860537709074151813738045824426103122144371001869273894384588743984888470966769923
9294724855293296550406
32087659668429395050256818864495256385856583745735171447791851085407334
4956912459827775504504120946930254469217803626208984534906013923619220867162
57089301244153881300896320308023931178507832827495827558690627205544
6598184304789478829638265833634545797245539623002
89554870505593013301433442859076399825298361238328177757539402006776848302986065
285789671440588417463911536218106156399285284
96885
63240537287464344180239
100053310013057025527915052569210406843025803
744974280376251366719817988184976587655078618903146847839186909614402025819395
32988900961273042395725774151297028847972603101288965006
239350626305736609529828584706551010375
2470158048325456206328523805613239371230077223692229739259516360381486633276320738738
720548643158601809
10487764186067399919150329067939828036050295964650736070723259
4748448573496951
960478968450503085233487855608629917492887996150370227026
621829475965119370245610
55892330933524170443738320598679431933288474645904473149295016063553040802186
784373331063226220310440622553826061461166773964541984
93
9795545193091261
679003852292630246583904103641457019997374488274
2332982029179862878774537392842395771784771806270544367878140147413006697840
8997746220499345625668834819134009275303044143570416195363855427159598457504783258685967561634943523
20487240406240938443377874893496154017122770323865528273525
847498002160816503930759883967025180027741880805163940483427499172541136233167655580984499208396
156851817821790397085429700724732609589391803568709208902444
67044507540907547078503
40506478915278465
7554504198
973480
573282434591
437983761427576817998594134556472760848021054373274828232652257839826005029928055173435568281364823782
1081930534162224401084595006810040624488312251402587715147832535800623136733896456269576
73743795642735313315030118544386693016635741812
107970442726123938255859168158418051876210907150
60592142585407938668747121740075917873353834276463985
948122777156074867782351570653166714369101300749799894336796307172223424603952
57775488744803958431843633884249
385910486290276110365588437046170761706572675766677753
8894077662557058595753255160985344898522733725886958174000434654518753978702181919996281796716083211
52907226977176620009519188875460183112027886149489780332005092334338072541725370567528845818414916158191
993723362925464168970616481434156732351608746076590428944229690390741846693
3299675179800961502268453541016176374714224432109326760354709628956578214235346672
7400566321694
62090927076672980725430351391951661667782214886782630953641757045598646795745497095356622128444
2186275899671184524216428373688926436
8325640503971619877309660115037563946101936457073670805872300574087254671360081199333268791123879
1100730346472483460852453992028126697931321023202331043473879866646189038378425802862
760360432277014912926607526259098196494
5267713283998172613882878107149267750238523942
882862643697509158767510291773286699
145725619587920530698083127845688207
58973738193509200241953994235969452943462483795663666007192086937344646488466536296571
5951427970038895457302479887755685455
683785308030782050159590535706419260820512631956607146100664477355641289568360
565369398
81910766070403656737524021751639836391559577271599456242
228696371668593182319
117969000463322317636780099318327839858564822891282756691464346364
374537358728282003505365324024
596294255539318498858015897240767861372323150
8202209310005291181432616599044973423852625023878265
48060301265575196677646287885335854511987341669912615856925854405494716959031171563750808954095729513
3940313813848613242175628493751347926213951573226
36545685894419613984743955692801866109414891391698460078234
78547897284541
21373566523761960058468095284210579196915632962775742893591706493718390045176139949910
667906373222128970659494847946904912849622
241433564725660991466895432956357383
7422991971731724464464128
41091272152091379002753362950559267551073768725
117590341
25398843199481734921458
227577128790682668994658776840695683426808317148692731899281865464802756750268897
3358941246542096935924500489089476714685652089393697679617631495443680851205
348161870368907248933678100302297031566820409716708184064
9617935480570796802968598619701517025103534710
7883547861070344080039439091964644471579736623697
191469548335181829040
2532707111530723870899575178257057185
339193986951061714032361760002913586385768759068139035932996280
936041536356
9445205668326780686693872649818945345767768007560013636188792942873055194
59740562271425223686870193609
251554727459612728415736147023004731356582973981443247502586795832671849797481110781951449886528043
8778129289949855363126737370810302767413110882909930944109959870575943280027970342715
51144548605528413097258989274808771792479612311334201356013527164647034280
974357319821623597459119860965637139472930827905528798731112335493587365675429055095930
2444114459179
654313483457406212474254361
9949934804
26989338841292555559188183276736836994834174384153256055044664069757757180340729936793539090127714090
22593328963850582900196004455560371925098865
695040117111579398074777663457435502991278775174772621818143029333316496794666560429397
969923450436433306111836718418925637052130666048075282735413
965874665561209834114167147977016123412887732884758280746538993206745311811874661028826566032225196549261
9479465132958058554312319504366669930621544835191000491367473350965058
254015296053561458285174869760476873464541296292807249903687634044965785833
391
66283853
79407229191929035774603642381468131413086674815731499050703209112123774620453785657643623360474943384871
91186465210659927452620317
2636598691
46333707728953019910975486277353246928487773028003071055564832274648810017496281846742134128097
69294830321649
559711491327512364896055327104801066712166783065910703222417987113261574846523803044661946797528805299
342
138763290297300402712029123129142570345677689214021589
533986746368553584651384914475113817165387528580835930082689
8751410673400890750610872858678928892209772154813345709343858324045031872011051856555660634834
96787716252307748390870483638698952898798569940885437472356465840642834646249122967592684179953939290
40229071099934130905503665141632253466
232933403066226
4684646360578757
760029143952609090758190690502511804686908200001836353209548
8234
957613003380533707647246509920690760466783982310
6761258629888090688478307295874635558231570164703
396808279562446191641773127897584810831635745209
9546034635033190771904928889564536
66525413481584688824402000
39479003657254794
4564204086044989178109762686376206406953678416744320
51877912005916552750783098025090724727246
934557792507790703367357679604027563703025315180095314511739033319309164674077279789651542687180219948
523087433057829772004629559011852607214559275204972289229225615575461621043867
8065854973501448589903501272370802799069849575891003261962174236916
1073693157
81590504353286957399325588240686311943282759673
8916030170217622973610092597576430897806822247270829934637374973215586199302545
231992336887629679957829094723243255081374081322592516594670076
3953966604951658798228856455901
398905928613136678782266667482074694781874783812732750649105051623149978461373522539699416217225
773370438581689890883959023374046649475228654631906
962377656823989747788861771391268589
363034127366847
1509771
209283131556549614576426109452399978159934409994988430677814627493341831
811160
970661606196686047362448313234901503135575722258245028739517368355285
567174780538585059239243843671310203417503347393115261416392763607312722
352469383690115322604858881808867091565
39758
755751684613856994318616806859442503939539288
8552747231595328030076387558813848778
18458466420534455843846797421144721304508372307941999620256860971445144094029231960442385980221822
4127
10393402613753770107499965652078066483145504054530871694545832306849020093190337140638556105483513108
815167150354664750049897
771528822036467616397834166
693398765484651965689717963302607918355967332493105069
322786255860161500234342306527864175732823
611927297949507053297607598629360236526462816341041917608618748035690924877129039118110975611022974221
36043775353418122675150792995813433276984328443372158581703554092407420739299844221374664
65107211891547050336288400277
91092945117131640698912371913447938727703110297691
9407243740691994814557474971195517212708772026990762998428943052422355656284493670899
8863928522344452860315222420489
7538161177307950100956182
242282723695782640257070746
291555348290901924228100199440979550829492212306211964385700637978794194203340285134766822586389070
76011646706934102214
6482614303458235004796412321244462620523066434181
56
659538969897608174279641796630896389581
3864497331465096342900173864421480112845730809592287014556866519896692327856879844
5247940023629611083582723550633314186913705460435063098515703197806921356175259982476
66457805
59884213363321230997759509434492593778521413546559279408223750040631523928321171665523008
72595257715553032025965418791320626865336858609019166838267904965322205978846
91750458089635076249817720481163122530755162761949474317384524452891714199768
1702479425530
41610743024447824345430064320897599252916852533930855387673038307
673184775476923099319530583108581101000642741089159905707
389653557222885904417346425097882117054550901416639584759342947523713683263985870638399
1412983988504454074624067544608744385039398354146035752116593059404701
32235201419817228584547965922181863404687321401341857690613
31760720242751615
228616876821917853006240398493821769
1873648303410346958297080809484782267007781486644883409489148180292375033388530213662127184235428
10753368
4065955405680450
5576867833951954060666974862192993889808751736823540185574799861509221777628846262723
326608800530609524702941859998550769870991670009063285973436733757285260392423504691070315178527554550927
735410056813518232439970164851459319005576000553
6320450443671324200297948460518235749579751612535092396739604452232516772849988
68
51863601345560742010668334565315710308454178663595664608343721145
72048907180944275648776962352
307815247894114549195937568457868662519859102801343382066995210313
59210911128063154998681510800023
605
716318
606877942824521138917739855642847305973699654327001428445793854246114115631913749090075999448
16
4560647705159685717616428624669738156378079547715334391418823873855736886557795830088
448685304772843898646265402720619418692358240997906
95
12996957961701411435
35442890056198
3782541778971504486152281438352710721
9766794429540839350740681076058067294455777331219281646974999112426
2366377789796327504954857242145
579352983496931801858090654497660304
790621654344596265586128689356110554
4736668743464025266414233718956355300742087532938299074967440024465133450662950503
86851309463954914188016618020961630129978
75046541201175216746388294877210871
6182890229637725629260016568090085301079678466961502633838
34999886106902200534017452350528172620633078118337989740
41350204059085559734662423447248143121185211355266289302697372219934165673713246906876572929262300883
71327122078997194400851241328009928437916172527887
719675808256835089494
574249122425653
8822195
7336803324083572682097432547785788223352171503263157726676759726254486790743789615034
5266136678253240289938861497025856666344675810675258166809328812347526190915520082
4626056320136
7271858493337369281593843673928
8746557776715872133820840959413843
14481258508101611788155707603058580273834095710445401729686351304278129162105886002379522784217342967
986795536473765
146632763284832441205681760908087017018943080
23275691321476451139513095295299698930799178331178687374678019990503120944
8278014506659780224022226239957770268232281050181152784930717258
9175458811239
317010744528486397891352971657860122317664103093218723114668775522733190970260345373
133701449370439840456346188461591464818096530045725612671702682965153577678846757096409
64056770931479008926434974036156895816144610350156378743029309
39373312324869000162021097147389116241764120961
2515
78292171303549914296
76509
287902632177810468806
550520087316618787857578422332731707381752352067025828846127196115811800836286308900341906
44229756783072804613819399498449464100186920196
32098397541062416964921033792478263599953067374638297952769552851255186316747584929419467001041987641364
9744938826114399624308471336610170535645415278417240762909410504206033783228
3247345172
58539141324922049704467711917991141071829769487834194763633201293500514807494351188002554120043473
775169643249105518684289221574324629206402182619037338803115860817571561633906175
7660886416646569253066576119341792582228875666486051822606650697043003666486461
701712628964154694908240159867468570722089
8213276822727439075515161285223318136194793483054791690735341977388974545863336754149605468092578179716
323871153
85590796189828465126829354780772585
5983446641538934819387711275531712748
844
5163614150202127724104775171641069209135963135134577826815995174776775349551
196457807723718171390
435940877896450
376010658337438031430908651345666636519918282
75572882
428565204787574063984212230171993144454256099298605852892343764935286771381579244923323904036097
54793893075159028
8675184408581036949539193709425695647317959147885321982883997722674
260149594349563407631489483623768743074740026967144166152717996799975156920
842777086480291184558189161545660591862041645536708666350915341368796572063162098845956225016256324
343260989509364501318095518382758658739817973762537742070255885
69368670032139855753712124224921621082395188670105979944909176
1076243182204862400398
3376846491180599
68560688017398834269944764118835131483531587176718429679131327370878561440016621273346
4456480204083281888571141912849284816761782123490079170926572899170458037946816301
312077991073911578858212279858968900556291199809820165989603767961643367
2081448839265327990859694603800709542014688889521034010529158615438629047720
3127085772511885
263915744209658252473219893217373409889702027228009682366223166535880916565550703618227
6392812729725942139707226424943809831990479102316180152429971058002037197741494350
253239300848947052932213076509223799385023156
634281090232672317424071407500755020733484014244491508293843976743033827145806996625601963091246689182
498524682905465630614431836
490770633117375
1598031751024235223756456539071704207710786596458482118076831573598694641702755187351994418411358
89904402599184452560239936172402978972204663432663299
7666713700
5423802251476765715089619061706823082071435552334784005674027949217600817
4927103648956132450675168239400698833090779502970657726273820533744750128484983562569769824967027729
47279488308578485503196157943020543895293288389698248603113290846107612213518563465576662041255660722146431
29483196618585374417377309861666893125395986211078404900483659226124065329360232164
38623896541090923020358585759263261760700643090750032420930136240841452795745
18346873255263277082789737453219091008326973740784435854989625
11624263907378371756117743398
7582207471001819229768436571096106075454418721886628232496553401457940662442739
97382876720573297516527
27717450407164551394733065672792852329562546713492593927002253921256065376562370380671450
2097121771851295512130580151395412220633063220086856187144863318005
92687043263641566786852604120397777023920630775
55110
682841842582754434086632098477323817389721820143495723857646133651938946663599
88617232774059079883212609902941003216979670384574844564659535110418589855983826045386959676665136037
8002257577427855600720898414087091904163363446697657128457672437390427615868094540681635100
26853320111739552056381541204514158921769216566008628
2424483
5248268576
454842138025210525432117908148722866398162212170930982791696304178708
849994104821845508345532084123
900290875744502610829532793275585663228928183061359192718368118462818201554167621921131797431475285678
36669358067999414328815831720067278955924036918829980642858187603
98487604346689383361335936359633167531933937098226049043374035320047055479919689864269497424938110822286
793832387728019738304964850580755113927750002050283593683952227852462
725796528998170516350755369237057016765720454323
934199650518923611246879732219343791883290052729372308657454666
9420431610722442978121518328989209177564042318494385459437383868688812709
1554004089006863080489554618076476647561
851427436163894568012795832126706972210896265
47798791820307992478102443439524734215808985706255457132151453809010835254
455002564513665152985800691805828016734039783387864960829823785
950517815519145805530419364673616368622682312949575116761223636280695632730174226205397558
1010549945430576262714393331545956716229991685255626
24004860122979558208404468
135390154992498609396256624158878624190589183280
917332607491265842224040953112819096447311202957390125552010080
3115831090696777
7015387046663327330938037136646862326401688563855645414727781310910962198220
45937893437788950535441556780783376046377645483136848
364755008567323441439547446602405263889
309281871510204213754400892992236340818802877520247744
1148568888358007888031957718687126321625489355665903779
944601267517502272217011772317611191187000
15552
894529143952697334908770947485908713975431819699087122543132562325027026665443250031224
620113034830646150402273316420351645404502996547736180228628691855576209593690131624459244255637944854117
17814
19836013055744604433342451142364232374350600622579238825094810580854710479765554221901889134306
7914507033560642272614870
513453394318639965216215305564106740831302885771383056308193880129993889003468146606116972386103
2820
6321368189845279372005930549144111399299736025559770409706694995825
2755377700510306241862452755627532497928935983
219941473456
891446036688817845946594181911437243820997591963863458324
1198628674014109519967342003176707780195518413210849013151556558794397558061202626437250057939161139
31769568572756240917895246484525467027970981396507751
18077621090372806684125753477618848161546539199204894
38102255107287390464690961164355996397521642220448579056645641068
13351990028312016798607749972034487950258115604041
112164007816689811281038812033897672166694988779721601025741316131798570252262182707460
61072423309
54979348483587371696844007790574339168276463
89794303152321615652980076070122606130483213464980145235477215776932817458058136437615815388032295249
9288145260884853998703686
3131491235966355
7771092938
464322801184018733425986115046645369865
640434753739
535597530594
729669692624341089804796470293701984698936611146599538358557445685826712778
4043223143299105270799791828906579817346246181694999010055940694970720478810773904033252298186293
26801396314347933507966510247349604598015508485331569678400883730813858780
20633389314241684573277230376338227209943469150742009156757247867527344365676349302134
158910480592866646147811015493563406127585690414167411494607639846374738203764263844
35884271898341144789076679091921242673925702024124260137648293602400663623380128614456835604383574800
4759695744813037057295448228719124446900893168630250344717576416908
5734691220281663624390562939643537047804011540408335081516440972908616464521532751868336
184505909629299609806237456081843470245091591978822254078617124315778630930716662335419809398715
2999460886
2812107379027581101721565123771147
7970115678523957375081002147026755723885118959352312741987966262379431023817669188396828
47538328680129250832660482523748086798768872176883528025168523742113547635377726046006846
8320925
38732181346430113152694719841934981040998935489720906241701843244351
6979693044486442729228902787568351718954061691044
6370858837164374683472063805138043462616296382273385694016374024436993440706914282863131512842449712396
172
189176175313195159561026709164907408430195513365823523869594137301898396307193048944527114651145
7
219792103245915731780
295714008410059971679167707628
3964708102981847311796057080280901516802335300942486242960178719400770967
993729906146098560849770744467801
7205135784879581800515229270
7783652253210999114767267167198137293591579832282178096791234496356402893816
16153361523699551652541633
397348928317687349699862107880438180677789858081944839348691901
8361221018806737866730190897546318946682256713263701718640650524221626730898791227134681215
104750090935115417524689601399063951127865497876915241387
45717499866961825135915081657125016096708
490222551349892400471064562438992030423168304089238004064622267025890448578374503466633346296928995067258
978096746422738014002245049779240818748712972684117588
833282071987984337921
134861162097062779209615831959448380886069025189116711164208820031890403743156
81178982397714639749989958263936736881337106289248378234512471748559
644093756345803
886078996879848948966233460064706251397814602257851250775921148005568542991207668806316723564
4
436165084491524979403522166909138730622816918961961080687896611105746
40681302575806995388219387428037931048940987301474
1810125671243463304417156760131320248238923245463296547146593
9018153688801840410457607447417469633066129369822645189745390
3530847080186593532799653174891094478778450563974868344594805524524918506471890793702907330295227161
95870819282456
9675281473023263129387298045231785646077522819304436586818905716019980621093057606816287581117016042
901895025663851466341868326113308705188269922492925975415635215867792300062323153957864921771
54430054940190141528048981696540760564920421515402418029566174451758697506466396576481090615103353395
70818937045843
501220061210827087185913
4029730508398983892310914430951894361678786
6300090796156132108622430538404215196840949320002575220
433519659648919761451664767755333807870957151560879
929053363074082974019311732844481636936690553530922156930796385567565174451639458337018
637948
80483282702416265737065244505976870690466977548851850656022799135
911240134137594
477061192634569891317795700247892435319952952568299653118382706
8495750789231953819726513434425137605835685801104554188130564189686012470004255670555731829294466559
57
2703512734002166751163651714097092249170785011374310540422159
37446176302630565701834904580
4891733908179236901770955708532194498646391838575
8748513903064
688727565297003394179298261910475688785176084666120816842084938008545215683
772471323112729967717335297852661535765409169660339955559600838286
63769801116106727153280882037899400016315987338292146053287007343577578921832
31071864343192923
72030333216068836559321888
7512667684142221502336418596530833989089526392233
4419028951467397828693339958698193743190955853022723757126753635412
726704076596158016239404257398204930232
42020878914979224458235629798265469911552249041349016039047389439942457734339661312040340886
4014792893271950283890514535592795274
36335045367061107191115247706381928674809657409575734473078160524670134111978306790190318256
7348338211228869547574564426700957784825559042177
17308
888595365478341506943833826370930620916978994954153435321156942864882234274727672975
4258397325947
10047210501627982984421855233361473046210002570524775729880243
2266373449845320196149846052294569384860952883855642943578492357091505366657145786783332276467395
8922277616821784441
62221376831169032784783679293610588419764868358113245871637107525078573502653120
31926954879516995618374172354547741
1176733904518867641209718103149056175782468047897051467691941343504
9516802475479
53998605494917746589586583575310948186092152864425905826997535153790
4142113593410616098554
9133611021032931477429810596553046922585463398792
869171542366495959825762119
87
475539333071226965462770117644104593473491864358864056
93513584218361775004067437222396694517384736387206948761879501972133196563451390
14112
2517680261291082361520722
39159989212129375175453729974686245794260040
71076088417384607961933068929076736462051374640024086218538286808914343486038128620278773577255424
972421686343532928718644684288077010
66170328092650299226163156721001765123272330500520914725167911844942185
160311241077370161430377398282401683248800849933303056319110327968283078209588
91726965675208026798658952842762587339238211041693961780733471835395424639418
835841342202318793047089972869002756142068245442943471827831398546512601588913865136222836257355422
4783741410753750952297023
906552589177029798905264657650736789761253057361211678908083556542
370219
120835948435083538995433114612631002553697484579432099853078619842754598364435533614599736
77764241657
4731821514424276551408280897134568317627632391746018212970152014712695
9501837868470408627909982325780265558820337685182942032827574288942163229
480336076124910858839400128248772480519761320131707256581547339829178268492442977946524056
662200475285987612875
457021140577
14469045389393949505295521640690746179772801422302234678295094860236653396083738198396036199087215537245575
35250487961098406102550401214075923208343
797053659167258535343234804217139835425937835007031665012044113008783768503119409157
7771184441601279006197163703292070727686339766498024075946434002751760322689248124944966682539
378625457519600141
80872549040452581521733685026723097577179251751974382286919495
20908076581859528989206614725260903087813166499091482791446148285706732195473328113020111
3042588593786277795285336988749118299320
4266519808707306271109909242293140579398406819259986330266
750222298550537829660978749437684816334925603425599746157865475423747011542628245714373908410033212553
9860243450209983322746267947146590668468434323669268280396752340119282837986708462356252194807376077477
3793615734718854830525583732220536041495532562956308377
478329024606707698539222627021153131190285255089377596510281486358276116296
389722112514532068411182617895403024160
2460975837014924167352087810793796
678517965171680157
6782067352689699279651321951051229317615641516671049391885
24
894647218188661581571389391631512451880
4498195585196605915647681970921755558061755637426573752449
4317799294162621786347934541994052869650446613277774668692955878997228102390614334
143067888617195069279763921714669053089597851386
239510
905322471829616841759651522768396670930959
5161186885370614248923703823745694280133770780776573
231051783705073991901799378153514276002015867786463276321454257386976
812939365812225747435210143739772
358056134024258618703181760233698948101467171
331932515670051669532115947146242
15149519270050537674468070632328
629846343424983775657304124203903708102331198515940564003619041406
623615153796434207851058197955181196435917437299643574606709
503736222089858360584207055224038219088305106293439514090144213474347382714725905715506282675768641071
78341311917712824475077509132547163323410326
2
911887134581824709937773069345288879468754477619589103694433395870139139
29815331744176889538597465823522502707872796
569085537557760571435239083369024935795522763497839399576446548556919752799134
62258980168779285945269694666240369916748065209404268787425018546354634189165365032
4152872588102535951958551148451781054834793727489756717484851303798991281055688239946909809129143258
502723677152535244017952139183104198941376515541870038035575797874497300133014951765642
768752209426257858202695986231606045619417842377516685414239473184441865624432757866490536134523826020373
9
205419841944288614412122282839771532620984205629799160636280688856892892326759127555852838125858
855755666700822996
77
97860669111542827229448422684513988112662015903414644928960152862939990193957242261817
5241698532150518342324831266372819065272003016302531914856472388504041421
6844
53675366341938708473
2909931521803219386
8795105
1804
357270399960835761552586990697206450787
3076726646391434735571882985602372418815363578632134803509890169041261010599
84872085130302951085053114423
806647001521393061740128035595343765305307325879566049122
555656202117324216264714962352847023921716535936151112127035377621808781184442330771373661016658775003
1821919232842194308866840155105561982619
77982249850408400731418184239824457675984866931887
7824390678279951159893889821
210878114772867872488665627589412558135092731923689288019474285322
60000830386912378181619733
4003416771128440190081718009791905924
74385
90884551620496338309200299379089213849802937763154198247554536921783691523910285201518188593
129989747222544087464689950100185868989885
32093386590977974030939342626443436357743
54538553923907141374873984769527160861509549897208243177663804033550301274894055103715248584608727
588333000879
599158568794122290748459822653786231318601034925344963
41259428060026442873481110119370830426996023640945473705529703259741943924
74866355890498354661986458416279006421978862844053126588841982726789779
49646066410398973282458828341376398307328379670032140695554350426543248115601
88797839545443676369435378795631174603940037251234316868438099070949277138
87042704710738023917726755926635439939744623040367992249450224073892919912280600145150313242
601725263580509491771256128972723269560481259949617724354200210574724677477325694127019
68581720632205378917892051854615126038646564723694
105730287
67623227633153046173023917285830717523160928023228923338787307692338529333597986920330
23532084867146081460812835789127896074657780183054224
375875462856578024115488233906394582570656373769307620747593514794188639167688999600819624452042359
16941508403814423932790207223823428114661429811431104558
118714859903745382966242131750630805
3
309024485114135981483389334148086790994
370518338283999438140779639425647746085728078353845062122049
9687098352320267810693373952493071183501087193278474950234443368179231852597698814785923236379086
386724676805498
35608737385205389003486473795295760959274481741893888790213497311958968595600289227167732212606818421332961
74374334970664021547195898976596977
6246115544257050104575461042
86967018148797186030260023485788284869085836896568458549290786836915897
8160600429996368357994452
599324755036586378921982506066285438064405362393885050259383213138269681539983
2460123590090375829672125048476051743556279401177379841889217110053706643767
96396410789956867646131738259059470388416424329977884645605071234940988281622
5852335110
8053936053586478957115948955857338922506002739
9
9693153985013085125110689049794830570162778744248872234796820
27672331998915244022553596288431121128689141381902292029905847745465848328072820386077586721554
50346654363037553918603573492491847165162330205828161968448623317030629100150720366578
7954643890675080750055141965811752241261024202694071331
2245222252436510903
6269876751108029497191509115121320956674826725
180146884149789972439187623523
5534507637017316224251444887332453989688979651270267895358029625670109855226594270
2832159899487288
640499
2314462466059529869671477636903554416
735665199613909845441844900
74072426115703
7112870002136594
880697179182239481934
4367060257121959771408249646487339981150208462679406412772005238898902292525654970700547981916733763
793234630425583597418
81412797995828529171327999506392875856074666476910422959401652007550236142876125481813890028565
626654701157175585222870007649175625410139917726683554266219342583763001523677088
643415888917582118911492379270751857109212930218349977566381
30898486359364994062604064398030870186980404886053522224449314880555937182065389575826370571875600
842092273087937527588319405758275343924589330299282567560427365846714394579298970804275101
93788975536733311413151395697212497912932071733435085263641641302506895818811145338173957937176423
229649902606943708066134782364878612863160
400814512464381015051545391057483430871610103291861083247672013546811431054637
62634198597218382476316160130261375312416028175
58929944404685633517962003191690706015166825831963214506676
9690402204252679844200356195628167392323563782561077803047374960344446202498406550330545
230289187676194533799903430
55972844164675398477876594245111865686278664172857420770972735606506364042075574664044142372591387354443
42479765720179377305840352072615427562704480614151225133641689554027345511791741388289257702
5944983022712749001562697376197175490481123834441904794549720269073913618052818376041558906144281660444
2749705056550910573711537105071492659330559348306546213337947932665442290628562
4680
945104029748304062914328926700390985915132200729203414341957362331473160033629331844088092126303739154576
64709
5793404525247261324254211219178125166139997916675920761141942535495715361827570
2273717692970650603597399128812927182387147391040515948066789279624096880809751
23154364405107360977562199553886736132420800300647044114785548440919767
5422785528398241795570962853777962690813038991819944324397854599975871847284687811013760371
23772694644177044335033408417525030859508602511714844831447119667298668532269427055485
41058166325260065340874692881488567631572212135166359787403867494322328795238341050
1612323273109581694363054731806274697507
92264239064898142549369639690589904999752625468830
5623196556451203958981687745833123301157844350262015975228413
8351754987724608662390835480458589098014615740845954058712074203577
64175421
4755986356305947459377153365568207385961422634046816374846143899895797887348
9907
35236
8420648809209820688735966742
5138238819131084107774561022015725363036042779004900544971248411093786985491619885018274263600
4265013607950087
39280082795865041539868983379744905221877376225621827090989995138679295643
33504295234779236083205757403004521594850104
545787109774721689238643299194121538178481441914416518037347661498380721795113678165538507
1055071078969352916314751134831979937359178229231356893493
2002631455062984006255035565757614402504939551040509071
44634461787768458043945600757215887469761353237
817672950519381656396625200553516882405636604570946863836003547500662206247407
180135820980
2079448550985074
956647651
859376320521378869299659731144796762623014392304714856047072261988868088228635967192414734654024109
125588933407903928071991931631409090394557
414301277668468436212737386685879035106
3441253583317237845908624217848535130722732747793599200628991951827178994910303
137941574343827434179137030726210
194269650537295705961053974575197579114499
356144435716334415309037935679939960616884572
222477267238842996693653748634672
33340370788719
73759793025700808506138129179582679378655306906
65358014172525821
834745595170835418213652848218440242542267635798
64778115783652278393397077814966060095503757557235715074839802223489748010
51258773013457316419395521442099747432603405
55801862602242460
39131887961949356451797128623642394186462367877688197641918057425829
8950630046992816771519581639367517615732517089130249393794505232698
492602942485161614663772734357635472759
26364448963262358489334715103625087982217968282867116660996383958531380691770333642825
153433340828153105062922666855
5335851910592368768194395965431932664421382113544401220500441448209738431516934254860410224421
1431759613027858213570108345242159245055905377507439753991688647415708956666325439256
702002276356899229561345351336780311008245027979721694476880672
2999162984483791883207327485476224123755158407171918578631047637646726983089342839027
63815530417598823103557379112720861564021206311017618606035428243096452735574946963827
386165584036154750177810877449535442365125478092025965381
8151395233758091
34336430462702397
3
9398527860432346134979858244943106902760763317587854367576499484165574064380327980048146203244241705268651
104548282224050423745488362916306573613723251240692638475870081730778278102188008968537765
55045365756961522951285643
32872439577350576929971
52799468979581173282143603437780760672430694129540946814978343340591008161
6220700240853636058380373935796395669648505493949585554228125436
87259594775006632221313033065470931803608419110951525040305093362296681474291873871809146569693765
91757253721307504067332155904202968775117034755141283080399882432667615227312753558085
81006952270
34049913933615027461127460231501159002072018
34727623696548
42080597925348970005492850222892015165124523340088417906696235
9094896978166071544377491261953027670268678790659040747429441039765278011416166639154635987071472684561
2994364729901889016704522384273938504216228357334186272663647242338673801067869890794770766
130803827840592558950367502330254219654690705985
727534576145607623765
498914901479261069647988449830278600037881221477673351617891337059070965411885986874737350222370178
934295394331978219278966378713110034475269412707247007687890150823843837867536835550
38327088
2566210874474783349571
34989887542103822398608406029866334758187646869228293029684884115349873604516266
43068769451643873333271919821556880843801053211148216674580186261913641416824389243889953157127472353762241
766165944207338656600931423744231210710149103232535747248570039155951061153381819320784874435657
6
2773754903280406884133752865135247640874035931172117469604218090308728469632463619271422151078795695531893
2815781001225455372338477794799657384113389
615491957378370385515419550469
88533494190085408743299
399194550119468795370182130649127839159946715262672844096186357302269
839324796467028102765467200080522736401306633339793783540470488776888817854
492660
6773126222068455895957484
181782695136358176870274609491729556413659835046284538120129511613979762
380974362460485576880243441812393087002891904956913205586559510039696261390453887055518603579384190697022
39139903633866601317102387813844587683043554876
885483276819778
4775819460383498627580563120048604547486652838567337514193375614026971471509052041218032970
1800435608435196242880226
6382616608473755287981157596
504050275455745221185670471849
99572464113162223184239074
3124902636939981172522904509359980966796749876718869266611722783374472397308530645780982069150241639695580
5177332591664334120346363158049152136
19984833453653188016581751311501021800680528332614031142289748168
851
943645791612068961936857295214971318022220796541957704541366752
8112143205424905172454845416719668461637654521957097353613970941811161768130047204158
813781837223944751914337049574323356270089460998884091731462870277171748464953601560167891417145439
44155522176368278308934228494320646894706883142945197053035313610417728205342304098
74920
61107834699552898592645945334091937731287763385
69373078056156060749440
554944487589853925542833381585054765819917470687479411798969025672028360050015
8418887740085484325606967752094858941181892995544215270247869120504691012234980177438
8452244901021977179546443691610677450883464918499983891349435
6000867521132491495
3692792472864624727877814527352917711513338573224503204690622672256
1365531920384032361856001048986881878759126215433815263346201627012314593796731
294083660054731462635232315
1748812623446937477235392691508286152253428581126046059044438518943430716887935558663096989934636896865780
61805684135872017322545564781647726359
78486348807544765335516491761168652012
69153642221006930185565034225993120935357855
551846181935321519127908705869173477676946888700479082205
3243606284643608047493901697235544434791491248117575
863325112522069874182210228980517541560355524582520960
4517188554962301772196470313136536020587072476919680
748633
4847523569308482672847557684981545133228325222112023574004826683
517894059018205174394192999593484613235173714887290674374846613897202105880904558526154792138291155755
41805074076583
766893097854718900999482792902757781
24555176606461938238848734680953551703879918923913055395456165193652757561165843139741751936
920820083234872525861292405924684966144474515286729654135755620217997296228
9029855436142718
699133046537864679264702115278376138491234343158162663936225121553774536690964719446324647895683458
25844127088352636816413900084268731557922280400640247887824118653571
81850006129482615275069594
74975535460868311
10608806200727274635832385685197312815871336234388356627185583375493857383984130102729
1398146699450830353034769640802021478504191336549268148677760579557334902354221375490633270625
79542796860665028698317390930543433258338971354916
9804110234390746401638727478330167119852174998856574627923481158256746452843883594152
6757003967649963884465755264977254721616340
86035685693673304103023180058738739723412578623075851
4851671343288
2337853145215
2168216160920687715849393333967516169940805602782327703935261494
4928084896042107560852632923967703441395