680
74209269346334637667783565462216536261061816590135
78473741698787559038037417485365786414609384261605656810161761349202138082790595
45451535728902567898520821573460557941342184608478705390773404257392405588222310116417505910121774722917490545691082351409208278609179287034163163
382984881391006849535817720564655651001684908355938464685063
2138265829214881485663178161201891789605331402178563459822700065933944873809730396260975890420
739141726038319487340781530833140751328771739162497344813103372670247803613777521252285250734844468518453450711329974640301895792437
8687185835652037497322476427850918259714805489397069924
7462308451556874483422227040739452541218254658373438671538985356165623377140295740788
6436268163548012896808987610570214008666
43137677515870886394056810049999955159226725005342277991649
82465962125336193348787531536247750101886060207
3404203879484614742739438386738495903852717827424013303408502551524690659
4626714415220246981
794790435322947151656
7574618231853545
231419295654695318005956578645018227321618184589047062750165537735807298663569276648008273802825290747549
18966451458248112866093593059385788197135060902727801911051002858900443097813510590680094726183185604854686104
783662323216
24648913990341993611157747713012199684392035224216776007852039653657379183767600945875102222786478552625284770122142286889721924723874258
91621445445852059
6084687341230
590471577954142
8195290694132206228957599680761513850733741928946072752023324677281257995449475792661
97246655672956100126552346515956978440995998039
5108598781592627411591
7644143181156534833922359842123645910457538719591163674773634234244177
3708583381559125
231631671697338431625882899503932771995892960224526133535844187108194615483586909
3429338504819565134185053485156917128647723009354765219736204103
9077687928034768415840551600865103021952719704890705622363877276812198791006676571767003711388
622260298002346939072633009502836
54436956927758426023295244276975120269859970278002796885714246408355148327256957061533407138910532808233615121657148043042378737534
5425418156666058017995992755494086681952510596008752711613926652354216175097126533811732203116993087699851
91626672140467
375880002469230618639754794813772770242615251162910059123366476627445430344238672366266392495841711
8917006247391222227776224126249673682369343395474174270234939681972194714880350466585052410429735984298883
995763565046646868514882811516875483677134690066543188998287040457277746872599527055443322
246362179297390700128115482811363972650
21980951405743442261996450490579732537028973231982816317761560943422225275546633920360080925897239882761772794164662414330542485061745588127
1849693199151600898652730764990118162881931871069297205723342340524692849919347331960504267117214565761069615435265889
4321911740628296453156499863476938321683512510327684597895237038596274879913055001221258124873482776724646580884936424
94400086988569643882929499679717641266072873675164782081011530168621255958218676659763556381188801187802446787154
2810713047489
784112992513298241666810337776825708138261660592842826091771439507990266053939376439667166555
1809911852291203337821999614148318742325225920335008184273474235082057485844623908086739465609910
901338672984184778436517228025211477361487875396096319609064649350264016476899057284216295691226294
512294711050042128165096578660243720636308391964020215746200298387499699896182918300603553169923182289065848424438931
498152518904866027676227234674311370499637213335034232049907684780198483223811894516314695332893155804211248062475
526024857107994230030479203370833
18325247402912692
2
5633657614790453336017512319146585
5549355105105021641248972
95751081524229195675031638
948080342211850367816828481417207708396805453712267226230365235671198997570544720128090167312710290066330749552
1489643793907021915151821873806665542385230063259789753172643654701056747847476777679769110758180971716732354634749205324133726212
187152904550353552581355496368933
3489352639312972
15150696062255641024067483541840375147890747170565613583720241178505504931737003201511681616357943416589769601502387860522562802187054727
43862366163568908929890370857253409259808100485905687041852640785690217136852638214877461621979978038735421698983284821762790598162618
4399062869359488547599350044304434416539627318954174358149235219904110805916528312714660634124644378498
79582283978606059172448347051401102047211665565373211246855612173686604218999840039400951895122281247741435047818658984507891821926365040863
4925
331159426783034717074727819943721401898509450
4504795030888061419952911632411583462554470989965799800274193322935573212
98393825810991311974291937726350184250684851640239592451580628608005000779261264067582
586460983335262189711869660427475969835383594744221527971803455200957804101322687549991932807336980211862394187549306981339819759169835819
23846613472779223670016076947548971298357354501254436922017
4955470343070805762197460825330270993641137483829471701083253308166923039089019247283682663187852878448737948627939286151816457091167324731244
978814591205066849904100563485172255744687117011
796379489809600528094887284186006171261319842716592040480754731474854167354700239103363111098556458538521917004401792811975435
6678174655310229048272717625251
8069025760592678167846733985236408921396395001032599303068249
142999656656421182943605492382016626326691569571836010402716816423234249789580958290
391825968388611012572734534277560126835181724765147615006538659
19684699758453709580174782810237292330296234757878112388208758967740951242021354812575872234
25374477
81748368672429071247784985104351853033676218119130082677541
3316438330809270021714168340877172751268
637510900189995401526
1213267147672759564607362113954871265730115766575834925748198871046087185868391085716939681793648834421330425604560394527885871255933760925388
5775684110630374213517666547634088345664936430679651478274325573591413
1406010971722491505269180808925391748
548044007453425317122075860210206111487344452093336478785779993850834013050347
23805056243020871681568139569909690782170050854158952571405442006551308704557704733513413993511470281089987844235548463461060629531439821496629364
6547265859917700771762111588490202413770405
753780465781149674452765260729186122886990585270654257261843700285454244069724385881762
2246456851184970749254766031159265041336334537132302431091386311879320912443357889438553753195052618886804727930972398309894029114
33994216210993690034735050662333518671117141598457169011914716785042239504549586375919428616402165144466301665151973123672284655
74181143929627903342748299092064489065905585287727372548768618806265888900189030802621690916292586190730592587
13656658670787461864890594314795361998673455812082368097338214606397893660993707952700274801102847335048466
652388772707427924250877533
457702453496887958659683097105749036448611101054141824254907039217667276150383408890469804
45027600198250074905346602538651420654544723089018832692719586832780728781698513054198037315576576717314866680030682930
591173125272558956064092
175972354157798101666178419000665525091503565792208039597913
23157617147226
70879261824197762866984104458930013232240170198181970227242882422201480
25028406252712937902595269012885740061337056082242001
5866298038624
436765148051887526879051748972685921603588178832621572474171835295303943772602135357370432574051042593916646376
80695681909301394784502244779238556382819016281389854208122943891081767622364988692970596305354434712277117136828866005491055093977565087379518
868822558077855724184537587717702925230344145420186067947197134104573601817678927182069225549762516498257054300546
7795168191135
800331
7308178025797019479953208506543016508575466505835158644416695214645275735505921275598644708124299481325635236
89001162262370225940317472815168405919663058320700910766470453648073275501183232653311
9031908859494966979244739053286209179526992182137
6235763413631789933484550488444326787993651736632054196882988111741683210074514300384720241
909215350483887245770638546618849800877380281614580261526946476032
50855192389306
6575922284651460274984871279268629955155340947026484849743526019096593913100674989945209764338451567543582826225189052301137232
258312940096103814921651426072391539537390150864570386591158953995860129684
93073348428605097859
672264901135677008805815893023952454111341486877433721373040208776876443464833891211502247145074005636505770024161456329956604
7552809659607246696724369703
35894748468931168830180301543723388339296986945599199639481345656654285769769526
345904493780249994951
5804642855142046454307620139274610379106303309945931672611804395976409441895779107933542766610810882315514798941
37368756081163257100703559575099543371571296467714578622873251760393444583495272395817281781950143
5656013408132666952060762033938719365708184115826
70796446506218979
3571797415763946193115603590500458
8207931122244796640025612443648330284775096000493625362590893861067299769902971613259378102322719468
7867395774246817317652450297544972
72887441985239759230266449987698449386768127841838325508498786904214761067233
50627294953512025311644707641307264168099489444888164132877675969182299660475284596801021723526685840445423358396260
37024888870026325571858334024700477155218261090429
97067870154054866967845435268718696417005459476678395264432751885579831325880912026057
740856622131229420896435924129126367576983252215624144065376382408952476850352632331252186
6307080278818132362726897296176067366949446254099366407243046600749618067903347150
966562836534742412969448320465677967587393841743768299811420692675339856965644141596299646580671149251
36766019293228649247929512060526945056646110445280151876575386416758902080328711180353068338260102107
2494674607834426128283896493383019752730319957662749324349138301164377378390598049932908085075211
89638148877613210366507420203582115495249015621860634868015610344751008280774865555960507832065288988607052978659250304068274860511
68489317163
5346614512625140705843238111533700340777075479001508359542204698369764379338769170522668737
668298743057460850883590659296707958974379225547294988461558102671840268024221063290672895801273555794217391582831832833395973
109532607656286750045862838042172436429174097887222083619322787290
8075380322695435509668740
58994582033853073429092671554923445617693322050271407278271119411871974585259414296523660584439322500647287994
288741538784179854168237499922039198445171629920996902079076681014079562190120032971235477843676
26247827342033406600
907395358640311193482489506284863908587263052236095692
841686819784047114325308467354251717355244314
77653983060265102967840496743832420659622675614416138
45
169068730822268923713310824328774
25188150627738542596858240085571942999878725322477061759630650132536183651
963445851489861499472803989619175800967500360124558684976976080611
8076766096675000422503363623623889952706691618504505599870016859618174282813026886853589381
7854876029084192454233374114333507818935597858757493102729080668861220786305798888235893385070091801358132355291701937115900090462
97900858808681164250
341465143123469815775350039969958410277329330491774907728998562325080759841105413705988770234236434110447762736693844424244098362922266612
1734710311626987490218228841158428978990509802755230133
617604323082583557618265607
4778071111909647962968987235101449353556015976991347855673993121897897511012605735556906896874036560926740289491
5124744601801125460897
48225451398003752251612721320931680371617822193743477657377049675948964077778607239470271669384570803
73846777404384383151991993904266313683730039559052311
979242022339435398232789317776129423172120010113947310694342518943684
56009352195785167194215861256153039422773642725573174207123540423048383684
9792924286719479291
955890891201727478193423049060651537358702659606988754316600749044050124694732646406960294439106335830684
78362
14862178407837878004541722516809340868834154803962321385326008306729718875800
69390
31889095824705925484571589162732215037461038341188547437546401879346598058074825138999849886344893557847707907997878304518
400568377663886401644498033309177009607578470564512711787255934212544728624180796414170298166616138551189846303085266331309
1974756388342921329236285
86756954335427289238213468150
6381795278593175726023254074865414371655249687417193
7865121119177403137083854931875435476946800211559909968435223319702341770779427166401294270161298325346659578408321517305775116097962
3718
98150857672198014559794194089140533522805965303543005626
9768389983417864
222225567002792159919030015815189009086849471500199873357195056890425597727563753399627903188959832031088103325
4912855708815255638190294208325464079811215709626290524966334768356763213168
3628888735793403938644642020503826478769232322817146107163604976941600919556663421316046458472404
77853929331979912485844220341475
47448206018598650760043598139548640202104150802164487392231182351295523327259560414724953498201412770969484317784731381847047402567668630563485
73190860189665998742473581007349842793583772780706918776151387969101187667470689758623441935
4314085021326017602544527873995701953232940192538752623758375787637845960406101883042080759637619246916399813823140148100923713571988101
91915918019369598791784866936313574481664892819891305166399443052340951558493555188294600196099347923646884215006450615
1103268676977238235
381402075383135067262112948
57426496694752141401788570629655052882708063082143503133589368160446281
1195759598095979444738680120777708131196370509458172944708294047982131003440164560941097647572284468072776586459972736001726800941
3663511094781709991527660333762679295005801230358454468784418323199192894693291486123318492725463884574591831997
2324946640941262287069732154966400584883150335369208821707370298428290469399742320847527716364038074441450804599642184773177080798279
5535718548417947936326716322404166104943453520073237277
3487547494501908553033078868064494757874230873423778896672239587551093402118678820943418710819081
6020543254119806954326476625162969764325256788806086229193943265674188758633327
235390192957520003424933972964643700298649432694666653469614228247695708684238945501191269408664582871187468178532972350
250361399218604962611489110406789097419708908186318003012420580656578579771330726278700776016390536698883926284266913323181728434330
291076020059863883876
818908080776118282491817521183608937514
3049320329901662113468486267078778255589398145155200267548076870355940711680363550363195230987
65818265605612105133699572560162186570344038050512758593239966532363256334626902655498962996780767173421330576241750333151899578839685714727
36926575662636693484757449318324934907200559572459491880260134436595096270934833337293038331657358486477691429546067147694378098
5203314927840981801116409432509853244938465149049909592585148670680113486877157732584069198070978182058838561
32206696743
5416045707628459369672901465400589639483323852763
33896062480758448874437657187811251221261789752850437371096670
7035451850603
7867019959293829624819217521923684855650658190763503668045518571130673182832344449970440902755827937600232334790297977075950485176779240281819
3567115849351396299449154709498544967162
32558426700259212343732688229916027021381803140087242372555092426069736269098514912309342852947015345752171710575356753185578585452771234167
22282
78807570987143021821562217198462090677509120892545
8670419572936486428862705773695731470375440020845949497635380051823841141827189417163656623431960578381735626220
35735900115087774352024825395
822931488204237134672841577679704175284375524879708777122579739662915130068469192017440289808440110765306855
240486367205861082093734534567147876580485958820675223575979266
84710158282107879023901286774973343795884
525161017549
69579744944441929345165768823432849317405535337107371993705064614289248900285299697519221533880592543136592429583477505312
23289161559338202965904283940549336574112930292422221730030883690387942810580319273978620349178387551
693119787724528045267989354787821846768125563715142163344453538274337555245839112920657
155680719770846105298131718275400675529797717923818028980890965094654956367178
2668539668818204051622056326410162754311222287748188763635363587676404806180554744567012579923239
2447064545440253163401028070
617770152105427342747669223119109592251987136452593768753745885466255325689920653614853049009025665827916509885383312658479301694815
837886110319576961164063550113237934087681413503391940736487758316470560963869167956260243735432322651907011148136985900
716212929499605325167136740379791
664496979562683042476439642133346083859097087169857804413435662267186679327712902668746734201489745211555485515305703599163629901763870
7998844606493030288754231790034991852284380397948876440895337503339362305788
7655939946775027
57572369523250559183036589121459895722932651447697485718722799741761602371774390646022356033747945700927368758742326946
4674991
172749301367212899520531292035621485927184626752416425346670269467109930800707202265607127701699143
54326514543982437237800436995205043324202101542545008432374210692587801365680887971482212449400852866510355937128186264321260535132143109
4498619320493662180487608573658493888675586262475173460557162435285071807625503105869151343266200598305928877679456792991603310125396
6859345906857339294644566159225359372598155440843762480607063474516
79414302062971254535027411622012163589661314583337489681327186992481591298477773424710337189844327975672203551177083914040383795674001156643664309
20594890268535885033858086932717278432834
870820883262825705706874299934484499312337576633335008105432542973755353910617508449362099
7241274001639147568593
90085214062430901544721101
356874062871090193033588954978022
34867888105070890676063215483933773982216742623496438298515043894308107411305817843119562987010
75255364695999753196728013893679308980902098927189240740913346807734247669593416033452751451083253834996842215053589
82085632118166453980490124840556127651169
8118609670549508584930544366361813677258308886377239410203998566569200599013610788709
9020628017037118441525462095649908655412786157379229733307103387039163897369520
102107119912471678864554863117447318526942245033276673695
8857946625719053096046523235016176117327781672936742672470732064380461200646013374722426488362250800098008113921254906
3871235619855830173563823630387286584461615649669785894153156803124976528040927789668207
74885972922715135725238434118115820157245020988441838243919340266920
109185607994206945519785451959909566188827192197668591933958188978658
408022600257186313040364342621177124106085990216409597578
124498083729968743291268780821887571810595380231241339304988243688302413586786360499607669406370630777722532264070117141540964767197609163525976992
27101527242867475477
4676309023083475262874127011860356158451445833146337863851605335574672032
11029212981522653634824454655917090982145873402066778141947296548021121970210569414317
1176962890344121917075739484154332210744661
4473112696808744129560899377774146752869756366230729291601430
156514730036242833477947658169918393365049140972961958620319059704364087960755961353102217725115838565045082711045333316711752989
56927489558854268484346023429172991987887721260709777388970877450531268598856189622981694780409734920096033323758520
31475583138829
6887954191940392568925805391436427753499230109920833702887094280212629981351317437339981717991764
15996434415967047461304029860465942846446733541150215780093570971727131262573113641092928135970631307951089377340898932621619871499
5220858526727691135164649010568866354356992906407244137610261454642589976817464468
980371096864002737837605955361892000552
624639952005185467243787733242281732954994878550165172617986987066701711239871897633481448864870719593829687393697878456958358233630063495458
47610260023468211002935898354953288993472150291540272898
283277165770733316962436089
708462835242022647820748752539329324421447700917103510825345286673485458640901885122444554876098535442374437436977332794661859876
22966822199495259574331284834419299590947861629085053579554396189767
571235159656467647589112451515123725092342358156116358857741139809956205172696
800211440631487794556402166718483521405691043402426557725376033324373421298384758524918305447146
824694403927298681885344356048317306575754667019467440580264784067407523910429289725091151191335129301443006884543369928041
6814904138957889151211536054351974533669455088180
4177733619325319659551117807391959784732136138523582312254694804247552446476398296269392
459169740093198756
8282448277079565830185692893176912
9870813367569509686139414852793097219571701914042469318386422875615184993033497
46564543859833234833906804659197242874740090369286468530599868224510541249697034104182
75228783577123862724468318456091068089499622617595306486650229840214343219251629
847
427897801506753724936133708
7125931141120039317707006129393198815229635418649358629991524389028830892859409740611471957284399879
86116032701138942840227462869163292501090352163606654945420597596887434203934150131677860918997878408401286029
508218282171830291992441551685620538175058152820777889565250111887377106531232363954776159210849483903570544911683076770044233009624546816609
99715449558351433331409
289388757012343062872200824305266566565866914218637268945105733226990080452714184794708747586427674364564811075124431235559318238582470341
338475332455128935060942121528489157702080383930055730988476976630555670598070018
17624695538392375278188331678386919498219320242581529872022969222313332291751819796308232
33241647937308363
58341537449966563339076103572559190090169960675104679804982923323299385896225870346293032329433546884148659968405824522
5029142751214387740637045021912022749374368465467676533930404841970824811976073964491353511397062940682665559547
86890563516827436994284954615230001609418459169172245886233309255720
619817733874289579736224963281399954975689351745303304368723
197942878822984268409415406336380205875197387348968582657576801513042935373491704348710998
386915468832528102053930856850785332146170908171166371252442135489217587662115855438071844541896650377406599887633880513549
99467815164802767655167109084154191331417470424398795412686606423303540193571547928419943446991463595709928333863155520929550775484403391
6203450074390544667165809662249180212073877
5270665565793446211737763177296027906858
5938270137902418371358604418030332433346556159740711081675319133081684919256010632664234508981010326203068690194366014373852
7038089520922651439877970722532539366498575061118550887
531009818887515881010780524940562296522216841333046131539837791747212621808
52279730197387593339145310005808598372566697821503313276824453391909181173041333532362125753697535866956612
427284914223400581701398618742385021357610238728255724312975832630764194220526705629661095294861981386279744111865418105352180808637
2636042277058774188766555659115848710789528620079444095587270003299192
5520586641494003320488391136903534445865130314769426015050
97197050108522302115800595650151550128380632752352208545107
57297911121263069021905905793828521539
7696598017459859110547587348782680523304228327299015872146858989860661
3782776493817087072721358716280973113355980870906063207797968926025522956611382546260859869239559974695858437293381459788762312413380222
41844558898312584446540135748623954904421058214021758
34018115875709753909158688658796369
72003607340248711818705523920433494435792119008820232836641968907617
2513457664102202555370219887110019265508837231745394741184710
3631533429470002156969442920606505015968255508376664893355702624957709453046425814862093188078926867473890947146
22512154311884778034676467459475189856377434673243441557518779600687139286
64612972864981875756159513436203214356174006958634526104734509317719845665815669914055611458642970643871
91685881755998067244624618983859654056759051779224840740391371505088154807284358945233603742082426965105999374395680164677046748
5075154826147740847009838809850497134462763206762019177291976543
64426470578837733740704522553
93223001782029093564703012832757937727234651146135
2401942917567487605244480290197836276367696925906100974183729073056398
458561164339924675971372161799471301208787456662142470949
174140649139057603637172988064277419793659304786738269020653309099731333829413933339305
968761936103858187334662994580891128963433869478999652854554131597224713209596
5762441905211878040485670401815
591733123887692037163341535490991934803460928014161857599221173133632021422127891515878894396943
986146595262079043525352025876051735938980713399879313290325415642933803455330173
8717960
182172064376096
1288446315060779391229
27732553615484328525503465381697507625593685253183082356316902348411920337989931553431485493
64264215842459453647772222619084435995846035926761513085850393941740026299688830170463133798138358
95244756
2442434811399766887310586356241861044337289789043583045820588870259349209946341924871045795725714920107795394
4870995976681
44910925288702589947815267378040923958640004474978863656404238062593665564239665766373528
79689829778907288830085625168742646672676927897
710543184462700771149438979440175304
7655344072400077950181585193261010
846979877417413856607527228555526975128983865518156
8294034177853451013605619223557824123034845983065175592044427039300275246317204506575536
6253363542792622851160426411112033499023979495109159618588152863927875477438325028289555049163418442357
997345493440470020353350524902616
285047839538626771649335659552460990809046135310632638504713857934132447031286520256012400776
16820563586945244573600409099470210540423374853033472195987759134506248978567423591525449397603367
260953353438864609041793610
46292293405548684899367235789237
4910258558619821872897363820994689502381202562632787751861030885629170129796515474382551992324289733191
582999232678018828327113933694363130579265320102321562759943638355276072551967594937653975981007713845764
7486611740261436027804094120744846243198391649086104394052676965079339507367678349027688941440347897320975849629355
963073636750696805491883907779389560258888889263152802418257532697032353067356215726390
89576034672298143882658640262789735226124096792399913243718796210409
276982143266894094174002563583255556164757237198984600223972069181598550405651700725972778303084560102556094183097962879897222072
93837921943564054653441100316920800661142266866835817716270070465378626808231802786821
16162855863139975839
11847728533886154558792235137910832225143542230948023387356196548391132482003123081673849591
425356469
334842862609964698571367532391848210320870394414339912580325
61461912951555739017560944095613775672628
82111626818306246722398823242920895691273636823
8895873480214987983
253105243161126457439561335595140630872976986489360943791
7810168795901234196253460578181123234610740907174583572587746035978502413738493350268065658554776415512523127185
62142857
743296453727350622665090828643385767064783908876013456114537441063912933132885903712
5330619852619208012560944271290961345204811064391420203703573929192085954443010969819844938460
9777016302387851893331201982254242318121391164866239555297230117795388763477015901095140556901175463869091242062425485988041821666
5780400312491055704931419852075701259114662078281224
3272436747233189875530504724283420258303455
9475396859340382510261500743437971250354291180
467328291142797368593414169476182136791761
797659020928471521382256317662114449640091905945927374388339380496899538955755987640940925551443491572411
756895482927812167414895241906700976408451087723632552805927655377308192466434182665
4771423328224146699751491305973210127238003803945338054188848224765150206501434160196817374236423489659869447267387362917453977006295
603538258736136676537301403829922077503136043334440545730062835781882
447052949404944573245702895454281482818231625988926930789439336778554178999300108120285321065528
6464819397814754870240410060358816797072294875381388881330
3205851173140464511657381402459542679450811485405290887129029225004758449830041708373330119575481998160089625564671745186157315601252089564962234
917152264580913397826776992811770767232095446298465
71314069421926773579769773437024219412661920033601690285584603811722182634
7256866258199454790545852632311454889501783232373720127487934601607770565
80282572765002263265863132700386588146660954744138813890825502164226835349599391299790371
102192317246834881925135524940839217453039301532632196994477175149277517
37543892660545291197606342671926320590841821521050597566470335789969688532
9718064191605506832152517397060149484062028357149774467500171298145559
5516688978805426253742189699190977579799615553685677
949675916525810315516046021740039784227080032634305015489368254598749858674742122851225893514305034267876
6550572922323767466549027309557
12665605778838521569448331753120462903216977683625559674269
550096747137855551
7562944704877932682698412751864939067950145009506036049683013823733541280013072658094038573215335342
1402862055550204749649849009222054533635306474249732564186007392157245123507792729184642824
126846600875986822243091657016199921344385358660957771726318276334739156569865744325113400563442851418900094235679598730810061541612
748302521608948379039
576334308194241328598642598506668786463454802051440642017603477
21338
48251090547487710993983881405413706121828779472265197209878001459201926070159405705540617764150198482450851089797
7444149282156633617824840549640592942884693812121524937004012
5364600440681327588801188741469782998666422594287722758116408447778
18250743697471704303870116754107472433048549771098809256271889472202075741368052638193984
12486907281376675550712964021968166982598012928925840427435645151013133565705775652952308
115765190166932569354061206950003911397550876721971709826517203768385855560027220922336330090518876852503039
10176100871491999814570848543160712991259072117057072679853799652703007408947745514628782164417771857414744275946909122863337
219969871368406226007
9966097
548261525269549601735365719021215284283871917813435064432911782488138101912304090703187611491238777406
15868473689075406911092286944150354269
94328771026832872811384300468
146237134235780791964261881519020792042294313609819161757232855503994240066858292615913563077877084
417794922985811907136150232513798477072289938245265380195187590961248762183059627026687397449517659489810608859200969723358751906467035912960302
231831467121490716507973656210313456665081554851656278069861945165306854949719263137489292683168856801557748010213872693648471610149093041581
161236106135322475768624530856994321
6185926925516470690276604328922233732085948146608132632896622137337894952194534557282448136532469942357890123304562
78947159219422773546067098633049870605065424456337691368405835541236948
885939378028887095828870396194008597155801314395497800951759296686879509803447173268153997065319742110129924560351
41373126978207909125811576059799554417797089093034029850372925231702
469804670022753332346037716794955754717876974961959421905936944089624954698054283953668990414299618380062125939048241457478230987061436506263
2757612550350817746020651968345021861486105937525674309190885325474917677096405538790390745867807462300903644584981769494830
96
65896090271086594203572097896207626541967990429028442531188181195976369672769522180415939933277279249176939756485390955
121832006290526176898945262452608637948016025357587629219127647957558720340648407242296175274250
872623
1631142403597445246250833329462445881461367928132228268494307848538351437
4868134997228243330148207526167803536708572255437578485809679957296808566504
3715222877828191261589637990159186660324275177838860234545875564907398842835635407334250744826373434868533514864745075431655359316214
786492134779960864051517164832750734942109235360518183410513688055552812987816415367683373918408006129616893690470300680468081453828
9024461129347979500802559437794378341043800311604011058638528316584480710117875226422135345800655433
8317791032904338493211765112573191572358024691601579610705379192007971798701884730718742587101478204784183492215109747596952664890647104829669047
28177304932580432295303513973342406877132
4366078608316228513287157788261
579788067910886219515492577193011290
880577463584620177962799675905878936477805780761476935067261802312043
29346340166531620037
63466265109956969560956413383579596521269098596457023902222945794206727363462580572158961896249952304637
1734626488210162410646193535213660969884560920849443638634595524556764016733245221310495016
683230243011058514221209002440860572488864607584197518710638728649430326914306364091882514755616540835306294548697362974930248375489384523715
892841349785514280396577461368628692955114424128039810663416155049494225798223609695588299293009608719940
2777115802935268280821419130720700758
4289676664459666996826498464725474839625621901306150867385387133035207971
9171075014942931244924965680643493983
6533188260366376393267459807182564984835263312617733
6371552804207472861211911470185365629364291630923006802945667807388900240
575728917279173614783568496212172409531254116583817575315306695105812101325629283423779281305521932845862036592547
76972929669441687765932963750802542060751032966754978
3035
98969800315599594545178197243985
3819642907194392332197108801125640317269056501400637460326161265836288550733094429898889123221466
2841564320551077020397643401527874924130184255953169
77567637439521616170984213041968281665891468045290823560827799009944993468620302159048903676202645073
1339088252488865884805251776742763013839058858417169
4055088346
8057862741952587370725958928649375287964614476447770203297710062251172848034663072240083253068525909387703472612357714132366053470873
2
24689445014659411158788034294016375151694740333147959472525793043012
761560231657936342461932183981142506070173054432110243942987796109807406739765180865151337914782745818906777993510
7230071440789831039250649985283510639004
837589246894606338251845643908899905489458786576869843709825804235592672776573327493156405191445686334136016231986633548171
1976692625355261209766723044493225390825504966660140681405043399262535273675093322036516059656632224053536320808060804
62800849153684182185328690632421208141673003123768755224518130468946149
618514874678760947431830276579912044216639705728891356149912485472172092092627262756411488060462055356697530
4963086474157823339182178625044418409934668916052839934296784261830588930595000458679808298193459839876
205240379976245018896049541207710349055074403872122469376559174141747324046151011553202731998135621758186411880608128592817399817152391729948
34778027171606116570853148722995454819827633558364529513549998
1229740374328182335673261870381079955399547828057222520305407023781410378284480999171731565782405310394193505
2897492371678299747636261262233440448634119113888047517162159905543874946498119568577400329989479
51807073077200426721240834376666974012193319899588542315788760044545455037855354704460030824961956837644215957
6166634811059515657487813375516793667482448191529753179797875922282795147789687712220197257
9474203271733908303243933855379150207691549
30429559752492395399201590387103548324374047715442
41909618223803652354514899562404045765053198598062261709193950190941960600056
24047268943756161261127533638056147318
950043954334221811469924427731158679356485533759902171628061992
617448329292499885045709222009146
2
9388206827060813668277105112728793789067341461333381646492161246009738048253324232113974946638459874515283015721116542620147552349992
9506732951275663368028990941894595966733854992020692991590393970240188381910135402
50242239636170569282504219308117448853623096052606910961002656515504060669473005005529981415182590283493635357848715547
81974393958618078928065084809141386305758248874272444167317745092745510242600396164121266529833755
776703223533724786551661156488897006537403934113855014151221666343303744719378036300461924382804961029212666668136876757401458609832922693
153588545586507358189922083473713738544470134624249795579480926925519886331569325272329095774070434366
9
78716597916128816228107498448404617166430814845685729134495862844586040356653866308653105
305629206938613528332462025555545428643193051019
36024199573076025527948804043546489844585204258168721768094857058385885889414163269946085658678952326
418968975357
30884658674383976946735155120483999326766500950511820868304719138825786911996281539366550109100126054508347
7218485159305025037655498928338507445575149782872621058513471793721180868317
392
189524767215222149180432725896822494112191868904714863173172384252358458742387362588796872100216680872915503017694485364040292
9138890169233545603090986436340143093640644351806763450076985979932
5971517018047540768882553470346382883002110137181311243
7540863964645455327593991847649537079160388728
68092226539459277774979088045604233
9183644225605283283969181622203476303491585861898562479926465285228540247171969105866808358338507798445912539147933609865095777390643949
90678098862459344875079643871076278229753086850116020448960748937159579293320961743946030953374237619372262525654264806
133678576646271953850173375520292644445099960917733651223944814844110187595663561161863074723180
61869773956200606163216569351949029243096065035416456677704507894703078419353920682188050000729261942492368211885176587
9077090728677434582342555528652236686222528712980463386191793096917654068703755
986620434936087990213005432176649130508369516770692182947243361218
42272671178562879508947981603063600521802399480619008111802339332300095641209618848480998528396009937567736157803911696527351590499900406
9643803223784533873253498667760391038932191552151272331
72421919084245338611173125578071491540416012521091910022762
82046803619039876545085304807813935740597633761571440698063755763009559660279242046
735718608430239743069116149569969031
28303279933726323279997953987282011234718590548370952930260258763191602724794416904453443857341562579363145249120632026526206212204468143
7810964970
65801748001850045233080440149110894737130
5524914690760
4982311716927405626268400735889361934386241971
8124986262253079940274692817406118621882435629425336489012667159272537696048729606319984456860
74262680
38567932311559911176465673403979684904868433060137386022296577664055167381982296622398306167573717399558343153
64288292521260415073717476658052778721663499616577083324777835111982032451427978807
9092519523397319725438232883919732503301056638006470844
8592848673971069552406324222530518578561
901521088605700190232553048165414056780796214293896321949637070830331555112586947356782655193264425796734337113736334236769774295093343198251945709
375506418219112691219949779774253034317721928531841
46743244231400645234498099603925308788479250385340417808055548573224
998734231228905306024453345392278001543421980213586965850182780831452607841549905255241786454396979205240371220870168602959906573596235199
62000294423403814345761843402151334972305072744429409593216601
15737549083526572409846281463717150567545875374234741610021679748161842285048286148600952646126741797789866042574
8307952057565736446807525162790249054281266912759966766231268773280742345871480245
2708231763938469657090445155985496516460348046
5727154986649964294280303135338218954438
74919151331627785325531195429152485755035931641758179000033369942797085504668474658443758678606510988836555066413111469
29901835881546035942848003193
64243557083848025071601646635566380089898252466465179587053581007788052819170001823224399713833504496781430308162224494031
79467712295700447862522655504839245313651152459175024703295251128738682391863216208411768426297
33402976653360220673491415464750121128873692012501437033973581577393436260193594600781355870066059922793839145649786395309542979
9120863754724529397355613283224422055281128190064396
5943
41918533986980535080433148486964644794225026341837392140181
46049849775398794225772902162920965868040324098430788450792444650875376812729529153393263574816890885109699500976698506058801787295906431755205341
59132611250951833239691974119617650870745466423392112221386634525733027209801568630601102113561492116860095677994329781979227374546274889
359052304632076751869453947230535164214496909604267858107916446507964062899976582681288713526969746202892929795576976402990406
1910893357836482924481889569168748464540512496568768269746445022
10852677479126457541287644899494846549475571081630371776776
62214777
57106544219727300816309879041820978577114
3329564177411861972681
1668433819734766014683201060952991283698623006733077362849980223468506215292203302413542965199423232333346304120073887962553699602
97898941527081761548340684421258993366861821868255915807468912
1753887623513458019250039683510256524112752564879153224521832933593264610789830951714226422805675175139480656859705585483591783937968
3
115654584216891633296672074767189790376598054378331048691990127705822227449506819637569196355335821440200583899901976749555373409026736
30311588902572331961527783336661834837505867499173073050790
6363369710458767480628078139166512576283574251
8901123896112267960038967150017551555744616878567874190998713392179493736
55225749394069940443169124812297012351070698573920580555701340890856365623685481409025737646531089334326451062181933706110
195339547548090523024336876505613184789487280877391794731098776603646925222377747688026186848630268431781920126688515906109
58135785310
896440513650896635940519
308174718524674007330212719007363217403310022911859479725447
60710118054051009745601547096288520367860282083863889426128906546687081171058600965172281380214676992260006114947547
24342539704833758693315520526882455974632033910274893600884249377134258662
32149588298378269214200085908182572836566255045837365989824942794305591040262348801695437667862332835146794
618426822137698278435385907714181419352559085123505584852718285005124415995764848354482689046582910774618991619245812504385792793280279812
8815444532757180885847182936223768912123581239187966490862693883
2143943329967550388572702243942854928842854382886363836015572511421637466492284654246200797200975787645790445949168889
445361573313401064086273227
4761974905603979435582882278745172986472440863942832
805944351657177446951418474623052691905109877817431004827279492354937495131661361950981948491607275395912546
7229659955176608957545029156969265719845488607301902332402330448704043309433408476219077151904605397843846042753151353675
12140916120704862361972810046853742669558705210702326026622595952747209291306038255810351904683433171439396801721135440
613070793491794535108
9569400020
64650950967
13823024023253981742013696483578885803787215013611656644129602836714801601091354104043
6640590588419310382309934247131230754744927809086762194480263966920647999018033634185696290776020594463545209560741691951
424039847506460485681493533809522482673591979408494989817947694986371022837
267595397947010297673044046532065109178722002173887913944182907867191984934
463480391136796234147756403000218427977366420064662887621638542195839295643135083734757059691775722028439657771822282991106
1449965104764484986617446746291173922626260403047966999050940609752335470966271720866040148002211
82852813220096858392031427131842332009336005551489907151832671873932060757709388396601642753
8138730851356386561766492637
893066884564403760876312119994576487857200738166240786286225012235184464343530214695292404220797997596437594
55234769523978304387546853244337796686429273455377200171980047637815704892389435963946402252312479015494
1841077860807380500512254109428874083997289520800509813200333022182072906592771456
5804889525351398976084025973079503162608335557449847358558171350284706723414847372834955265461769888664541566063684684
3503524381922794613448062198474167918446693596784544018841720498484099447293615
440075139971654656735498471717204273010375714704237861950
24707860503867351280780257181327643460272309453185922469095285149111802
5944961962293673666352231992981116020897950323189160682252134246382
5658675510866651222310687609963760395094529626817519228144836046179136920422858892842377346506859362805605688971591
97758487160270731217755720863392243416084305488
98120820542242398775497433074489
5636165657312659072572680891259277447994539354177585964530988490828294007474129
5598400884404796583628576617831369845008685523931269659823768872398378522594449441489204
237594523013225055522338485002482756937268252677475905372124641373380256265572439710808252051553119
497601793571688333443183226790612042766592317323376712659144974047775085357060390443094001860749648962245351
98117082816414639473673185542688172314260869913893105556143237794806128560613224899483249504344721173712535635243
18582523448577324944928673246306503251542477499275279780740302399225523088273963696788254192726385079286518623582101747242625214193374
367415475361096713507729680762670374479118411448643183176851183215637714988916919177125960049171837403932826608342513527162240180588461620954735
899178615272474150
61069195477090701773666110794053174201665835
805446945407271506280867376914721187067597559765433796774386645372504485620558138
369856480128986963829649929957946502325186759839586316091434347237767372972735351765538331596982836060379913042446686921901877
9691303802097247421878574562778666032109630771772742390961633362807133530668815003870059063716464636361119032068780146959
91669401246099145855097665463131920735260899946102461307970269409395050061
4947933945984729342616884346622824495058333608333942236492825678556761988120182745336773074270042769472525283916006142513256476060181230588
45189627277864567064811465479770095242858237783435611671908942150149585884
871326682627142385501543704631816102762436056260072329688443468899528751081279545170187701
1296238977515323905132137200084960853012746325180882426204238095387509886142941123239416
1409627073762557735750735497059382716121996202161025423215546354151711420584
804548
26617357341022871912401925681021753179455279046704079218579327938619836789884839824248457343567631861906814807152
59121214717556384948363441336318547403006549611524632759011980329530674
918685507485908266035657047343213178538521590544459889907729489601740482667627735824082526322559434127794785973804477978595181991976
19673457965376696813283262345257864933087
220462305038185869244769466660525744839069407999730697419343686643801010567996152405816245628343332212723501287084430193434704624908021
605511661969360202844571332122648220113293633
7006875005515079667962584499905402266592629020277796365920256
183505531721698084095183221496242403740779800411836940
67400825788137577558346314926622021315140520520898034966166721152419277649000784550615062817634687650113976561731792539681226082057
55909630559396108240285186619716020297462634890607879259917150897088256713143237424796481300478477149502919882340416744
6523651461765418533702983702752703872070883919899427994995055569426777112791621328083098971636774823850865589
697459663520515007727042791543763161243065012000236437966528672086855976957984751338012270
867759894505903871974537456005592986050531055
90243377132046164591331998573281140194859850624794
21391523363814360501561548362487313984427316275004401357852322093917
751850927366632579576637524339316599261330435321725627283168691
8167307571325406603684620848299930106001227337234595393204115037524002072570401279095051539246247043321754035399172
132610093418958348412784677449236727514188559760799391961942837674140939253234714063951888482354131041837933870401218975799197884363726396585
8553066822276390477455994987237646838449182963354813863686139669880498116158665050
864663039665121512026714487496250242921088197947693919077509326968
776152840854881062200745636566791121506457147735344916815439356094588864563463
7024642529020159771865359061041085897813914889951515868749280027
71473760423762451803782620954868061021343414
6709683790391589834669546386069931897950806929757037213962445749841
968181224685864965055038
213925758554872359634469
8693250618041274844504670226922811936388
56436666077
768963440399578852937
6751368631142885156112606
34899553059888102008097527255549969880576383518538775206452964970367441180304821402040526015945888599552914544
581029797890380248984602692241986439331506910813826730204379426343409201739279361646
38271968882320228981195171203570043
317849000688813175715412635423890388698532796152373
69029899328460526328
483306328674509913076212890066306120
5993117810031743173776817227297970818483996996857044655249753149719071223547986483914829752436422
3471104343949511918186593831043176653153011670314139338231728141771553684114808748615313527890131045563254957955976127051113569718430529389436
155920382195852538624
1455093
93708447009771325303667886932845636347209417393536033
53218183363523394853168506473395833410293621666367064782016869123736838862484356835797702205
230743814239863980915495903286027710681497957128253704747174841382970951982491126672333662884329825069236862544582850491548087489
3830154307916307446023191239691082155913069106965810635108578775
5179897385260986069394336894538574721377660176162104259585766631131210842837423057923726345072149524010334600549352801811236145867372744993
20407167459468839802292492738729227665552821125906853901576678404419605604158344505341775587157176293251604221269520619516802954054277605039
540374095971641593665521420668267172939861296674615177082266458743435507685608823819956248554800416723531399413817981361160870497240671007869
491410500664945330095544899696168591778845044082218731220387241849892284159149473784695637538253392396006819286549151630323216343536693
3506417108874991900174019503457253768472632302871365044708839261612708931571605046393721272170
9136486783756587037668196256637362162407672370151437877851249892157650886051644922031144649679945956435787645960896555363822378
9706170738704555392276705647983596484712041180925034751165232116237
891549727305833157725040968165347147099317230813054059730300227354995495
23602652297844895362061557033806357385919275112605354880431562804367949545166
392781902890599988000391825548056668642458976701279037771879925917870193538652573073482443735
2005209373020461360143002729280887004498278205493720784657910175335321277851220840187763915872144518449370029429968399888518602806418415
221752287783929314422225119391337849273808785062403935418704607925722032618743586333918119767764839045393892906011580232654859240664
53219969320870752332980630029986565743488549932318632187760382530328536871960388080
3902545518045136043
234519882701055
582153523
745750541627586316049546130244492421716809060073069978612904304747026788686674061310867115612583629450891532870543936233656341029990727172420
47687967796267836349157045728260194077978682007146407697286523360216204524963
93136084449030987517076399247312
134461969620665411729877473708762981536564199220178093746765929611609810108949459948745738550305476451466868710
30695784391697554005485473283372463309038202988262705218965759360733884913283360618802680
108524076255276154422592802960339553565605929024628175574092883651688265100
610530831718805612654022129005238268757283711197090365967388022133461890542587592407133918940774619891233142288447559416740684771
4575415630561373651435990270414482231157341767655104565828497676546328612185
76570249476317767938910032755319170189244618089359
7461540933042020
2203516
44083480765713345428327731758251408521794115499376045433881225169951668795470619596421738478444125479321065545609966133801815893868081473
6633291385848531776796649
400903123618532627
76383247692480369226052260479701125865237212259506064917667608253481387957823526793215969594971327394989248312275076200367