585
3728563907
3511708254324088545459393129277732534597725889051053506024397601706507797971479825678036864972924513
5078326838685748145739186805485039079028592792218932557096097397313899861903239170049740279
27242562100946157893939922230584632822748773665797
913971324503078106235045126468602439836389501814883
4354874952769776868592299779809966773594667125628905766462346
4008020
114036704140632025637010661834840916168356885
611046470808448313483586708219036380107469424601013954355512079298553752760654154295395136745293202316634640691450126447272621
60147446648223895879011975079705420246246369649711331442029162206603150690760
50491715474
729255572446589803957094546294598051443276589266340167073
22969827072291002359956103890081278141817553626857360146469646464853800293670805282386
2948113809
12101998430250984294898967870410140680749864672484825516591023629565694393384258792967063561010724355
837683474141463531670713901020273106096814945594441966024447325023979618540774095665884707102713130
602428986689795461582714772013616648739171164614831235080062290600687852970501008396867379896208634628
9105409457384361993017062790213985273707787852806299016706123202425658804361307087894483697929402804834897981820460590747602183065020925156377069197500910381862576006
22257771943293165148891924848713544988967989017110613497123944433249310932232665856075800438511851193054
96220185483991463748135092934578
676303300810757841844153023629458931293569051214522067536845726182633
883531377200625511963155978452769787185134397431704915
808875
478530734247882608720106315290635094391801968326753871813542122064251335444801625242048440951968188087664
7469479024678533771898118237063733150986
5088700562602945
225727782194962148328932952702172704273864119078662192425914852705813058596609115915386634341
31389242815776372971929562323188808186880695404293351
72433790949105998
82894100421961505033144168967681200681068654781903043296233402
61875658046807230413345221153450334916502285483075346421105098504667331946281792317587628025273872360823224290767061448086539046942876383150380415541935183
3086782227468410108638424372605206363686143737720882073056741132096344768124772201176378749909233772226575801399808502
842113017267573036145933952238277460221782172024832203531141201655903976890899395400885286558842726306400065426
47809399446600180251594540
261089668829321941673546167867729760642724721774126837261471093118731148215178088391564044281593032092
361701297111008730778404566028596011368302261601202055644090050895944731363389437983047424350890531639631608850101136457077143988159838880640940385971656407727
860147886385809691697999676730009141525855837007698940915571084828410360699597895
993752447571411631554891859848993010445878496521373571173525781663106793217748340405819358830337246
90896358384301121761903292091317639363611314143810717352
3917
56028014296152461574843699860472591413637885089924905973387330685438405900238629784607994656669026453
51260442174956151195605172724657959031873610539856142271388038243782425981667141661110168261746
980465039815381756097703014023373562834879516811
806587296752470464001188978023859103544933061236246669751154474706130161533789548813885810052305587318266429655178278268603084689473861707
639
3334638844644395151842265113254760916885833082123867327825514660209368564473067712360741481934
107074696290725266282387208776
477673977479380648022074796030755135593254290005604671221607554917018389295051510024824842157
905824029338048465197173960021219474
250050005820585327068863913545184010787318578983750159590333721134825805167395372283880621279816133141993411023
401599973047434112404933653061773852
5546
1815086484692101702354282271779979382815910373987892664815201258436859529155620216585584401871284
33728721285802319541044113566916137743212963532411384432348589597618338890
109696588849420365212943911321052685216983864459476784194837139867914078852110943849527601367595981908434088041590809374407448218813739432467420351
8963749405880293287651710996912172820190586917938237159143699319853709363716909955763441578335721970674692859861369387299193261971655
433522808689706100557
6333376704342228089881422974685109609013677533922753393812250891414110071402948949118999043617
56393683
147859755422658331484692308359590752771895056412918085524133135883608809612243078796
895570343357265624890636301007234913770
3705279097686869545431373577704807461
31611509537466717263710548098017567118061155721098974664871537007198557000646684347789323996814266028509250262291355854167177975185083032551448994
370454347441258949505808217046566735085757140344143920308380409736803964650286440
660712968368468596672133982450992355688411451957709369278106181022295901661338943389099321431
15896501917774110544888066806364760740084485384516500386722214997512631176731729854643783962411572361431
84504023581206192693021949979002306917493154852556571931361710771638118916573082750174385771170563523508310099348422826510211723393327327130217096
835563517344701666178201583907433380648425189043608400087415501710564862769
46652310747713109282854936230725294951942685704222737843964476170611793169
9082175027033
836404140
537662072248106589200984651505041715287102709
42458143351529643958616613381648517
498282366472262243150268130763849608822106848912293047326435328574762217542703643841058126358186870536441152416
7598378259265010123410844114708494322213838895678
9270537352422696639584858002209823313319872576690276497147570476815938423963667436837132717752131902777
8
54746935971953784357510290380532721803969375666048355087145225185954703364194862343696596365641646364089674729060
1997504929008591725790479192878920911712824641024730913408225771586729432863340128914587402424509390029388193401214508306545157648602886
9522266993941805257695314973113908199219855677156317781520007098007783672778323878009026617826541538433434301299062356835193925833466267
435323177257322060574851959
3318429319674055029059451508680728624336512254884687478222505568863161933923917250875574363571233703945505419983
7921250143734620247332519623272930278886140629560660635560541043231462669258265289818685912188410490308273454175009882568002010420599491280930200304
2638984477057508328030630389490807631
964573658893924485062333
35151614771929232176780718375840952143815948138902873055792864359310738683743794175847733673361887909079441377814293431806897830196873768772531203892391677
27094722817003083812095
6225380880935669196403369054288551448145458150186221483795430
28309818766663307457279621978929431283801782346134166766480491959631968885867126181168
57886262428124324381660765620831104519411988347637717936703598760637
22265588308410867558183496922415463232469500366773714299881807356859771854078057342185801472879196650418416309064385236554
8910300571246324978195996442575809068148779596926579873498899
4878519274553297627916280359839088223004698665570521711199117254877755039629611157269947254672405
8532542690998584854784
642026500037
232546517139580110522435146057822216527179074462609231083083489131311857363873244372222422005208128938175199622375808007947381639941000354
7612853223054448703260995500206370965520663508084791459253064190
610125787708735851155591680348305756573474375069636431737951112154806568530145864874225316193355628247003829738339144785993944253213164420014602182040639740228880352
4652659916256645990891870836
113428595381250428343802605601947966349657367801926263276228663400020303699304122979730023489710807866587319247208700519518322875
4661524131275451128946485703108334573487761521390103075372797721979854786345812549026484138406515085952130182550019379679542261555927333920283682299887680789675291636
72993663192636820712615058673200429359374404200202771387936749437914581557
867890324599533837295975708312039290300628641094606731775985974900069867742800945492007269247492350043439555352380001279972
672937080411566422814079306170473255787893006870901634539
3336907244521252
731534482584813696298306778125374080081010729564813760746880224527927
47035748495058891103819400224827552743047084201476403362620412977186167299117195252786380738
169590214169178832656051902305301279138514504732831631607913084550524521282602788571491217105122220548989037312849747646935758022140255716565160088
12209223967117
582086988059650356415832900674580199397971808176859513507972402209205493617560425343303860958986004296277414489535274622730092777272439310884523962125049481549182
5003847517290147743162481262909865290584
392522868901543165857397980774398229350326328225143413482835323051119204
387374188335964106486923842500507050806994160398075090538199985061147076338429351985898952069495469084375092622066375325406131549545506939884971833229
879316606
6542658378136315874982708125256805060
528443205795216165510721088868997856728106396374850540125456232458111443986
2606953830777765504756982353058972821874149667480682064616207403938934805319913222295823746016142030046857676487917009427630096336996091824365556236634317924972518
5779984208646505276069179994395634677424711043848410977101880837576924471752683757086179022034185465841462270512792289374044137650241668519689401978375481655820640
944280914908516950886492218936506772845
134460732676750932959483346741837950393178330632817747919400
79795147510532811098423587721320738668920600489461
9561926667358122667776553862641821263862751091775911536046078191067145289927867023222920480537367923126206234825624614597613674
7931382812263835110401467066323056445813881844491917272870141228916428114087337531388998491758941665345325823393459321691276172578951410324841859493501162615249853774
52240402452384575546669245555378718514416461765555906981955655206900065471393918169282189655996963943947331893441284111415587804502251902009243
4207765570471574128472306184435740102715322639837455313602542774117721077600353188630521359932380014606539
2460406181435971399011677979812880461759577556535136047271181918050401409263197899112064653
9528133
1988418214425345517019222405077211049220420998304129609938527431222134970034908027373238406158192663346214046571656795515766108574
99937542830316964993
60470208436463050892605073493463491072459314164486000978713016196831618761918143260854500678463126692553416773589689098207266985942900316012321
72873953537679392173813101290195749540814153699373480335
86241900115164098627188979175090842988286925429086837564351294805157421255052926689343787767563125257640265303392773691361966181789524601949041429526368900264288075610752
6690247935561548267757488057799453900365884375347430567868939390214748
945798192464354734229094664766241583441254314007017436247986779393023168793141192538475863025
77401962200222489107065946879105115810999851078
83313125757829532750966836825559725288
496298347972841678680010610173801961009110305887464631649948204922
482443153161017724292146501708787940143058763
6049651567109046990547054917964471633991286628751480707145490158281709258
9572576652928683714795
3374546998226977948383520389669985144099643042296534064969834416812193608095675180717419163672327790140007774
6372961773987692840633759896588645868759327747875112290171218874745673
936374131463830154152306776829109255430964474929780388680374720059855374374782711060772819656764749593438163698363647571437684140653322049987738
95029731392754350374767839542310136049748057693766215522212044002140550196236065953188538481074524588248957411368433321245852915935149837253686837254617630
9368863260646219451203800193813937574490022611087950258017601629662194017169266256603014235115790625263558566996679326925398573876363
350929757211375074670499955157822285227341113042063316407888954888
282295855282408529131811733425520560642907198894010353458860752349541601414503504667751173893610717230783487365276449595710001015582115715234477723475
802371334
78746629699720165319334699321
635611218003980420826122982481776634343466194584567857881481144696631357208704674079544846574102237340877610201183204997641855383147991680197178881628595
31500016652923310121857722412538520980830923515168598022795566958136446092735354330379420242755
5584853228508218568182541363278296499931351904414953032385136849920731037454352717395328347321377495318775333135
5590705337748598623302705519125877463731
33461148929847653646838
788982
27195968890119772465701356896393052287008403504339661213300
747981694604603609531061245140297545072005804473763876178110229004636100139776548207225971
3075772223301148853407470701648100742372147789713427892777986179170808211286925479104836796514099315139770647376872464332479987740343
9279744145517885765412798269390479243430375083265902130945857168430201422094972255334801426081569921916844521969597341017098685682434344658835777019184632638847699593
86306302485182724080659588276267297026439321297019121760471256897392788787511735639974161554163040195258766156764563656998379761689285909454449621973045715
192511407220275125490310297307143075133201909255852200807979824059415193322685720886536488041590482879861992
72463812589
4836357275062182505903601526331562993012342172623165388515
58845251170572316670366035224990340938288341545234172802922165589398432931622090674211506812907214931405261172128080725314500268913484566847219944546908558419038
649691788390
1473231143889487784853902029883799729609746419394788748424378141353696651693154727359893325709052383510619716
9520877387239658823713850601972252835798081941291461987029907896145102311997846467446494514317
216816209232358954582531881208472571560
916851790501645102305414432896061090695547241582705007698107591140670134382840825418601858245291947658
623661978000890206398396783123232483252760365278619073978361584466082036542860403324355168190357218745788512873
9679814326046772976083376355996
1073016379608813717587541125224496136837669657956510581871317679369036317381310366297817605193212392149385036424272129494387585489993964415002661142601238528606877415
794134173650304845933203869252646917364904610968056600077056617049078398065446
1555032573391474266981103510416799236548314057573048648577076406
46365626046072486882820385416430595570638206396989483519
65786457909865214326391708634828944145462320546356747485270007008775745306352587572988
212960498072060402936360347864844288902067158064544497860058801940446332167466294324538349858184916872087711674608605048161182708360193085816
5533009072994093585036100156247335588687491770093272515667131629130835909562274032646516569721495301098855458624709700181161797786682302854492687171256470260630
95770991192964364
570127956831417798499507448611202182596040028562055933321023296846988944076925582364522759808602289454935270026143854457747423711
55254607747379115828197323105309997972743286420743201407305441068641202948910839785655741808325980041977
881643712090902690981113971766759258218534062373575843371104798173806652737151803838867936036193061293
331832424161369836155018761178637636618944456342879063278474413490354612388540685792826499793984209254115877128378003647017201795629927862799555
603657515595488922481344223557184326696111965214543706515224462
12379664415300132071404412624654416949413507148791604675576260512975526862492663
7286980800802982173997681846168388385192985042686664878249999593742708390679049251928128086022839612641488485321285183879032429765785693283947612918460023
53814300023630804755327361479953269286870487370492505469412415728410205051024482676
6425
13030531922965431476137108827565361155781145821509194914146270630237305398372973407086962210417766554048262680784129
56428993586090042806193201061510751260502992507534198873879145465135099987759194
2628403603978876148157735611698973222149598531164775566512067563516579709921469192793616455257248017010182863842600366953123900244566407737813186
85366237038677543868729606301073256059144952873730171298123137023500646067420622357345508280236919010718623936063472115427795629408
2040984889170622373697899020169921523716375669093210791906927346892
229233552134134879710115281353221368031288404051772692891198238217589
709317322812041840445824803240222176038052584351979046231674324906353225436115057065831288251021885468122
83623031585055072527097848483039483528465770696178355578867362345333453613412102470144396420528461
471532967239
379396824059650927447090518072445651188487916178077641060525
473812992083087332229402082024640755507428020107841142052351038566752456304070751913903850996024406615447190781201174768339
21607564586107774233924538795893643781959658180930108882018498346556132038324080298634419945684810889463042547505973717
7865078678079720808597167331984929825175460450807954331249250375943857963319376640623435399972188886041838096037569720284715090347113936918941736078253907437628920873
565204134976671357957338128149342709145059004887232
74685590536584865583363624384263529909965667457321931654
9152783628016059513360989706234808297093539236690
764710633677545725010545885395614527106024126616640452907702307945275524761519049514398695444296643114476292844049439736696014717357
3533464954664653449789299467485593754287398495915535881092118219
3581734002385593103721106599794631023263237693820259538153428491129359443939191153935622545907536415033044760
470035410511945324276766331585362169361347301696709090882761275043033150830702439432912118102042093
322903659658830396774010511051189182763543425888139939702121493829961695212727188054036288465419
383488686783298027041581842678371677875965572839767597928507509053289990756087881693974665027719665891811223320899249160610892596407037501466176316622376887652778294
705055712814079230882789793897164981177379356500
27835754777936084321112515010820541673054314073026296027253469437042895389982781780596969744859825696267077403987511258016020757598179
21388496916939427525692342569841756789140446867545693095338402903805501448436641330806855758020117118689828198111436576507741521303319734815371743160957349
3803077716329375288454295939710867467388847064137055616553587952524098060217936718095466204047
3565548932681317533669563
21396354413182107262763897552433134790760626552070178619135571312625080193068509509384041827901709055930575096906896754748272777679270137984535363301734409795807910803
4649178506736681651804963193193
3214932090
858327169680097581552799992802475616695081927253581055192346466414353602510797112827
8033363010051919816293690954896977372742393329342405318121075429925188970523640371890762271558713
9811860809294208147005969938427254434203955760045120324432497315734313656427700343139796575039212965209753647254387030951265908995760779291759
9321890328806496591451155304901919988883739026694359778796284053827055792136717934622694421610670621589199508479825162706631358428210459079081104118947731447028121
83
353035161643219922508704570669287586820003276699631574579916961732367922265600484203398246080655359936938319646501059
66217097814349916020397256150835787888732018159115501463330241618897768963829718325990062565238
8649204281510915986706019624550210420660213625271956780988737597120147850718029
8625431811625122787687372691432916
1639935377252071730660381836029565324698254261330440314348288773682868760
9848287160051635007664641882818417254425655121382969668298011
3985115202497877210814328387888390630389347506033268728222287424406951670946380146545370697529055757
7829449795932574803974585641304275707518246628877746547118042404384199725448384180864074137739064
58237990820390846001043825454340932804103529859298480544883926437663723877138637316035654112722193679592
67171055267158556642941968814253473769161258905797424441439718907807594419713217841458191975
50292864056979315668235987573739462470382422054153750599589712
92837970766247650256110930322317
24813456921
182084497967102342335045738160877189382477145408249750009761381902560808023726022964911051310968823452718
1047403876307053632806843427720740631291206772027014747108517396804400693721924814206889068665545689253887195783671043421170214834220858509449631034405818
30155604060927244733878963854745517415511652496615781832245013037757715636655500341649
3381
3103485673999273723169352916033306857957374290119138040476962442433192064259431258149771434092548163288834920882671703
8905793181286036635426761375576888663654384017844652739810550148591154848093
40760085708655960103614942796753402266575358528729967888318148158546387758272034668365165958682386190298536810927109003348406801293942459983382271699614421496021652246
362584765062846013192250431396156198671724316737
735167332801991581601458407704496181249347331863932238581195907152117624
77466363613310320629130461312859945529507024192028310120649135340219827950703958393151360594403730349142221100549
21605264726196703121981506713503226364833749167409724234759038715965534990302841321289434251186711996632045031539509976786230132523858035640000062853081951003
341727196433339039047859547401719003768484809497405846813963
840690391526874118142889216102563933777589219998637908443173007116196245856591560775884339732672780741683008247772351778896977531738692604827124541535142867
4420828034161676869
4855072430253647786774323825227818824
5491014608041793628094283949066021961062188319324223948110724252710735206018365573683010
25171442327019954401299261919082109435879783131396737873632111352882637391629101110836543132384686046208526782806516142747713528267979021524470219107
28697711004086210070383077108012546856566687643751412992846187789014005826436094843543013402333180975109387945675912410751655000188519578168819162126837181140216
3381822311521441873206592305890401
2061753332178628626031981535501086461307604841257582403964446967504906467622830506047161154818567524127045026492935195267704225422938348861216112093
7
5520967768096804485507830436
97926828754197102848731906536371644814150940322597612448842213048289885561106448676221285298959642764606392075894003824686695972358381476448
548816291073123062125208458603318589345946591550848238515491133871140488376588707
97233053803741747067653339272186293719700954906971777912769013237276561754834304
3220637327134917498594511238115355156808680389937566768084304988889369272284088497595474676161517594116598263509858148921640422424
418045611418205080207849216929310748103560201217144517937071024341872661
66412240106624595599510116245762776183887237267944391955504067102302624167469679
247866374555364330205864625348751341114743054166316757441485108809680202965690416235079384281545852729932206139027
3974621363528933085322067753784907491308833130853880208415153706759966441913066294904521461842022666288874597267548393319800052821705938094
19051212458814960121417822279136209431015787499341382465464809100323657848520840959453
126167677723773097464747558801491093201021514701378497430805803635294130087478975323240048564845780466023731212933908365114
84293874878971891293874877060308275369256670240351259528901654442048067239885431683558796610451172579230860535728518419215787035019149
937832931561147982605020019746520658688857511036983031350148
4693522065446467180950178400261791099013578333076980568860614043892558881093300213594734290383425046041758103852288504984
56623545983526995816450208599313203380150008078823292839950286378382
855420473608257598096279633431673572236790975880870674267791666462116853354191981166344778304391724934308579353502329922
8312938336299164849254485302835206749758224054568109211993750597211161135975450102154325018931864616633641915213277842611571749
718141335980373936395084807943310686950998665586603278350265498414804796782204798549565110261728862195703118223803040327031754448004230457667570778794079672749183799
12243667245160628826716513263778905852206280479471085712169057334718116164258156010772804197655876345824647482584334
6746366063872764632591606259210776514548716400461983447371929003337083605120178096
4372279827086353303500343481083580966949358757049300681386015909157663470620066
665901758753414659223564175738942416452022120060356154286553813252830208547842547955074105964636
694101592873714011616928314957873099509889466643593598447040560688939073884043940364239096999117727429984966370058689405442636194624811523166275504700974622
454211327808640304076449754552208496480725941200158453095631697151715187539142987269390057670092157542853689223701083254453113527518782894671670586862945155803519770514
4566706417028504533788419351017766731232702774491750339153434898054539667061362384163438387851671070138741
35472127867871062684099739510717599139924921879878535879674764240914334800011134229
2114344605243832056265517651463243196037899736255388889996176599122917549333915682228885271913071620116543195642896458024761448690
3274834830322741565528309510412126509125273695
190330388359327994202417842529612970
3685236591234500437084063471361980
1183231884411018534409173385831570829929500487417649776154870099561260172727602701006802005509
47606425526905782959054470358527533456401813424008054359000198926779931417256131100813650508437094945784224
24734491920617874027289999304680957600514112700070288082301222086509759459069417718279343880998473857156417961803964435721679274970136577162195960988475297730
34732078118536626464507526262030316112230417753293869161992992910526840271106064045754407213810205337234162215663928023595213734602343173316
594276840806434370325525473138600947
2760540561834011765572640231886107102809548266485574500785510556914081690920961896783
15
6228185253908793136107021
17045418521991954832780468655106306490510770894602457243277106362489014951613245952934057804534814175174
64417327621455696251
1226568395967108225535729614825036486360659737180605594320684246334813173369631287657739696953568776885305713729648355194210034614646841005650716421378595186986137
345809381720315796091653336877475759253375587372405761385035760250602661130620703658620997892983034696574552215871435663357667597033029846538001690585075122075028
973265758064
471594371358907002607695109691947010310999
555549133823365363985482757571527845183384462906567872637679154431171858707709648919963231385519135405865541717223729675611588067340
8340123128212217480648037714020230131869706300702875925333791757132616345585307631702194697627017832413442236846887090038633741019673674840434307891561754480
611794317107220633252705270636467280289450000705284387630733594352730099751921884017132596784735463606429158699414402463552837251013799419420395
70988139813
21401929460242173742557449077814552350776174865073369386214917731223974821313970289787500729998930490173286452171919048120170292369961509994348494307138682
3658436943524289337132555786
808563589476040781910670684448877711579760348670252195736088410985
84798966931182620039773688952623953880026996016
74717895486621754536860779
5778212355750272
8074305971036402854228677640680820559778288425068702237566712445007718156504511560473639895603246791343015847070252812332255612007336315360255531834622358
805288223931912177093302425531925493281308732299671334487615186
749300530257737089554236024861452537577847133948469425782235200095398913943606681747188027271560240621718509202866896489548410450899968741
974251222483288331926296850305748994199789464957577393582983486714146391053502126940453029099905174752748972440749682450903168686237390324673209772463103166
880690683207697308165178108696960970567139654115652154880998908752746520204225957012935
479248183600393681353452
84642418959430445013
89946775433155147773546698114237572934212102008833050082655883258203304236824904805134637457260053368622361050996
41689234618670534538258735372696032814236458192140656826379471596234928949481915020558135180051288410603504448351935026775716333311
2385905166217809416588801883626360144025698630
54
849309988147110976905142687842878352354162423547404342940718279254111603312385633651217567338046604479280985530477683428384457945660763706
19220792946272365667091245736535128
6608558728645430475766584184976185077934303152271590273250438987787822405886845274026147817546626300456289997358569071590516772751340432773540142383529499092675921807
71257343189330815653693127093825690875488413034014362614195533282188079523042987798460311311256484838767489295594829863287311780599179041968333879
480428141755215468761939691805896705704297348549985379069172231807881829211179286194501965812817340116265647741915048348011919088459901559
445764905952991432251941580974443728980165953537676418864506352488823897505955847
21261470095075199078992945690333556
8621065067041867742746045584048105922384639499271648536416748263758728051286886196374965278740637406552706763792434158778664339640998928449118852179400
3296503585437028836662946614909458270959929429739822558711317834242653376828971912658353557458488913279394139732478788138491395723605768689231399354175165361318350
6398427462305815728345042468046383924101659682864580244716288875258017416408141629614692886815349540272064594099415480
450648900129332052136018873333704279834296126060051700821808048269028833689867
531267267588524711917688
491153989290658965737376489738736098557101952887155497659388209369392425022323213489754235710163556324317323644192088405111098781825176431868964417360095192
29772765454869217021205795271452986672897004975
4647754237551654652925336
5843399002770003665343726624984803315252495945748256600011314301807
98369797528453327732446338282335563045463150818950773220962671703376262726681145746310923502513811278386112508648928095807460302065980817697162448577116644781481179
75861322281459655150122054345792252254882148857083549906425558340996770570465375218120451931338829335864581108858260666073687588307123029836828597590328856
4683970246616960329906356530902285557655737958553051827903588694039500802566582838542176
491302536347831832586848779176295416223672499020844
49526747480513101355947235222448640795266768654390618380363304403961098
55703140152900617874758169276306223789574356
5060369502087
83402793627505014527356143179815
33676374966892536255193454227361293930855301828455453801427780477990650002969629771786172490193220637095781139340010718571
28276
81294843026147422744337380486213889139872128879269722063771752148369567422614688845042772166346288020117795082167423521891922981808818117323969837205573904
13101616532572940570007555706496195371301237621051514613863914317291373834638049701672062890833177647081211485861633287861188
21921027613220031514212783889295710449962671476
48147946039194678968408351100888820
8545810976531171704227029112410000021782855217686282394338153981841794714174631900674
713071828465042130287642227218366137
1084892697415289608524856491563476286998885855790018127537722648210078461470195492973526555332968382921402
7155493859559937256960615755576248807409393460369318537
1
62317400355411313156988051537008944654322943709618298488693412096491499700186357049936202301828921057528837883852095238
44398036577800909425985242030581015670323729419733089515473560273559024429493198167283111792349441326058019501319970509329038508
396333698772647719124053634087570560648169836591246323519633
137653187
27890859052227915520153217446645
24255494642922482098957150466489933101044455102491020377135108347974891687035262880570454096
721663023916469333574277288393042059524943345559497392630188787887852679588
22530125669214251164416302424400338483072142
3649740295104684349921635336361848037461373633107554715510924156319027243368909105651822614698225218020536149412927681413
49544559980536156334674
2200350778259308080214014764644319663092836319627030829822787946386150675514286126919549839965253905518776969325403594831053183501291839599951856387950258881162528185730
1032167537316153064820349555851437719032553771940993388428924422962745666336827206061519864989034737319086099824497245956589840334149659029883230004376
6035416399052129219705050239831320847317870323394536351501659565467815057401859114287230974258088374073278274599151844649279852776412596478
768902535923843659754334514425480186710310567400640507840076951724715184517308398726980357668254475639859944965146523201303789284881594
27072895402946164833298204220842228906290554812902657364717531948736003355915275686095075271303671828362517752705817553222654205478734984739829920894
5092104308493301469005074791454627763076874
4186040080486272320497357813411257698422590860
2698786
952042181284130938110217079405380195831032791321521040584575988556083366046
1758779986703049134734743655803663548689841209565943643474815014910036585899126006557990259808451728984752737138
959842481395099841800787976595686067748482731271350163543892319025759996949012398014844641974910054048858500811043622318482961778972575
58106947452199035035081528731729851280107962
22236598547261937572325166980026397269784625891066073822783543046569836936846659221796662632284148849039132264632521976410462633945772937
3346674676205225392480126866580457838501764078943776855533202188350007936617371747211487549810163565664410
95223602470281975117184299351633107645543299330692703568456426300313050308174521445792064504440890156949989275350904668184881
613283917038135040718163780663089872361373158518397872550917383205666699360903544226
27939776440296251441466841967824897310308014262745788843554862127630589
15443009264807147037682423452476670926116066387878941904212428860514104359022453389
793281137495491264841845871329096466126716837846618182188534988284900029530583425253817281842925050
1756562241433758191063777591969973348673734161618213946349702987815068648209331683125457393243993649447245109884297557982814427
200093731612074628190613234803465473203933525859707811458717799923896994551256675036064925076722148362247159371205940611257023912845000398108724
9700936131846091257037558914884804550770570146105984969561758103568577038459121978310425676795067337462481779980083756841856123
30526737353328017442048989499577567259607908686170357415584844920719739757475683502
3534382623498716206951636711129137451959747327016436101048243800087435546075728428398811434182
31681427775189161937371721532353162352441263214243875673383045098962209238380629660113236341586680021239109048383791256458578517827300
75353934027890652102869166595686282150697555252382119142876518532928096385038665780327274684128929058386637183146077737866963043481277
4604624736294054262449179848519087164311590071312
133889996050136089676562980603978090431761903482254889648423690542634645281451850241189683518972678618293950267516911
742235655406266453755887354215522711183414873572470863005455196214412708674084052479209623398002907254994450875115210486555947031593167588680887199
48702562718748992110288569443048899108398296876786740168255880136798
281771816928429241
489476610327
491164874009625647488244
4854339106495180570672021377006972665559234460944307548849289766311484272046460440393839576855471904100285260
986794125411941920598608647932059535848399829878660549807392535323451911560974950196731362209027007348663402745796287764826338
41825794922115481751366273296129663429329220401793987118479320304300865927181897685551075289616664892180797804671119491690259429184657682674697909431
15767841431552309018461131839785566135706956266524397676456760329393459624704388998484422332807617500578514334929953306
379372559514983338864950423371798753200786468320618084554128035898
37047810260303603135642318420028
771957589539
45406356305878119424305953205712548615069485251117984521856650399
365459398701038559143041875478480103176965370131859097126980412852919770078110345690180634314989804435
96406406428
24386616765879064203381473002715020057079204880230820461593489120490916590913353168792857413908642890337560064708637276374158719453390829117261201589516582750340775413403
89219296790871241336722065656264080224540681011941617938906658633962836155388059213103989959801678286617462278321689232289151360579261400161778245556
9
210523147309677395660542229860202410792968686231983455683149438236094817383467744330856304607994945296838517076675845136050988
1293013856105439815817062326478
90113811567536616359
896099083107116866649868052158250403396591088284296661643293214262677496542755951342497757117242151562619
75803669770235714891818325
62790709407131933428288754665054123928613794654484110358570559176607831582265442584421624560133501637701954514743398779185760285575614659678
83420703844450727914005808920036038918254979076
2736496334630990706496
34180134261199763044439023188968358070322128262634790632402788451643184250461327823100521397329062
2242828121148332066073231274121691956037585
37147835149285467195636381131900284474996304322017819404097691356556974948174238635416043271619845286804795975014797640811516
6048392889388164118669151864578311011965120096
63619568599506895199681848152714601630091838872655894102195177344482287809975198710893639950836665106341875694005666456601433194539195299505371763522158952547755144817
894266929022629080257596543834155065899705359428511351550398064409123579239845278644422271723955440
7396640258883543313552738835407184016263288904961573384135510164734702714370999108555128903369238747701380150261364824454292697796422957186356
2958249481721197972547482226347982463568224071955261496975863905099974736219245457532238324779043861022378468006640583803971300
585938849194784287669145531763285550556837780089907605273038857809053744882275077846284125096660626323877463536129917574868337877631884193798011284988
446999705904455537998908832230611145288367556487968
1065849240242619272467676523121778440051734044704664293164301302
183421934218061
1045334823112937712385151895669452686056268725575961592587658412522001811044109800264594825913790302427562872527579000960088424072085692593694629395871
6347143956185228614475494591785395890611717891868884076670403015600
3171013617394051239482659327379355663476854799
54190214
71973002305975439810561575281010368449357843231437046122357776998583584893247697768493100488779943236971211309989773293
37074198907697974436895325572008724724461546383922268366639931199568760646774094640233723394728913796372707742386410499037123506
5798089335601957595749431571836546875434563768346
92114785810462089379888941034778675621605318170065079967353433087903430503830347637924722875363043694
749024486781811
77717059
3562723868050252171850799580923704028179973616927579034147422908197606749810316221393682014503439405429875168107392527975145183067811797532173103163907598772537750747
8923041628708737504310784950217451739479088
4679286785692591896429
529077096470412484529240226814015249475934074704329734936824941122952705182718196470988221132131184670619291241981638409503274447650068212
68756368363905849357209270858621346699368154014435992315909215008750946904889425541481845726843061047325617523772
814282
872294280479782517901832311406950759612377647148870568475003417687761767756440180634877350856576958
7036759973659663321254123653749884915045438594831204972875092997605699920798600362428362111507276455272393613243074310746872707435983
2158241032164539491291114741823045268291529885224931151570918751356212317966666152929790985785269422765195994652030532790603090469233336667884745839955964935420529737
763349977140213029525124731
8563961113188062158529924136675924907611664545380921317716863371556375998874697281731358000687966517116523501857325804297187307976614017973729244139437
819377322546441308639661295415435451884972033129166426111367647471751143371888948901979451129863950612700791872522732618569068625053173037831222433505636281134518345167
73172500722921719923496663835635977574151528088502825819276662391845171871254230545478455048495316010249422804865287531575392046373156817762607353985241
3547222216267134532
1776705885318930573003279555818590803077961059780462256
8338562621519374500286927815656134535024151277846573450254
46
905332411
52802616792463104454626215208304750843422766167064948470926836349078332292640712781437451234137653428647486792851060798065528469840321735515356855752508175670918955108928
90960400252704125558935279732449919831224163694166053763235927291709397681588408
30967411233200548919181625269814983624666706303305757518590105553194490204638266632800614039902876189823564
516595549003610742478651237265212535139081984845294863200521793687976
378615615236414386112276052798590086
611477050351258970090601723414901461675869896577001467721052959168533642120920127228554916404449015960385655545475768016630011616958974
128612659652356796086564839732623676475931503128338797269152148055510005737995836165731084504062000467
184519909
25910220890100402778
807113066327213353697316170157961631202475190052
165478830779395902654816546168980992004206345572455069446
762569644022663650785937653700977807901940768175347773542423772594904308333900
11917039820081534191852545333194013631674456349220444913989621063859967361548
8671284385759098064851904296743970929039815225230653206880229289595219895307223034
9767405154612497705596795641060340821047076686346341466038392979811642882965310834291027300413873584103335469057058987253857033311057727
43430573187759938247287707090652513292651770567580589241563518415870901445656574519087112770672957552683534337875048377598506078468430181495506712611557596717468
1877781938804549409348
65293140406969107249418226107905677477243841828362830792206064525164732308496333196965644797661885156658401790311263168305598682964064132235020367611026761146186
4197203546601156
55257875668063627209354611293859341969294981404323135720522525790562137375228572694208098940718990591
84324764743598390773040502532435373557097721600043646243720717231643468348519009276442408465662
83190793718414463359438918397748315621630328382373998275318256128192333601686072973288778424495391382260009
957830817395353984920029601227955814941423542472107299529666459952875648950291
616234728481049271535247849190078922321841810105496021588182635836586264158010614226308362491867863117870576741023640638267188091288406574789709827638447165
5232764551734270304523292225999502140692394758261330044783682569102708791177041829464577916509700176752692011520798030390947838305954808232610578385664
901062910595032248914496882508706702865893973809496995089384268309761508096585227411236111012351819459371585584228028752742404739541424172
3483658783793468966642445469665684218783
9094596256727630731580429069908610215655163259850642459268
41473939372238611800674351376604817739744519348880459512682129663272330
47218718855512631895118851685706594803150574951996250820249265761780203223501360592586354186995539842839207096955755728544
7170273745360237186278718604606955005555541977737994448033533318124789297994325130185659544894359499798435634
4773867630563372185285644292070306791245149638196348138665937753062219563808581746520271022515027444128729343877543783262173145818664902599281415378880120
49866789427789039864667461525245327227544974920596568392274037687959229941230935140321731381220125127048132
1890846082855105823908315161585133261072471644844565015123192733465028452027309436858287419716918926789837044070857303
22317894275225266564800536296207459064984307758716249187974102808704408491590206634351409397490138
1723825228722420095259714000296596297295115846000722740670229104266141072460
70538400585677710563102587692931543224523000505153479030350386405055997621630706710934250877347385832649213333772651343839457751634481313013717191967236478360830017561
92326945260345515940307801073366184576819235937422798688849439046140506193430420764754900561597676522534377334744784280845356271017885
47525186833235594921490532062842066395069496356343989731518191031207609923630373144641173443606852530834391665163420260532747142650168990571
305700896207045260441127
6823926546568095566678012578066445860088269364530303628085007104353965779547749963840676222728888167871866799240169271078642529088827887843
4713121549139118362949521385896372999628912829963072284018316599702676644573984412189
9996955340
61389909602337732830246793254526200450683259634199382442218387890470126348614029483439171777412104808166998916068623961696
243429185847509962230774093955256416676148125292472056194045803782893185551972553044260197665742187978628971518140994830656177814040
9811847726710340394041212862633392093888972691294674841058230857489
37861608244714970184543439181299940040644644178918802681195403899452215251157895062850086540989599884851
34977596469076408101192381489673568026101622
2466983022470629334119157987847232408298199473375439876803141762700202558238436005346122012
675992471051601983014553635470082653
131836636424666456543952095392069986543932234199308256349869200247539219811487158641499826488584919238137554572289335463442
37623051102773365443668960982277105228838095870923864539943024612799135180017057826250605893717331061020582832657868863833077530038488
2211525710550882307331563361593092321562561653384652244727734573878880597503805
2930263749965277903827307716612648190078
7733927060344579707040681
3381475341917303643107325306938932923436294082161849019204723951011728258094347864882255828791163236246389106866323950230342012583765639574
6076983657467625849216864116288217014454426005730853761280214464264546766566755416824503143205283235024886498
8565119916998087675326498084359257085782381552785379462642499884435380067243998868118620346887806675298346817230738191589675210996684562286609
86120405222099184027069035341379940587097915313054435246107014340727889936511561891521665662159282042607020541802322498436
45965588375501429720120961158692915316222116311025338061405424229130631533787524665520517532349516360789134094119522716279210506942720369126232798355726
45267725422362
11899987972655583625918923588950594072685421777418659167781570243163802605937019781161166703010069036449202369650681347787846915153509713864241912
49332248394210623480531570364601253698994534548863066920715992398545209393171175585538744940212580389233100113925
111226144796610962896104284580611556384463249046517
362076106719871411429321621842624834877852180537541805729747529
7820227118474686871314515903156343460167049229354141817599592611866397384179099100911246008888065042155098106161945508084360
1091851318620365407632865588119665964716539211032577713727788318241030076052679152929816441598
34611555977966989585930923041827577344379687602470496051835235906718561148625862494965661363197
432413474285609383945506
9206935724003482401721274490581651854203702052668892094102226404143786674608633859789365
11441178425418412025974978253750684007190519389214553212273031622031
30371609623306848774425205
3206022392785905657114845652817070461177902154061632158158429441495442599754088040902290309132276040717775719
8057592738509845987940861122297346622580667338986225241393736497597332
71861085869642370723136295276980112336996270809528430333795
938440326920320047956805912904208572262825333137225545307575098672964578297049252634704580004452821054310309362019710
92029857770630010701418299374002350123241907020654120028058688388092342450554252939198750051273628651389751325060549154618727
68131622265975216126931619460165862782220438306504437901424898229293034912049123
6056116216358198614482298360924838819597685953286941367705966316842345737539024324377789158416619665502759482947806
33304860299784145423174869757883943925795996202935205094967884078073934229811480589284707736412881041941441763503080802465978725518583383546930917924879421441
4187211998434072654655538957060438423481255981234302587903378811621390758448445965272542234206113243759791750093634932114917260191985357056997
2533785155048225289881319745773626
9631649636788686808183893665632318317054742291004425528750483707365850015082521811436382739185185832006056563548
1121
30748722977913440046951823128909196074407444266197566988112413351500374882699728233782302178816124980515539599922044
9849564994187826924027050877169463645303910956777386
9141535666338901888428777214946621766071041401554070947
122506957077263343236148794145576273645852713072663024203226
783191430828955913040405091177251124956935753575671185900
110453647550158795394608141803130565912878119064963377290428233802543758
2820604034402582901907418636705274008522958568569625710876839177747622902574
390316376226882416457954254
67208307671935288828410310481936978602131975272975629928700839684381816006950570103497513984459044286
16609040193916802147744687783592128042532101333497971377097803341491063917803
584353431851538421974867328352321310666
1466423259967119662664096116370403151841326511965970794565352113969909432855513282397014543753796463296026635390532594385353820543151787
51218347821369419639639056430371325927080209107705807388860338300660998134102898680486145804642158191499214745830382552033
24347724762103720864212515991024829468365457866624697312938480936392121859440310337187751472110632736727626989834902059005640378250724368962372741124085400
56448558940957208441775586945439817860659444161891895237209437575739467313309616135369568120
48952
1714903940681002119189636185128549433203752497744937791734968226551271990855201254459173079305244506577456659648726284445950531791750
521901533787958829455348404487051808684368
205536139333
81177571471783281408981587547601524721798409630535051406276443188239182702895222882984210720720821934227362808910586975328124529353420621
984
454958293878029607927063088333340643904191530959299744366982
970581679558153275948885901845464801865184350
618304925104179711271533703270616146156130619375857257165395806384567041566257135436692598045171011583578655119997929567597537817622310230223542094146763347162727
3640648743670761056755462198879802023955896727357
513408925914197
3077893542133969851783816746216955882272772112829340033281851988962363423130040211177520850623241069519660227109881425275423679599977495740584418471250035553
54476607907303854848517098499056
3917766407962081875578809025459278886227587674449475926274883727255798338
73952828616526195560636244300191907820379558725310321531128921892573262265370540053308965836738988605
238440899035184120644854464024229275560717779154600578041053766048558144763877882441816427316211806298477087655115761684916
43908492673474096860035073274353784905600566822057430644859831453531193657655841706314713410057141
52866575530806632275664923195231680136427305643
120380945042681949156471650689890458670935833014901485673
250117699098147288598548974173738429579569617310180754911444240521375865747627444209886328028454884169532377385131641390696509732165727672434834947507715429451215790
968475600767567707278065382728760864639279
224125812141010272728777721439
56510942424139957791400
4571866378107849236158658117194794
5447570946724863752952643515934111293019133418508127770990847174729395538518297263654150024507329462050271227347129670691325202925156435290964239