341
66624670553653937140256422560391816941162160550427367732789019994377888926404223480510168778264363456454498951397554073964629289363272730038803649472255
84421720129880866969547616426520624176448302453609417778378785388503316295475645090841437732075347023654920698845049993956097604205322682472933389297875524210979301985500847829535234654189037936985309766706357459815699304301415217358220688176697628808118996929199233932152955034055513221330
1751075804769263813344456448961082212995402307973966334085619403149486553867427955855777749095035311353802739769737841346544823291057122806615051929240872678828155135062277476258
8758952776972450172757794212970370232105573877125294331542548124106648879628363648135752031946737033231184388023006068850208666804865080292128522078909570783232423811158932041209180506625138115329796250996389097407755015184024220763839198391541139485920074
34644046784738759283262929944950348790006375450950718684828938941454803976474388527275298470525019387982429453222358772559495400187350508836346940833117738424104328551415021230378051545855761125005943427581978799069643671679599309660792975548234219123661508496189178622984
47989673125116905603675405782734461919213886833563058890151266665214950752583969209814088634917137577486255255265986750867797248485824482117694343955242432498061897061618096736092470749348082042154880565599607833818918753329993346219696120562462092906109425761168609108171
8960335890568298011832900306488
5481309869953580922003838848408361711295039267099211976583653555755540418963578657761009849917005034606079443376928164894029147222260477968877124940287054
9227786537378095003735118854566298102957054803037248
652793488082233939623917
180259621947531636302252038402177922087240436360953574130610364622062618681709232343729285891490282059216393349411980043089228942818863803477817850510317558379566894672711980954408585363814591235134823654823523831201336961473086470152196197806927787012302981399805508822867
30040585645324079024517380207046268158348859366894893750328786213968042160998371725738592719276067125734417174
325328747568561626
59478981910402954866534214958731736537819943276501094734443317925038635
40138480536451625940837459238076914226634991192164465093564549253940955357560977067269017697940811291784392870696997557562041857844443421991850756930907805255908521444153988452594760889685927427351692860970782937585818517848247577592415420669344496368027745935825151190751772088025595422
96435621532191527040664869740248636166627193515066222710715075963699519735641361695123968942146700040359602753752428427789840662632189009557919501602827276415194231935571713720862483123626267957951279687
369340783691825272092320997145996151040889913065398691807441829117946988188487025033453731979453948570268236652832
51379220653890911240670122499705394263221709757377209447574616146087148141219722943053148718002762664832161332028661435889067675060254608423648587353767
490682431025822106960569016335629479274684190161659505490831047373673678135778776662073882835995018252354103385239880904397461874858073366540283473483108352527884646265229759167056834964886820968386921975631279195097292955607172431893011686586068394450095437107470435931334
66088850440962946034483636128714990498964077710424961976788143783273254097
21427923886365153857715469941523390766717513121863742214913779559650959922183084979844791401151236027634903122812291758531963985003747137592087476000435004127364401688374398473781303910199597994491262531840744270200917153571260082502381406727951454832470
69272543599969046720330512139021210426701950100455949134461120979219551652316971432296
948744647082825768104903
9260384738302583872333701282168035576180118357861531600570321974685176197370908812463648618744614009141995327087624263040427119535991
370654713079639154892508029985900618667082282248601941196034442158606414529309372884494842353917818099460204417872844541350160690015913338187559
804960041091368337334406918377470188726773607980347578684582960478327346805132469021999344487781265974421735335393585266773543856283088810373476700719806182318768321957761679792464069478088733084513776604569669515185461129680487475409370209307372540073753189992359
458460219912323604527835704976277040048824293883129302802
362248017963397097988344001372152555414535930722557697375264367622613991489047868048649894628566397
66140109091914179807886553789481326451263479029223575874600175543
8391067373902546573539689999882770812257104705011521505411834362538548356403179658668115091482300104958539560123940001869224510701961446683144924119019877661463104809722808115178651318624763257240279387725565333033863483
6919294458946428854294285036505622786046854459027647559419294798063325162668134209657306790729879581941096358624403802866709794127700843707677543145850268005229389939783830
6669544973610984295536146903786204165107108574345
84598116120946062831819602449219595096294535092870596457624622465657764513482124722498854466398
3489311540567849227346593852447191110961385951066773859115317687122261973350558382550380008768593415410299940348056201149402442791564699420886258129395746839276661296621522285203661337697720906082644
2603476926571799158115691509906143303178581924476108557212785369434927661637354844358851950798697973960469845213332258210387168244327576807056456395756798911103260239441896652740693231021131200403145633912
517603126595666538373305658221449298506104196648
5974215570491990615654465011992163117005775586480903566127780090985777476650937218989344857
225419905976550982362283453129752282700532246458389330857539743624124314694779016522061586518602137585600159159445211842649311083991275095640
277598609455743746763382004420174665541601654247744235524411868144531816387163247487550617238582781230607654693385776813187884699358681071513918837139908776968055476666892193617387038110080858265473673877985617
561881091534139398608088099726850192058318462800824915416920304029509389417514056875017083546773566757784981554879558636983330475214737382512693681679795234186368038360460381181837990892767683032711334290030247586860156856179776431218392618295953451086703205537619
628387582000931911416729252553230747535612774370644
164300846796324543819053105587805760464227731069602017492
889577173853963518017012131561829705429501384020713789492729258815233318737047598184076422639178699399035715781929498027400110327701
239423816630065347881328592502799323043592875812810723318886722925154260616053190481485913173162420705
22761217947050057957944793848884131910
87160553571149296573357518133314804199366983557685442996453172261245040105738160308507218585427790626685591984108071486863233283275768244544867
310151727925913137450687075991065558303357310237913664506380560402443289857940207473927607767361547503156763313934898112687228222645122731223549930222537021452150642615631809545703908284215715476664532323050425474084648
21
94811500198185102595751619506254368639429906755360765062551921111463679299752226432942828227756353548560409936929451058439631565460233330124881812977248814792054878691453742928547533926197728942746155908801921540985386507511626285400953
99043639856696509932235576043986070449427514884673302524418180700736011082270939460476712438103216499857261501858484292377698059981403870332656874700113943117506262958243478981565408429872198497235163135903100406435809161875707443181958596868074148648085
7020595006771506132168848398928523742719970538362173959969882381934021075978911399878655593667521220150572407214599483781851242603
893112555845401286284257219442840331913005574428156101426243373836393408580504012977493998360441000171465159529201
48018019049154815137444777604663461061674854267049777001483024992523765471389728126065979275861306148941527803194088343383792120101704178341709980986750268033846561138292980659375528156027444649323330575779565748704941368411321622317209623190785213175840642222636713706991819396962663152844
6589701913481053332041948452219284348502789533423133080538694740679958895654439732039781840400328255362647492539941268814995500373627323395206789165188556163267257071878420077695750722111004437719686585558825547623086381615043332589576700502367152468
6042355926381208585854899500984257061738974147664412677358412591269490621449211660501819283608040566804215004212101065929148
14520645489030634579606939209245491280616755808024410453505905484704433250178800789063038834458103608264152350039598397546690627019384196563867022813263643287864504547857971914576149178094239525150509123309779394680381441230406716405197829539
501104850053204721734498442677850676209552629807
23372774155584837708180233777532521453357680738573414881725342472079066851705475601830584965784525256806008881325980253158144568911623139424971272781291127603133447266508656726183374288058692517887981466034037068550080489760650119569575443752800587920555915824745819762
593725919066201129475358081153290951359820319191488856448950916080312949683105537350423802003048032016586225929961502967243887748047667813418618305404049588058349944796268242085847306262420988281774111598686401550874
2753895399232370733902997210272749173788264959364591633140910361892894362027005898520192139974566914827891944820705120030838430012234753559543749353041014023556185784304313587411538
59493760
665633771437202415932411743701169501256638400019044409978234397669035855227942835269540754446198350511021779775368401660301292809862960782900111816195699246393527814261648725274
938476027237477935939911657986754634705556458362659103922370792762386525292806273030053424568692173756978837521138868342406595758253655769291442756596717233944749846093670571923838445638309766039947228932658867542300595291228551774313324053312720558383732467180000189407180878787453
8808143457706172394921268940595237150930749126593506574430606990661940005576831556648882707793636762590679894297205059538530719205
68078496200704328947201596257
676876336703849794633895247960773965498337378995770343783222661444270893233488583707155300645991474414726010301756665815004076755825165050743561775404404302303123246305564544
8
8638212552
3535718406642678953060932680256163941981637242105755171428762833094830080162561531290107652161428273260714422615593462844471213288575375507876609824012025688139363902942498637378859979507277051
2304986364062689681374358686768375377972443662518892950715951169082303636229171541832853381497879749939791635976518831905554207970214352491006599018498463317623238170619269755723415525599838865552860550309927377390505241089133847638360480395612195
989052157766824443328702235
98548605667058885163092328547056229757958057638627900601381987739359594499970282798926979561186717197535376165299103382954699543680190104824003224766999144058895206317663987692379479706346090838650878069163380335409669068294652732217205953562422884804302646265482534205567235316
730
33263981862127164660845300445808705810101975564770728094694435363090501796586164259575259897511940188918262476750618191783064610066436
33648801581384994414747050828117340391345667276829868942287713076784072199063311318037550790066058328
42472423187121396756139327271250424681214131592165767468155785693843170579303448744888966193009107555232800214709959462052793509894712272680490773752327103551895081440088582095618864113045603692839543928140453189183191812002260267792202782441121229
21508436707550622726773318942023914093269026377675169942849833183994420575627213556648933678054402883275536422204519451198809091411604166661552575403749209346526267790837
4780546290572437466942438719677596482496720340058123612316873020915179764589398243703839
9315353752161065899309226263068770665284962643879302070546202033696656246222514893661497302006362992253795403082
86555966163792226076443364870373708792952159772639648523974107425096380477573
68071808290407395121667849511285181339112267683473551660107758506055069418004358905878342029147382396283021241765471534837610295026703012098019864292752692770008929901992809743988542637733711006940570290970
4648522282864964685408534503303180194524604816153
118380970177500659691211591971956041268747593593115667678202111082154063232872139329878399164321374069990244620914444066619943945843406702130139091731684530762327755517994053446193849158725706540441888999
959147794321936856651855019427840795182405069234457711805851274366847347943515994127209453707570905341374729244682699415344840922275909471857552689069
4523204194491532910956560794598522023757271255066897859933149066291306715211959454684488912302170513478354597917875226653027867299449593622771032497231499047030707304639232628547829047869064024290711394
19157200472009326167210688200272861696124955840149
5970479869285049859555017615782796654934972011216749749780603456698868253599317713348239597611152218396774030089197669701
20513652641794890740724593113831995264330734092220720954923361308296360831169663558568194048726901842131757389612899798774163575963487473200865972511339
699513250983315367415794613441602069863673927987812211399195170616749783415005847832369423115071422790950649970676890729740944976750889648631882480510456946534254724265285983043240880989520
289135380801683093351226869855663384204104690790141351010779688161266096632540754833742923540439296713254508010518827504596242530153112560603106160586003921398577768704345454852559678446148944245169975530764647080613999363
685902145793010687490718341700320891418578531529188835049229408030394220168016992418055980016886747267199372973125319264322542914986246707568082636994677550665268899984182789588
4029410057318499889465944313496425010319229840122868772546301518807727423103895127177808359622449177899333721474889821350379813712736568451934573892197228975873881837931008189321615
3481041900578686916713902797536527487787407674896002491910196329237111186136808528832492200158357003205637558069176836659604272882977506074928839774249978342409900843915013833826762137287281025747240298938267367580658090267880428520264108603898144097328759486503530054745507
536313855425839065484249885807651409788139740145720144109338196413791502723702553436272674781839895472889086639256303240311568225029254
72620812075115459985567580395319219678302440060557608224187833984007947517164206792241500374251833866082364537169285660713441
956744372262828916084326716735300645975632453634826047369951763235264261763550992417139128457838990687182305438481025940213670
3240668808870764168015698818646948141403533705327451368454722125456506956937076789529043980336216427802940033281184284951780940292200858959864045723870055846059559485019652402
9763276684229659080908904264638147573283250007414148226684549116889458187709215698694331015522213351670262342777200451884682785164036365476253845437168412364301682024970601633598921941919819737674767900440
6671232846174791065791268471133881597946918777349149440738861800532915570417559509643835590295286451067213708531139779
4039259209999200567709715190151185957397770509370405464371958684592851639364070842272520065706016635754412628725188153387676905876434004803277383097971104875608507031269169819099550444743895072382640
8965635939871967205237000822630478435647570200990874507351455737277063927317597598515695318927428437734304236186127751204811061
22197022613455464017201858468584970379358841768086358157767581511972240457426972251720345919316812666465697152377666597105555569
604613241699336707690000372402064241292486583591724824402523419789096220466029167572340570836407945124160977573677952927054401118497338717
171101395087299742118306091967721931631211667119617993683108508919349966893247
327748481214106823255454986315627850900793979453068796535359522029764627
657803034809063072711253171016153436924238026639792642740728571732885057211767122
3625423154700429942012440745977308808053725239265884748791857568223804552852452752039630555857729888987041766712971978534865334144272512075123820994323277955490529036735153931959322854498659167308555583712222826942747495943826927661646408943754304921507269778
4780097423567567262194388727191304044106471178245702582533787053033184416408678891509222265231698689802743167077797085275886853773399563848379818356514214233039652166443226129311672314613931529030360959887886254693454933275552025236538295713924227229
2575169882
34463580889637119930679483879492962703634583587580462497263883800089478294854833363821492598513844303384709172323316937506019193838508804485
324622625721313971517
5089050336203948586594300236790817671555147748317482372951170164134355834291485240621818319856886087991460429784810233942859625562349267275367412
944101773631302645924224482233104852070934352187493093151019388348283145133
827671117659720033657855748924533772294245070781387162793820686669368192757141858137409884481790016692491913750270360868282
465520790771773306427562421555841687415711761505955660385505494593975203996854381096644708432243203171057999651304702805861496957136059111792046279353642865749604702248925774107425533958142207745361027906
5996783138553778325737385313978311343286401175060875357076845843541019075497392319875365385130940345123821310364125777963455605899098531869731354540021036883467067090004121162809418474313944413890755980599157276652294843418148707740096879511849933424
8152051346145540302150041567709923803829620252159656886617310166474336165542386339387392526604614531463383446766764127502347770870089915910981487935581421822990885056324057011291434932555333700768137068187989317290485812994641540883884386
885359497706486431071706536676985242494095067981214464937194299852788670353326090583241395332926347042187691382465365272910402649465760336577943244166083728083476368873375774579568174748828868281461800172472435755669507518335694545213
201069568817329987635615685076047689334769747554857100846612
1142290517480337714343936019639957774649420856261127689978421744096712185379346442371279479002921341674245347859869434238203593291079436771320796298986818321570941322394868669512277729737674739011024736272917051255614470451528748747561972434878606147537097555249246548102979667014248
8173349703383456237257259259798349117161448638900157339876541958425621775435531346410626643401121685473005696194312845381403058205791804602815656555687423592307631047705
162950915059322765704706351892316630204287256116094828764876274041818995102026826927453744352280028314867935576328681714218623834958298889715498440893252473884748731504933741545271222529640018108194383875833461273189178345760917886511003433115073708414564618927682408000
108046876499360624265565543078309119995470240514386692990271207279571974529
9391048987107003770076942823358805842240077335055907403413360340194
33
75965828799826564454772836849024220265108230334222664760718407219916380500417549087291939296064379628058652218638355171106167951305
53043229554241874274395694444006876852052990538725109735369899385364007346897504080027313355623127663435125334895244091899435144615173169778789450338733146894651350112462207723804558741883171908988107029222
509349275801009876909221492971000851607456594659694885407290039296814313903797866783240059580529434593096568737233345576067349660910942767867877660577182584016580052
716228700974251390970573489445641311394577787817133400484912100024206815768956283028078284502185418554658123764058385482968397380016106698511552804334295076887103190212605799990747678217350695331400254611078565
6865732827124408961314345552515039012933845899673775453574390384113733383553815100693935492825361531634238281800107827728014832541866678982276822905312891856549586881186962059448295176496520693093471966229659832102513105277426240437764
2826097124014354594480682749023901066031520547306520700808174522222543700942915158447335325095186606906811114459457166157172714014617933668712468916570404615808165864586633945840185161765148351591194908940093562704354712141208690490515928
3835933978044063784884604978042235008226065084815015337848182203596572628463269724882
4912805608032212403587791792098520848991090299342040128478316271278413838832369104722495642567092232878793867866855805562374452626728390627271734216769711157
103795129107184490949523988262983685747243318832545114681085579184982397407579486790655892780498140657829255625879831714541252281415708310841508444138253337815778793248414915424549787887172967539499
73338916137061181575748109732036012656153047242906668333653293998920983197909515741454491152098311610468543298446584538311626648690786941937717961663899394699254925326378911826300572586791929137989931457659157031774182438695741554075882281330244130481972888966633846635265051349536
51407089763162907218343939643040286273425333057120484672944670680597652706417138580629118499256438974140072389465262709876514152805896254448280619540457668134870108058288098076993901808289690878680568
810337477848286155909677144345051321727659082173153121309552365280324271724212869336461490682246665908774146507865965451788706599399664930834754628485777493948297335207
878257166356968501168732128180551731431105060159317620240691466046617606472109997529749619178250638636170333072109822566944489863436598695711560665384274036586040485788381880604305765225001072314416670902882663283280067398861712345341441012709695551436569608408422915507920074022
3370831997018167210451060274166543574582495553868400242912098596502519788697257197873750039535591456677759516672696586005422644248362963245076024516263815684593228456620629745931112696124576159301282624301812711841899158668376156606901684782474891556668662862566179451684094424
65439308042595619598103002765951063406524448401223399731744953938811238
1433970679859468961714655472637983179894415371897038587412757476715287997055789750535408570977317179927304685972
92423917380160448491818835685198649287180635110761997159189451210020174276581100924205910799580323
866621625378458263626885901759909181789058651203458113140642266312054461763560780397395203707011875193328724041334106880444680394522176173608541361216560170481669507123856998291311416262006405516460974149555607005431997894632381187438
5918488444916596671656955923399339660049751963775971251163697948459724752699046204422336857191982617178429675943575306736055586275694211217224527101025296674446093532618433642400232071297903748516
70762850995847697284975192535568920117569523980948703948004277608679235153081165676065540271952943453936566197055700096128986732582410710863734211413506100890607752644030418890286260
5510915265978527633202600325177
7110553732727312030576256682446412259981181186011788672532617577484935015525867216259469593689599278944982862872791534753213292512133061858032288804993724582720787505887315010311
31673971480233802016842913696433990528440077058344055703017422883053563429370088832710459149665287129565525053455374956066347439107582895611199538905161849111087497270866724831370
832868847923979092538766115074083087569078714026171340575444144152484939382866368589913737163689657749875338575421470285553846334
95445880819692386955797012259022364165758443688364889567214313761902947753242243896334379003474583582256455709043864318282088652319637
41389364803961321863148760557093953203991302743719417967967698562906593806087884104561191996789815550331193190503088764771378200371850917122202285566397513155761909415045743745863470397207421665640106411481182896110860499973832625632355949
592046042567534903324649758573118815083688873583651393041284586880096222541658979598710012524227103669388180261507017222507947826082203545
24719466762166844952839
4305949839587609366105151470605658251472742654195550384418914600783078829971297126079916887214598219516411993731023043307600922925799806487091961605889214390237333280249447777969241943660530669219831574747
985845978184260072243433000470329983379956126134838524305654134614471663146542110693356124599130914567749458710234023589104043708468264187474654463580223184256688375746182542448438
127863885832521582634063497515318692628492034453883810097234384730437561088141033950037518558871602271558182973831316196051910468033957100689508343010530
8720854537595145947862848337389336057503791792096394727678576316897546990455475564441475663294264865083777783
360872971111168735355889487320877331917253395078445314175872656082
6012669642421961183091884386482558658869289462497442669862631667412239055090579100493359307781453526759946337382110262265776166151604737489066835917061805495447644367180594914202833201732311046298955911206168577379
338074
55003425153759804460612016348534685792567990982477688942438485097866934249016172384465716262412094197445778247501661823020470922339516016920886126165258991440421948297248384556465871100877034163030687631
64301781137926114342345048687793272156587105894676557568570386270729124466911810871848730757868518908895228123679448374974
2116718506453595740373701005747248944060394352484104442699434114
20027518348087832928332810310027510
572809700802483551747345771655868011269803228835596443414938378289524969336972615421400459853986714816849903725260881407842057163271077046190403277551954529480880871081241766778172551845397441587000
6758928384281
86084549037500275534461004336654248127668630634564918269323
58264045164176031425819621448904644285414902955306552036298688457894567086729827910496501155072508426682388038138803569511633322323384284896216463634051245614702805140574537001489601946399901043786762426271487585906305987702439707789925533063781369483555977828177
7899914561158386976637349159122777539692167755442591771803606080408452397166758417351
50803314732594251053813553072166178646382574920968481520347822291440930229185278173862163789957853317106946172208684161338888476298601686833299642404619506264731237482750492442807916924234957381602523
8377076920798709198
159390513512613988457252676732617993807339378026287780580146386264969140750944680077084980291975219850887585655593813009906931182870424061826014525510931283075763256581760077227035302847060880078896599871255695524314143045271882497924266801864522139680060708
44538398403614328593783055455070037955959006
34449814755895842
186263298196511687106662924195103485177123746751382
6515782618309660882041805387563379595765970644504842560605191770788127399888140323748497872822945409753720671283449392653838134162323282074504432175256787677192298362
44009070507975916546892489663173552557333510314451035747773501743527558180789231014021875480169019995431971858132872849479925882
33901933686559228578854241121679474221271647444455318056986959760588885355727643441404003913403642252552088995957188927810404214326651930345154801937173587731037930511317456527737517641464020936369923226348385
61994601621992439353029316497204490709437710988256919016086815011923353595610162834269554894297970168689777469942852370420099441610194635072563699965723129223290953648185694101340033104124253147844797599295371396874212289701891325602818345984357751690372049745491479103524089681042729854
13214629345627537713841081918613913402627079295370685097913867608091467850115362636390754127989647749967432651187595998820939386368696242223289253926695352336592878283443510291224022797204408
34473001416519793847185459043469291741471453213056141854318614484789545488312812073546
5093290897661957985404122974452689596337891849989280590216495228655108527135352066776948915272659349740005808695049488834451771100582956877356964740646852240955777
325799365781411914316708521535006181510491184749138217110548250915869384034506400347758060374508583751380662403
9282260197867989264237822793427340713017255636928655442930862758220614868013801011242937630868196947971186549054243501614410587997020866938513789543854307235098428194705421559578814573750656951195990456529990708072430655574332908857592662140774704933921
480181716644859500682721511802803782435476548468460020289283583483217218300849527117869879215026520691036637439564314495721313981850201789361007542745150267419228365415794542412114067611159033145313617468932129905100571059028647169330
543467830794229342291060323516458613853723165896717452314175590778337698206210170228334094944211566126484486949426627605553093370262348121995
470488
875865914081584021478920070402214098484942133749188184993787489839337218920159265115541790570708619530689271895360178002247352247231771285520242058966023762889962689730520558090103866729826932925268854717073471251514442791418803151883243564691509896760336460785095990631573
18261153185553928235773996213935395062553064943644832653997034326456247895922570065253952984916396877216624429043767942210389000482991881587073450646301848481126183733496220339
9917132171147686938416066924098499710421745093
5548182042579517609457925569860506422468505679001956620246005719220286735443922191321844778167244973242758177779313259736641794661767094321072986521738338100
3679535656523432963839038639605172089070319694776677046601438014516784559338558866307732196189929645669783145625878514135583767361878
588237199729893134298793911780188654236356611209007902203975840871917568308963048075980204453290354578641206027750429041871926463876085086749173585474387902255088934912763743427604394421565523232719292779954293179320067418891109768435745231407576581432636062055330427271212782935966972665
4493059185890510995451230379720360053854012324740170573096216472353797081452172058547278275546571953361891596965348580046826120739407352416801124572313940918927364753405529512188623585846944552429596046461065144624427895465485908293028215146746647975310948
807205945239
242670317504366126778107196490507121901092191233427858620029742859972997621581103664369639546361106407546178378126055586823
2810157325983329628011496452862047164631895159791329851398320560178092135973
5560722289744765222890470006048608237782463076005781631594517848733706276943014947067983600588523015588771744855005404847684433638274020981542451691445744483262445813615127394652
25503482274286658664967299
35687927549386016152932064580687844897833101950089289777333972184089672227199146627407944275715932620202636203056168999
619710048035615741331099623635812535220431077215174739820904152662265156172322567584358759646928568715884
18463815959279234302337315812099273421553102217996270028335183897050906067483043313402403972897698740474245011
652309476975812630816812179470750948104003498039511870153896110599492543930666280301975737768348885217388239651597181322779479442898483096741693841893680685297017023814230621617953103822657588535208808138770557204669673806205531074129041752478711799285886896685362291320589118029869831
522125438597632344583978983080441
124906633610629584745736370562788054016880375584171522566911579120424238996362401325799723668008017425849996582715100882984480104779001367856761307449711276939136051584929521443114279362326254075512935837691185137612006879062725618684226734594206575565895443324841388477355303
5756766151185900009726563431
19667160940304298062364369860419422160657582787880314166000683300142518790374871401434408189939306975292135
712505617039137949660816213610202433605266250027694572363822258751467503086136740333636547178432099711157919070
61987480256392324689474021817588737050198527546269560159261783133561780108466348391618216625349327827608840106377851710533284857269416090859656740135270027197073491113617820147261443600248144805514719733944719583848320453947785268518339434394809543679
36856593859953490814021948476846374504353423935002547649848987975998184358684085799349260423812399042969114227578256347220975965328256638809483920520232340713075103807734677586414533
383391575048441873531641270798865695258525565829245801795250738808591016755196986834505608384531859992552208385831249315145532050298708065836842448896783482198469498418690678879265
5229372119410359384254874972979103340491890024576470358597268393658901650717552242687869394116566618617551464105
94977023748269365354
591872607832093661924978041728314086793982811408041612486164286861964030440481547242093019243593306611046165140244246501620890420912762294365866139291510470397107451077328773045816476043137158092138282299810492318813725488222934570842981217454334880431904603542488517
2345828437538383622802969554875841030348098283049857365167450102941670607202673631360061891479284022211613374326875748459332053985748735546765836895684287969223950584563896923524174149526166512379438047694869312438252692338879066894019688821502323296250019212151010155435082039694296254
56583488931158900639694420623179511269115581928956363768415565560664958348996890267586929018148212885550440452846588014206326448980960597375275696955128332256723232981751863426589374356696769276736836013309748367580843861553175549781651220904292515560451549391509264085065143299
2615425912895763966818992028761835286461602451978717476151140635659316766002610502565207981580448512494606145170188690422955822839201443279314825592765846348524119343695325575052097265137594466980295435097415744794
6
1995599976139934537933
310130498717993793338282477808018156413162138301564606460114334333690655877465261709238793510312913016217323758922872581254757419167
82842277956825760920735358243830928915
386133838457581261287605972305336502180590704757877312587440895740191655692
7653009156040897865311463644840708703232525633446929493979279657090348248995436840527002379728016014755478077808456551710052980467385377102881428914672758095582385224821720632760342726200272954829740975404789606548202177245677062964327911662558963541724688773449403498394557484540
23819461863957663782124404357132225095529255684549650293236917507915017427684543151568317378680280950793241590005943443358929287580497077914524887420167910419863313657709243442994144678951706461236994210745024474941869434833207393341696499503218332759951700648535099590883880686016420
3012823260194375604658134517515198754886559757466146433890355212908427647950206708318022349839194999884549567737569924171828093491212900430493818868394102988630372839981231889925266567538675138321876
40237504276495115764066436069127222065136004237765876465987176030700773036
7242050746057360338260452084856717513745447710716075629365873671922307861928871375166160408039210547757625314943730173531631802857562053866412937114778445542460845298270761532124161315478554234418078372783854402886
8115468854424084829
43360453185591
231642881419636026195136600313062321118650501748196541881885510125764817990067078008589192606632709408391444022780733710665901695308404224746026321276547055964112626033112652928338062631558601087244255310397609578223821711758019929872793931
559669565722007193819682901598793377597836652813485101589443567695256834724004289644221191287431
2707341358837549310947625455
974276609049528275203195
25819961550342507085528469039362153762588026740834552387878372819199690675570155648493895747597869286607395069321919154695638356395851112975295198039450566694163187
2319456315518729063254510735344706949793880548356755753
191940364242247594687473733190746396198077632867809649631070123802106347859339713743468824734979302131468042786858068140375684957116091940353844384561568519310393057478269052894920366203583610991085015479355474897827626507018294661086773612453604768367618970912925337220984799411713
5
82077675410892515074139298087736775373145396242631034696325030053974089925050483260823202186116580031881533861646958891069076478480978519336016383222662877882978535315633
9877520114176529290720161
8600415550621151400977320438852061892594256645543599053051439
859158751202352697000635068458573030613950204481505108258196263655008921357821007121931124612361398367525382118368360433827726829378748023706813578163553228021
570216563867606008424952295833394664512886435783857326193868703835751970047495207075903614799233
2260416338503941835708901421664692898337145620674085531334454176094491137316663058189989429359225989202815205055856248328493694100967545851190310540471894666
6717997763137076670391739230335104622437139503903923623863062053511952696120631905386713057550010814797497175928735938820084989130924592336
94037273212842562457669443014533301431342616108550681249911489242063263949889269150182404452550586505227721572673399796484802923509399035734531977287814643440502046787720600006760463106220566785820235922732646815333020263950
581130491517164838065108986452933857756695188211138524768862486257355210674124954766596526682694020998509297565591541346479705781798906193199104470210480753489016224769
28158536114855163903315903470690476837565974322665881847216960333055567534199818128085622934208966721413425634501517542283686931785539302682386351589199258287752099765601443262969775714829259959694
107731276696371623034243076434376228693457013937534780034810729981237091087368128477605885016259184570859330081187268515433882433847147941737134940022306584938746692487113527578454715681461289301627972756877845000428184038212008740614329069262828128647582883315391979659913786
4888908645922780366594112302064877548720479507674078067832347872246327272363236562665916
20446932856
545434798172041110321644354484559174844856793870
73387137192643739072659720522795708805894225884329393614020997868152456605179809774075186993334869338331771219528393000124633211794729811725888905942766313792302960435312933641063287963148490594674474289726755685172621264755026927575521947060343794143
709026825536917163336041243178071003488715691715138360511796252540067905504660572711006
6659978961013602108134734778830303665882851574276712809596306217764603099222860240193368528514
3420622614293115764023085246600954
80248050625830784678492509498401650
21091937157569000900224536698971980479372745876563419074731003022854117861474719221414106025714449506699230088055828967143
1793851164947240175402119245171967760236889536082159369177498566048493250093315421343969333474292259250855583578943004187667642380013169915988929693915347143967221467566877547794937942983349935380483232959743900270
950433276308095
3848133405135027235980152528949462435921431680337573531814757469740772740344409050266165785664935428495350970582257204123642229146813931497518401961006055865127999964724975808857267441196942022386983098600653833554847786595
3203932970734398136232999704856519070533524
3961245459582669910464191103202000258833832731804944425248208
95918663100177259051308608797154947604368725004603279702203342622834738442347509720297303677525857544730446439166687339908181351196979674581890029471737209673516143111589124540329619101937637792450836440818281813810099654565960930048399009720115410723413851170243296281985360712777837622396
94675530899949732602303834025643808951723650265486752728
50434842815649894998645672058617846906250419818632656659462986437843782757964597860920
131791342473590997611305419623535823792098222764986725023881111030967719714365636303338015110862735008772747817278118647265609225980695493178947794321318532449743339775296
5145379536465144194487412713048046447110284977118818800465747678523306423779062581045746274285975360657027320231525278435543177199237094627155443509203697636122530640335948940371238764468345101693115300537430242998131381993556239501253415462689021986462
62709883587852192415543939874255682547415974094619359431659379862356959733644583445164311061961003725396713181266326655874135838627531352050415738949315457275632718326154174804376742087142982410760525227816680930855233564143147418847
44376593173745090342608617728146917089840311609393507777978693325383267
52836116325217911458605754117417462322791773982013968543743491025421743862520507230621912177649689377108
5710305319169931621917391935657825620360686828109524638285028211658440767728215942409856226520996952811747
6988312841793437120251020063174224214409555832617671317440479409690427068488129783045674925305058622858137486468245056063977891239819789533412561595531932523280268046839939698225569279586504736484242028416807529220670
20970645957446851940628601736924156911154826642023007198449382381123520366480159452702585697856692481558837345291047354179687029448993068493684186515363359359216678882450883662967897429436142973134944671685913735236
38954660131800200497084366375611477919248577040272402265162459293642216075417368840655781792018660962255090140061793292981032876956762291839921196155471538088653883573806035690676060962113031917859924611130911921794532011244872236911850952956528293054727281799738033273527684065366496176
518785813230410166824181124208795642055227673688835340
81453958855300512372803833417717971425767180290313077968539613818107409811829654739967003141965821449664252550629789648488783738734834780793616691203715288070475952883016732760
897256527092549193345335272904510144220009484351728812323565
1805987903461483100682558373893298803718347924007446249043583747695796654062825656752916492203026319751368140348100212720992930373836736858187619547113082250436642407230514876228828644203480143282471091634092291321400680
815226866616875482152118680364441964866429893571311033368543858691893419971265558311155791451073860772877762467577212097936955090292263273794570934938157823449959174949748698767694285
682829807672028031989675221694519264476441599703236417223915248491605572005499707
4636447310208793144010213056738227949104749068092011166317197398459232667700356825710897222727079332427768186235116972034
380313925698427938260980352712167105322569200968245030594027167569139219739107346144122483507953897920859858261057890565031402660789221622928471498280239280685438749019962685378694103803889588686993488921489977790
6626845163460362761357531205873683923638
23164686450373299261168
346678964059206525056781517031504576095512954466324960131782995116485666454171075018311571733434806825501004312126580766574721396877262585658950332898217400107645598429511133877579309156666498257511115767049276490462403140971946527571681340756346641330824311641575152
35973694149286865144361648351521782153919584390527313018920215138481001401421475583072243999341019010221922878447242542770605624710659232921940472932061970765711406965439
474887608528113799689802583465359170072552381610262644890884328982085491169229310496091725613867171307116180877937839207455256484633614579343958693038479578376905341555459689208643461273614372520976442417010761755863622824283510847152554690741477501105185106717
31523302214082780152068092328798505273143401362633178645718301036546899800165848464572637
99080749245261898453605619972474329158727140478245191696756883244958724080185651126842403936351782834633083380734318296732400406704834213647057776691887500987420351394101086207527685389034764
67971329384248145476168680188999926610164143164858167086331537117502901778809932353757587879676575967452729261477625842647037521754242053126672381589322
497483973592451511230611623917758107788771693523408591479887586870713134472596838812075052836060006553016951803862330766175754765286161384899
2883128061016708411988070506535673414881665574002316336194538636835759
51425646237275050095513857966441369179609166181397961631255620619537235836001525203566234389948915636431877178550827959764241819
66913450837788801310708819509576377062289060860863305951197284021776649619617508930323009667995429117582692980668605701340582715964163165914530166794626276797443736807595265089
55462311020049818993672126764020548217538673533989091825445808876915002763626788070600873824672423407501455048841592
39489509567031353063028742870348482052132827734460141248775461602586921344227195326333384997346091992958648968237762489398430949733794885027681403517257659361764590299043592230342404539819268325811480005238985284586
111254548874856427455398708516186605214265181797744440308
8929186775110039930925479589729815972430908442695260653688198037833
426153614306958003843660183171402097065910588877337310232466535015842982868557324418259869374668525399843933477084277562133
434774903657819700436038749203888952662110889352399215275329299493979675457964864329
1875084668749212356763278563745287644356032923926739830137636272820080668575
2418349314153738842430407767259874002064950361478747842826267417559256892740967383653274166068647097145095219250042226856152024682131640623539402480210116973719136898017183748456317671882316418751169441861560023106840596727361166875223214727467342323273675400290926582516245043198636
503029317405362214173726492532690828544274215050235390022543477422132693748712
78377136381889893786730914050670608104
91675663442667412568821451384710778528149918304917168079358164029897172471399742796825621694003590529596948271155227
7222157290092613808957464694125716424631680599144000402271026986587366987043545727639242823313034142287548169629955604663780478180311
2068312287726386910429934607849451283547947334934594888071140191275127765288454837826663360488258090194494345141936765212436035711555558786679236629357071637042860429738262248908549368683914491969574419779137165721559103597392033629237755403294687635669706999595040930307
37183369429316671099201123911907687539304364992882552527684101782965171278698708934358110374473398641495410726853241590867929672828988869038271737247789337305230688824222884551748908406036325432596966201601719276963288239733995807438425128265058
502200867551399329099636137562468950782071444834659018734171295792280388337036722356663858364466477162458991593424892162511535087958538964945627495236456685728873177734282799526645923824988666506227783572620707817949213985856880832946
59722762588225245073465125610303638785063823332844161302556134584545873885780172141511215213438228414470956028511572033706430199173116140290331887809161441830
738937430629481879
90236889707514266122548529656
1075294709531020949548503370150920720486572195383661122195253991735426582110794041397678327952257997371651786697291225851417205847448498589610980406344268863726428099775743702182270515053708092655888594722847367733371688654141059316360
7643582775927472845408311398342993672128954633014734935553700725015083755813984152083323630994527749325709196132262210398924913949365836616814218055869912548692329970728929848584176734121668664672114539467296678
2450550397212294048582276132787945763891782058856405994722995565493123424930924430815247627977192722392332017754053134653092001616813366256218549922467717809781108196058550657825356812392406066
15658768980547833578356031081105816675217925424499388046742674887853401357701756861476767099611553332203537775776831034278173905601167269360327956426321224761382429848979740464563197915920683372715516431093335556808
33726897964005945793657256139050677462138967705652704508428844832370406601535905798438329661310678678590700296055754490294843336157664381443
65470946739539068262344212475
7798020095536848670718174140590631872154916079314808009358014930802242690828762912376923368373310547962771238012585109261740569761652038338771535
7930338995842295331695666032206318750807195755054657867796291860177934787687138981259678813011094834123425584274640947676091385213493047040833938512569181724536671746432145966708970960712177485062045849705883834273042136123312667057106803535110682944311143136911281178671
167823285572755519984221634305498745466631853548736248050018724900953732873595995846347909232300451928563496171195
3955984906077073257907054377179704964328868564546002777968636166288679
8790976618127192173322126678137771409268026173685470048399926127818588701532843517314
69757637452102783378944251136348228477481011199849521867496322838021909643568497903495726682248598212675102927110061645514515237307874531777844209912960856521035926898706115785138933479789080401652065921974832590005416038574059451677806
4461368935858800789241184162269808013007350628111222926594060008945548342763409669243830615380687848651230433390302228297871174138139041705825159795751651059222799470545363668336439211366026365587680492746237951874637237495971404661178389916710564660982656004464311190580711421893225
863063417364585662559831929330720975805883548084745029665464134606155703820648164901652356799712469061895008734286384805205878095713345349867731835392738711688263964383953851078662077390115792933
3108511013049815931161584449216514500009442717206739981312552726437304136772369958338542539784241161418340911545508828926807053963960329904146
2663725397573464616400414688694352681516494754059530241345324953776114258924321951411278972196880193190651615251981706067683372551574800743522460892843816747886053072550420546902092564350437247316300234791307586244705330892984121666000965513538319023998767682267744685753559216
40267525490972251915074615838449642020012148
4487202943439033970019757750418164371129908151541812073666726348503195288
5339251454975
311056561695014375086622866645263013676162947890296372938622049045257542469549932067563517862271692479639723562975633558247843055843064177233154902442759709301926692728240656384278
9868112248882843200530942144496634600804302812403518769676716125694137553992786453446273577635784595559431897668758276355812738163714106885229390080827132593561772462567386828634271047328754492381183447189314228147081418668282384196066073621367854
3477294878405932534300962737803846198923908705795549754377531949913
7125647663721042630720533069571250240803585021461394705698767089849910972635488189816487054723222298564775320348205223429727361230507861142522222905959581091150154309649417828216684453415766172007718142251421663885425
962853453699839029979811174101105597053273983531163512539272127625527508755977634795621668105010706143605325656092945820682287601384527206530524789792365329658580578262135798607467703478434156763182244731259700080909
66066388975568663790494104025388105545011835222783802548260032250562511062513863231771316990
5279180595762331313787010189777358743216338403558990647316411037389897844569766596672
1494933327338531225178091105261046895115261681167226389240976068869426887739385590131079421115163641530733199612807090076006560688290081112730747981268525581
4622083610925648954499170628272340995859789185354355088056244563664691999491742540814618402578793922776886737473113977259861815839604961200004867701
758773151801356647640503111095672260106223066910847620739441731579916482522753526580575