128
168 113 119 105 83 125 49 131 68 101 10 69 143 107 72 11 75 163 198 171 134 7 186 154 143 155 157 37 178 154 14 56 24 39 23 178 84 21 142 87 38 88 126 5 28 90 123 7 4 167 58 197 100 97 158 90 83 92 44 85 69 115 144 161 114 129 150 4 111 113 146 131 59 143 32 93 12 93 165 172 200 79 179 15 196 159 25 131 25 65 89 85 9 200 81 65 142 72 91 63 84 130 188 48 58 147 128 101 6 68 165 25 30 52 43 90 95 17 123 28 153 27 141 118 152 2 56 130
13 186 30 161 4 102 77 53 172 66 127 110 130 8 154 86 13 52 17 189 27 104 74 21 67 89 150 110 194 192 45 60 198 185 175 188 165 199 19 107 87 78 188 55 128 40 199 59 168 121 46 127 130 19 80 190 88 147 30 79 109 114 200 21 194 92 142 31 18 124 48 72 197 39 55 104 57 100 57 177 108 51 17 171 123 19 172 32 175 9 125 120 131 176 105 167 127 84 180 98 80 54 99 78 77 155 56 89 4 125 82 199 75 176 65 150 103 182 166 106 40 12 193 138 51 179 177 105
119 87 152 70 80 131 164 132 16 92 32 123 113 25 168 165 12 66 9 98 85 14 62 100 36 67 60 156 29 121 183 35 25 199 139 58 131 173 148 26 12 129 190 21 96 50 86 35 111 32 46 102 20 162 37 95 137 142 85 190 50 133 180 118 69 187 115 166 56 91 130 113 163 114 50 39 10 32 177 130 4 34 138 26 191 82 138 41 17 45 60 112 136 188 166 152 12 68 2 42 112 38 118 160 140 23 156 17 142 169 115 105 44 105 52 78 3 103 149 172 132 33 10 90 121 40 103 67
84 8 127 190 185 37 144 127 176 97 45 156 36 143 115 120 102 187 172 115 114 31 175 23 80 120 77 77 13 119 78 158 184 1 154 91 181 119 129 142 21 175 108 54 92 193 73 87 66 42 42 136 179 173 102 51 47 77 143 120 34 35 11 58 181 94 188 72 27 63 184 134 117 49 9 185 79 95 173 87 40 142 87 109 6 190 68 143 144 149 136 107 10 188 71 6 68 96 148 181 107 42 117 157 111 152 124 189 4 2 184 63 177 165 10 10 91 171 177 90 171 25 182 79 164 24 184 34
150 5 122 155 190 154 128 166 147 146 94 32 67 56 33 79 20 17 91 8 19 29 51 95 128 138 99 194 16 177 144 22 146 127 14 9 51 150 138 190 34 81 78 164 124 155 152 175 169 161 170 62 85 147 84 19 120 135 198 134 151 118 159 162 24 165 41 31 42 118 25 198 155 76 84 112 136 67 93 192 16 117 176 108 145 5 123 136 2 1 167 154 127 168 11 95 25 104 145 173 107 26 120 71 102 140 128 21 190 54 137 33 42 118 116 66 8 156 24 37 166 166 95 119 58 29 54 172
36 103 88 188 167 187 92 192 19 56 27 97 46 110 131 66 78 58 54 1 80 55 11 74 125 152 4 196 40 191 23 129 161 73 54 2 4 176 174 90 115 152 27 142 56 10 163 51 92 51 159 48 99 142 5 151 6 70 120 73 63 37 70 199 144 121 97 129 101 81 143 67 133 92 91 11 77 122 185 45 157 177 37 47 88 129 29 37 168 72 194 78 137 16 156 37 34 156 43 81 23 190 54 101 121 84 40 73 132 118 166 31 15 42 130 22 200 65 43 171 198 95 179 147 109 70 192 171
85 68 19 120 195 144 60 111 175 25 92 190 21 79 97 57 20 96 53 54 90 124 8 17 141 154 186 89 131 193 106 1 139 47 57 168 2 38 55 193 96 10 77 180 152 140 66 163 83 194 119 78 133 141 138 191 7 17 71 143 196 160 50 55 36 40 78 64 35 192 193 100 147 135 93 50 62 101 193 150 37 88 103 94 188 81 155 86 147 108 122 133 102 68 184 118 142 156 177 136 55 119 161 55 32 120 188 16 94 147 87 145 96 43 60 54 116 65 75 45 169 44 163 4 19 131 61 77
43 85 26 89 148 97 143 106 7 190 168 63 128 173 139 140 134 49 193 175 23 30 64 36 186 144 11 162 147 7 128 156 186 17 25 162 92 160 172 29 121 32 27 54 140 139 149 79 78 13 35 80 52 103 52 76 100 48 153 97 116 31 97 116 67 59 63 171 142 139 199 177 132 142 124 37 195 29 197 179 193 156 124 105 19 100 134 59 89 180 85 9 112 35 169 12 175 136 178 76 130 27 112 140 195 9 116 172 132 155 52 79 189 71 43 91 36 46 126 19 104 101 32 168 110 100 183 68
149 34 116 69 105 118 191 160 187 151 9 84 199 190 25 139 132 95 176 52 136 140 36 124 146 97 89 200 6 9 171 164 93 184 37 167 186 198 21 85 70 10 61 188 12 101 164 71 46 19 163 86 14 14 161 68 126 162 48 200 161 10 125 36 47 194 75 161 181 154 17 41 18 130 79 68 124 120 165 180 73 155 13 136 94 148 20 37 76 144 181 64 125 95 181 109 75 200 40 107 34 123 115 182 97 173 24 100 150 88 45 25 151 64 53 59 145 87 77 142 12 17 56 120 4 145 68 62
66 107 131 118 154 64 131 147 123 157 110 5 178 107 107 198 22 161 99 85 173 93 29 23 166 39 74 73 118 159 57 167 123 90 60 89 76 200 154 96 110 177 155 117 128 123 143 195 153 102 143 48 20 120 2 176 179 145 130 58 25 17 92 169 39 5 132 84 16 94 119 166 124 73 6 151 137 48 169 73 181 87 146 139 173 120 62 122 26 136 152 75 79 95 62 19 188 156 98 143 54 39 58 132 68 125 136 72 60 72 66 7 108 132 163 39 137 171 96 164 59 50 53 173 143 162 70 133
156 32 30 147 70 69 147 106 87 38 159 113 89 109 185 13 69 126 82 50 183 99 113 198 111 17 39 158 89 49 156 175 14 104 72 14 25 63 171 72 91 91 53 51 40 126 198 115 16 124 200 166 143 103 32 56 100 148 128 136 150 92 168 57 178 36 9 98 14 157 96 47 162 20 9 85 74 91 2 170 77 134 155 58 65 23 117 51 100 115 72 67 188 35 83 84 33 180 31 159 102 127 196 22 51 146 12 104 94 164 187 8 149 181 5 191 45 164 8 126 79 79 53 157 69 87 35 63
66 33 60 11 55 62 191 61 159 51 68 170 156 106 187 80 183 120 29 156 84 141 1 17 19 39 169 24 97 87 186 74 85 154 24 128 187 129 71 180 36 153 107 69 36 92 49 119 19 15 20 152 117 122 33 117 130 11 155 91 62 51 120 46 138 191 137 53 169 168 22 27 68 35 168 104 23 178 38 143 145 10 8 54 104 195 127 176 99 107 187 118 182 11 83 26 121 40 145 50 33 115 195 3 102 18 148 124 100 93 160 70 42 145 35 155 197 41 131 172 134 176 26 9 32 96 61 21
179 158 39 64 84 147 87 139 114 45 141 167 99 156 49 23 125 125 165 65 117 194 158 80 11 49 38 21 100 193 93 66 55 88 67 150 81 39 144 124 25 100 141 147 4 47 48 183 130 117 4 39 151 128 22 29 139 102 177 137 115 198 171 150 53 110 118 132 48 199 24 164 130 183 11 119 16 46 102 176 129 177 34 181 155 187 157 178 141 55 171 61 131 55 112 115 22 8 103 74 17 172 94 45 117 14 176 115 174 49 9 184 107 10 134 147 26 89 42 142 9 100 130 90 182 13 26 168
161 55 134 88 157 28 194 30 58 82 10 96 134 25 115 130 63 79 104 114 74 68 190 20 8 54 104 102 44 14 195 189 110 18 43 175 19 153 85 199 130 186 59 37 192 109 187 75 77 200 192 97 101 91 128 161 177 116 156 67 139 61 123 187 109 145 135 134 35 50 110 177 12 46 34 74 29 181 186 85 190 69 127 200 138 86 56 31 108 183 54 137 37 87 192 120 119 140 97 85 173 168 37 27 120 46 63 71 188 42 166 190 152 150 100 55 106 166 14 69 89 149 166 182 1 94 180 38
106 12 89 157 161 193 66 29 46 131 99 53 173 122 121 73 165 164 79 47 60 82 74 59 96 184 29 116 63 112 30 85 96 152 175 101 72 15 30 135 183 196 165 67 24 7 90 83 148 38 120 111 200 170 125 73 42 63 18 122 120 15 38 171 65 80 123 53 1 57 112 90 90 113 181 193 166 185 2 102 166 149 16 151 22 102 158 72 190 18 125 64 26 187 181 34 27 164 166 125 117 80 24 12 135 59 99 135 86 182 127 80 33 95 78 39 110 55 77 183 60 10 71 94 63 162 34 1
96 197 111 182 194 106 94 95 70 176 56 30 16 184 27 164 79 110 18 96 161 115 123 198 69 22 95 5 175 54 93 112 183 186 191 70 82 25 51 43 112 74 123 53 92 150 5 87 103 185 13 97 158 12 94 62 199 70 157 28 200 166 62 200 104 67 92 7 60 101 181 86 4 177 76 124 27 112 70 10 114 48 5 98 189 154 144 133 44 82 89 179 180 91 173 159 196 32 200 121 200 116 87 106 130 59 43 75 188 191 165 14 102 188 116 43 30 115 160 117 131 43 83 139 42 147 179 55
106 130 178 42 55 120 54 182 10 98 41 147 183 73 81 178 157 115 49 21 66 17 7 93 189 96 140 194 170 144 103 40 194 24 194 180 112 144 179 162 181 69 21 74 156 88 13 87 79 167 149 87 128 91 52 166 177 89 139 178 93 73 81 152 92 26 1 134 163 84 87 71 161 44 175 106 108 3 110 195 130 32 134 185 88 193 151 78 127 182 32 187 185 119 114 17 112 136 14 184 16 164 17 4 8 119 135 179 70 75 150 88 136 108 142 171 75 4 32 191 39 64 172 147 152 48 57 34
151 107 49 195 144 177 162 137 34 103 14 107 74 191 179 165 32 5 109 134 31 11 31 65 113 197 142 12 122 78 174 171 128 122 106 142 146 194 56 30 181 179 195 124 152 47 32 59 66 170 105 41 22 38 133 58 166 96 14 29 141 32 97 5 140 37 89 161 126 63 189 180 83 19 110 109 177 83 74 200 78 51 116 172 191 109 145 180 165 142 76 14 179 159 107 30 185 4 63 124 172 144 96 114 155 120 7 79 108 187 27 54 21 161 149 24 51 9 67 38 102 160 128 191 75 1 194 144
121 56 187 47 172 102 137 64 30 72 151 136 73 152 58 36 46 2 36 3 17 200 179 40 106 127 35 185 5 184 96 99 67 152 6 19 87 56 177 110 26 29 197 58 72 169 15 11 33 80 137 55 145 28 10 98 15 170 180 19 170 99 29 37 111 52 166 135 108 102 183 196 161 22 185 84 34 54 178 153 142 59 85 19 11 85 71 149 15 58 75 141 32 42 159 168 150 20 173 19 12 192 195 67 34 116 187 31 94 120 108 128 174 49 15 48 111 177 10 168 74 117 169 136 129 62 184 99
31 25 10 160 29 111 109 186 166 142 28 161 76 109 36 119 16 4 79 36 78 50 60 83 78 157 100 115 69 22 55 150 90 170 189 197 1 178 78 42 131 68 27 100 116 7 130 135 12 35 165 137 143 79 179 142 149 137 46 29 66 138 124 2 135 175 95 146 47 145 165 33 155 86 152 103 31 198 198 70 154 102 58 62 2 40 105 18 150 25 159 97 58 98 176 77 166 192 63 159 95 133 90 73 173 148 147 138 172 48 121 158 131 150 101 84 191 78 78 102 105 142 21 172 44 71 185 169
184 166 133 77 138 108 101 81 25 87 53 6 75 55 74 70 70 49 182 121 151 120 152 146 54 7 66 120 120 136 65 62 148 16 145 122 111 152 31 17 88 102 13 82 108 194 105 119 11 177 6 127 49 78 137 127 126 124 157 28 55 189 128 50 82 94 20 136 198 128 151 26 17 129 107 38 184 57 62 135 194 62 11 69 61 32 184 27 192 53 174 48 167 6 68 63 59 168 140 199 23 101 117 75 76 24 111 106 70 85 42 72 140 30 119 156 164 71 149 144 164 155 54 12 130 68 47 76
14 47 83 93 195 61 105 124 73 180 122 31 158 100 188 193 112 139 1 154 60 17 168 149 147 29 179 105 112 110 80 185 155 130 121 60 57 58 123 109 153 44 123 92 80 104 76 187 190 12 154 185 135 40 146 27 188 75 151 62 135 4 119 126 194 129 28 123 89 140 60 151 19 8 34 73 117 96 42 196 87 57 136 81 28 124 82 153 119 29 42 99 145 14 5 4 140 140 118 98 115 81 123 24 159 49 23 102 60 197 47 30 153 99 117 32 4 107 8 22 28 124 34 193 141 69 137 42
127 60 6 162 15 155 161 179 181 21 147 156 197 70 58 88 150 105 88 8 126 39 77 197 131 110 9 55 11 144 195 88 29 120 196 18 30 121 124 197 150 150 140 121 120 83 115 131 93 115 50 103 58 31 63 59 21 165 30 117 52 103 107 47 46 96 105 106 95 115 134 127 25 60 69 168 30 20 106 125 191 97 130 168 168 99 40 170 113 33 105 107 190 138 89 126 88 29 180 90 11 33 142 178 30 21 51 94 30 97 96 56 162 187 159 200 8 148 88 121 183 104 178 169 3 194 46 77
61 189 173 114 16 140 173 85 37 67 152 149 64 59 12 3 72 74 4 193 51 137 109 48 192 116 178 160 11 46 169 148 68 10 116 147 200 115 105 81 191 13 42 123 180 97 30 175 16 45 54 82 24 82 185 87 10 92 176 79 132 126 106 155 197 59 82 84 146 6 132 108 163 147 188 154 155 139 134 106 123 92 191 67 7 87 35 7 15 145 188 166 144 58 2 147 73 105 125 109 190 21 173 192 65 101 27 2 84 186 125 126 176 152 142 84 88 153 107 47 143 193 111 94 94 51 16 99
47 154 151 23 101 153 20 68 193 148 80 161 151 61 154 2 86 168 115 78 132 182 137 127 104 30 136 109 174 39 92 67 127 96 136 129 14 193 194 184 164 151 60 49 92 123 69 15 40 36 190 72 18 48 38 40 44 175 31 85 137 185 54 44 33 50 46 91 121 21 118 61 40 30 54 97 76 119 198 163 11 52 112 34 82 119 17 200 194 52 140 29 157 134 23 21 46 81 115 165 158 157 32 154 32 34 103 82 158 174 46 160 1 88 88 84 61 177 74 121 10 198 79 158 140 152 45 174
28 179 54 40 118 130 136 39 137 137 165 146 2 2 20 85 161 105 86 175 161 152 170 50 4 196 121 63 150 77 90 63 157 154 167 178 112 163 47 12 116 29 26 115 152 122 104 171 3 102 162 130 88 43 151 164 129 118 129 128 193 191 190 24 25 165 87 69 36 176 164 18 170 181 77 20 137 126 195 56 167 95 21 117 114 146 155 101 56 28 143 169 151 174 199 178 30 189 37 65 138 122 199 31 42 162 143 5 92 63 59 134 78 93 158 104 61 158 38 111 25 55 52 74 151 72 15 124
142 112 185 164 51 79 16 101 133 91 174 191 97 51 18 196 175 127 77 156 19 54 102 10 45 182 71 108 73 135 53 70 96 176 163 144 197 1 152 188 73 120 164 129 152 180 119 171 10 21 147 144 27 42 109 68 98 105 151 110 182 42 1 193 156 52 116 180 2 55 61 114 40 193 128 115 194 2 115 145 119 31 190 84 109 170 106 183 42 128 167 24 156 162 124 44 131 21 27 88 186 50 65 129 25 86 3 181 62 195 44 192 63 117 24 192 161 55 61 130 5 187 124 59 77 125 180 95
52 81 72 173 155 96 20 128 45 88 59 64 4 193 108 71 9 56 72 133 160 143 38 141 33 123 112 101 145 165 195 122 151 122 131 49 39 131 68 143 138 46 66 83 124 171 170 23 45 175 7 114 17 148 110 8 168 191 170 56 166 41 97 133 12 143 148 167 37 50 27 143 186 136 47 126 175 153 63 166 35 194 180 71 60 198 132 156 41 24 194 51 38 58 132 169 43 105 164 12 197 150 88 47 140 22 3 41 156 163 177 14 28 18 198 109 113 19 168 64 20 12 113 167 16 150 46 77
189 78 66 97 128 174 76 175 40 81 4 141 51 50 122 190 199 14 152 66 145 53 75 68 186 93 85 91 92 191 190 89 17 144 167 103 109 41 53 143 199 168 132 137 180 189 121 55 140 190 175 96 99 19 163 96 81 74 136 199 43 164 60 6 112 22 49 117 36 122 69 112 88 99 18 141 40 92 151 23 147 178 173 38 63 45 2 37 59 163 170 91 99 174 105 179 24 97 66 107 69 150 35 193 43 35 63 65 198 120 98 32 69 83 137 133 198 196 136 194 111 185 49 47 62 59 12 104
43 167 33 138 17 191 63 2 96 190 89 22 118 168 12 89 25 143 91 67 118 175 115 95 6 11 111 140 164 109 61 133 64 90 190 97 143 92 18 11 104 62 18 50 104 124 164 98 119 80 67 34 169 70 125 61 95 169 51 1 67 195 156 194 127 41 146 120 151 125 123 196 66 107 193 120 13 172 83 100 128 22 114 41 95 89 165 74 154 11 181 78 189 101 161 176 145 189 76 23 145 106 42 198 46 99 199 53 4 64 23 150 82 135 95 177 22 33 67 8 63 130 14 76 129 172 117 150
156 156 36 47 142 180 39 136 76 88 10 98 45 25 34 184 23 77 82 16 16 108 47 94 174 133 28 89 47 167 151 68 34 184 178 14 60 82 123 35 69 145 84 40 168 166 35 82 158 47 91 32 92 156 178 109 80 12 1 127 64 110 119 139 195 16 142 78 149 172 133 157 8 62 92 70 150 71 3 69 56 141 3 120 122 193 99 124 116 111 172 37 162 185 62 129 5 141 17 103 97 170 45 176 173 63 170 45 46 173 81 200 107 24 81 89 186 161 82 194 42 63 174 172 7 81 99 120
18 45 90 47 38 101 27 3 140 93 167 59 160 134 60 155 33 142 109 9 165 94 104 194 163 186 38 179 183 101 174 80 73 66 26 16 46 4 160 174 102 183 186 26 76 116 199 46 9 161 16 186 114 87 3 73 197 155 52 2 112 165 127 87 90 11 95 97 200 135 58 138 26 69 75 161 147 119 127 170 100 161 96 140 89 52 69 177 66 103 128 193 124 153 30 55 46 9 115 58 12 119 68 182 80 56 170 81 180 141 150 190 185 12 111 109 34 38 125 105 170 167 146 32 42 2 156 175
196 162 85 12 139 74 187 194 152 182 184 112 127 136 146 82 87 188 76 127 182 156 52 1 131 92 187 128 114 95 64 7 188 128 5 173 60 178 40 118 179 145 132 192 44 87 142 14 73 160 192 40 20 6 33 57 159 165 26 200 61 8 75 184 166 194 148 16 191 70 68 75 23 72 78 104 68 34 7 123 156 96 105 147 76 12 132 58 189 19 71 160 113 189 115 56 35 137 65 122 4 7 14 159 31 76 150 88 30 57 199 64 74 197 145 53 191 191 85 51 133 180 155 105 48 7 42 1
65 139 68 100 76 123 167 196 176 116 85 185 178 189 189 5 18 141 72 168 163 13 124 108 111 74 93 177 138 109 119 75 74 186 173 23 70 196 141 50 35 56 50 122 144 93 193 34 52 178 156 51 66 120 122 182 28 140 125 194 93 103 162 148 14 54 93 162 66 113 146 167 97 96 5 195 193 193 163 40 40 92 79 86 84 104 166 175 51 10 99 156 107 149 28 78 163 157 170 173 128 35 69 53 129 132 150 68 188 34 4 30 151 105 168 193 119 67 48 73 156 117 39 141 67 88 99 48
131 129 166 9 1 137 175 179 180 181 94 86 25 199 59 68 136 147 191 117 5 11 105 163 152 172 154 127 77 151 169 50 101 16 97 101 91 26 70 81 104 50 28 64 200 128 120 50 83 193 124 9 93 175 143 134 158 7 131 97 66 178 38 5 97 61 193 185 40 113 196 40 151 187 200 50 178 93 75 89 144 51 56 21 167 7 20 192 109 94 34 163 104 153 96 55 152 173 24 21 64 107 40 55 200 8 90 196 198 46 85 40 120 178 194 105 187 4 55 43 176 74 96 5 145 101 25 178
185 106 149 106 41 114 66 94 124 42 75 39 20 92 69 151 162 44 154 166 98 101 17 7 52 66 91 16 101 148 200 198 20 2 24 126 117 77 163 101 185 16 42 162 140 126 115 198 94 11 64 27 179 82 193 138 147 182 93 115 98 65 133 153 9 152 178 163 155 68 114 157 185 186 167 69 15 84 175 30 92 39 181 96 14 123 87 182 140 102 142 6 50 193 129 77 168 129 114 137 99 119 199 117 75 153 106 48 132 47 66 14 197 6 56 21 187 24 139 138 119 99 116 2 148 134 90 105
106 39 192 134 38 15 178 93 72 11 164 76 179 21 187 158 184 74 161 91 107 122 45 118 133 99 25 117 176 134 43 197 78 200 84 4 27 27 188 149 134 178 172 119 36 96 194 38 69 154 73 33 189 80 118 74 44 128 20 113 55 187 129 186 21 135 47 58 130 195 44 5 79 158 98 3 128 88 143 87 133 142 190 63 161 51 13 143 46 50 149 150 95 21 45 198 93 81 183 72 179 111 194 46 146 101 62 48 62 99 51 200 110 175 146 149 120 177 106 116 50 31 13 42 122 114 48 99
112 8 182 175 151 200 6 87 79 65 137 140 14 179 149 137 122 84 116 4 8 148 21 169 177 49 58 63 56 44 57 57 77 83 116 13 85 125 81 41 199 169 162 145 144 191 5 18 72 77 189 91 147 59 151 166 178 31 22 108 71 58 16 118 52 154 167 53 117 62 113 2 65 165 9 46 101 31 51 172 185 130 163 74 73 150 79 196 69 146 33 97 73 53 38 44 38 61 41 84 47 92 80 124 77 197 174 156 84 172 24 22 115 27 144 74 192 182 125 130 26 160 129 46 157 27 98 34
9 149 33 99 116 109 102 78 99 26 66 65 157 172 147 128 152 9 148 169 50 42 122 16 57 139 200 124 75 166 156 192 16 185 47 179 18 43 1 120 116 179 52 111 96 121 44 90 7 59 37 89 118 66 181 175 123 162 53 114 140 189 196 199 80 145 156 67 27 173 59 27 95 72 4 53 158 106 171 189 185 1 13 185 76 78 53 69 103 109 8 104 86 97 2 85 58 13 199 107 191 20 91 158 108 34 178 139 134 40 33 48 84 12 91 66 132 86 165 28 29 149 34 159 115 168 23 164
119 166 176 124 188 182 178 169 11 95 135 10 8 50 117 147 58 107 175 98 167 163 82 59 142 137 153 93 147 172 90 123 62 139 87 125 132 77 126 28 157 113 65 81 180 136 135 14 179 110 17 35 76 100 6 123 136 65 47 4 196 188 107 115 127 4 125 198 126 152 73 168 113 167 123 152 179 74 199 98 37 125 146 36 99 26 200 35 53 45 43 180 40 89 43 91 139 25 137 79 130 40 66 163 183 18 154 15 44 64 150 94 98 112 33 142 197 195 40 170 53 150 6 67 198 17 169 171
153 91 131 16 17 131 25 128 47 1 144 119 183 83 67 98 24 16 126 159 200 113 86 179 190 171 23 155 174 70 181 11 193 73 131 34 18 123 95 28 194 116 11 95 156 170 110 54 34 60 25 73 118 195 163 67 114 52 126 11 161 23 183 19 75 75 25 84 133 72 3 48 70 131 94 111 84 93 16 139 181 108 187 91 46 1 102 84 200 41 147 139 13 60 136 172 176 17 70 199 186 120 109 165 150 6 110 143 86 53 191 144 171 49 67 126 145 60 71 13 184 154 62 35 108 62 70 61
38 172 81 25 162 45 197 114 183 166 196 168 74 192 61 37 107 98 9 56 165 163 175 150 18 80 104 84 142 84 51 118 119 195 91 28 148 70 180 176 75 82 73 81 80 64 65 162 13 63 14 147 132 38 108 119 31 90 72 37 81 102 7 72 179 174 90 151 104 147 161 141 88 74 180 154 121 197 28 160 177 112 40 94 142 141 16 97 6 9 182 86 71 4 64 2 8 77 48 178 46 140 116 83 112 70 6 187 44 69 172 126 104 133 1 10 137 80 131 187 47 59 139 80 135 143 8 196
104 81 188 174 71 26 93 169 59 143 5 109 1 90 99 36 73 103 184 62 191 96 115 85 163 82 94 49 113 46 118 110 170 105 142 169 49 60 101 143 7 92 131 38 48 91 16 18 12 117 126 57 159 68 122 144 113 157 39 59 94 81 154 104 22 101 111 149 62 114 42 142 142 189 119 161 122 200 140 25 57 151 33 102 161 109 135 114 113 28 158 38 60 184 117 43 101 101 62 2 174 172 199 181 87 43 106 147 126 26 85 112 73 142 179 34 69 97 178 141 163 104 75 112 109 52 37 174
94 90 43 110 103 139 81 36 51 52 2 133 140 159 69 191 83 169 163 191 60 130 67 200 135 32 191 3 49 116 188 193 49 91 62 51 139 94 185 123 80 114 161 56 44 89 107 86 79 16 90 100 5 167 107 124 62 148 153 30 86 144 122 53 70 176 55 144 97 149 56 83 152 77 102 179 31 88 176 150 181 3 79 153 104 176 9 95 103 188 33 73 198 128 45 9 173 129 167 29 114 112 117 82 2 139 42 167 148 90 98 150 6 163 74 54 150 38 45 3 50 105 168 84 144 117 95 37
143 87 149 75 132 144 9 114 95 174 107 10 195 73 83 150 185 62 91 196 173 72 200 152 32 18 196 200 180 158 167 169 19 33 130 193 33 148 130 115 157 21 91 94 116 116 10 38 150 126 2 122 151 182 104 28 111 175 119 156 75 139 61 141 2 39 140 119 112 172 138 131 70 72 185 194 56 131 136 167 166 171 32 104 35 64 31 105 153 64 105 192 123 4 122 170 138 65 125 141 1 89 40 68 137 183 54 23 70 190 67 8 191 107 100 158 194 6 45 134 173 54 104 45 174 2 165 167
189 176 132 67 109 81 61 197 142 35 192 123 150 174 53 153 3 136 118 101 106 113 152 187 132 79 78 98 20 156 158 68 42 3 9 74 187 134 47 102 182 3 65 104 88 42 45 58 25 73 142 76 125 176 74 144 189 174 106 127 83 18 189 186 9 34 61 153 195 31 32 192 120 87 176 69 37 90 164 124 42 14 197 11 27 76 66 118 120 48 132 172 5 196 106 80 163 117 55 81 13 93 127 194 156 144 150 2 164 103 152 38 20 112 162 50 42 27 152 36 77 6 109 89 41 11 126 86
7 189 39 128 114 190 12 76 58 132 89 168 189 8 3 200 89 37 85 162 140 191 116 122 4 113 147 143 79 125 144 124 61 145 45 96 160 140 120 110 59 117 99 14 40 133 45 10 168 95 158 154 144 191 87 112 78 8 64 77 144 133 192 178 101 121 90 40 73 111 82 89 166 170 155 108 86 182 92 133 18 182 30 18 110 187 192 167 170 4 4 3 154 16 151 41 23 157 28 192 53 173 34 156 187 92 130 58 110 67 138 128 13 152 44 82 126 20 127 62 136 107 125 98 87 104 108 48
28 134 117 89 90 88 176 111 186 26 78 153 96 141 45 115 163 47 136 187 129 137 125 61 121 31 173 160 127 83 39 199 187 19 85 9 178 111 133 50 76 36 193 128 60 75 88 94 20 170 195 68 174 106 64 133 187 151 11 39 192 20 40 23 140 188 138 106 28 26 184 13 120 50 146 175 123 13 64 90 14 129 51 85 69 159 186 84 128 195 79 30 108 72 104 135 64 177 150 84 49 169 73 121 158 100 153 30 124 164 63 125 187 21 114 190 15 200 19 20 40 140 129 198 178 72 21 63
38 83 144 125 31 53 144 53 78 99 23 70 47 110 28 18 42 100 151 160 34 150 169 140 9 137 42 86 146 181 185 159 126 145 160 79 40 165 126 66 97 62 35 142 172 37 87 174 163 72 163 138 128 144 46 29 149 10 145 190 93 198 140 103 56 107 7 65 187 41 193 142 142 85 45 182 52 185 112 51 126 73 133 44 192 7 121 126 131 175 38 46 33 108 108 200 21 41 148 83 152 17 163 3 29 80 133 118 150 40 88 39 12 29 108 183 3 73 130 46 171 81 2 118 176 61 147 161
99 76 95 182 88 102 68 128 190 144 124 39 106 140 166 101 36 78 155 81 175 8 89 96 93 135 28 39 186 59 104 98 148 163 200 137 138 167 82 77 146 140 105 31 168 196 162 162 190 147 63 36 126 75 87 97 10 185 20 200 85 101 115 92 40 110 56 164 46 44 111 35 151 28 12 120 97 160 12 192 162 4 194 167 144 122 179 171 65 119 34 81 43 60 197 149 85 5 13 79 156 181 130 105 191 161 181 154 28 96 189 109 25 138 59 147 51 62 141 149 42 74 54 3 163 142 108 47
69 193 97 66 53 83 164 63 58 65 165 75 153 117 36 156 154 124 34 102 97 150 78 135 14 200 121 44 181 5 130 10 119 169 132 142 23 133 11 53 134 38 51 141 144 54 97 130 21 18 55 146 121 26 172 153 92 35 170 182 154 128 199 60 27 181 100 34 36 75 57 60 197 144 159 23 34 91 108 9 186 132 3 86 99 82 33 12 164 75 49 120 177 120 1 47 58 93 171 71 60 142 61 130 38 141 169 186 30 189 14 143 34 2 141 35 95 174 124 143 54 22 135 139 2 27 138 18
51 130 152 35 197 180 111 57 138 55 58 188 44 19 62 7 92 117 141 47 14 103 78 138 50 142 195 110 149 91 153 125 86 67 147 176 137 175 160 33 55 165 129 15 28 85 188 182 176 76 107 164 135 180 14 86 177 194 13 33 50 183 62 153 115 200 149 53 55 182 39 16 199 111 54 58 199 195 184 22 14 143 200 57 90 134 164 185 170 179 21 68 106 56 50 36 83 66 197 18 8 82 36 120 9 109 185 118 156 13 195 197 127 47 163 87 136 11 16 149 149 111 195 111 4 4 116 152
108 175 195 40 98 121 39 104 182 152 11 25 147 100 132 21 42 123 156 77 143 149 66 145 107 120 16 27 96 141 12 69 152 161 55 173 87 125 33 192 148 159 51 157 156 103 179 14 15 115 132 138 169 51 59 118 114 165 123 119 183 186 90 121 151 159 42 187 38 173 9 49 117 2 33 193 48 190 104 110 183 71 177 145 181 173 58 138 196 86 132 107 144 91 62 126 39 130 194 90 63 194 135 98 160 26 69 149 38 34 36 87 24 79 45 15 132 92 31 183 57 196 108 136 59 153 185 67
146 168 194 48 139 51 171 171 29 45 168 122 110 89 86 64 84 100 135 102 180 55 107 69 159 126 57 12 200 75 74 80 127 19 47 95 81 7 150 12 53 181 137 71 120 109 126 10 186 61 144 37 71 102 68 114 16 124 165 65 111 97 169 110 134 154 10 134 81 97 94 46 151 105 96 20 109 62 68 139 91 82 46 76 85 129 180 32 163 134 120 118 121 19 151 75 24 6 12 37 123 78 6 104 179 50 189 25 84 170 137 181 165 52 67 107 108 8 154 142 144 189 80 28 77 130 83 81
148 13 12 141 200 168 59 2 17 199 49 7 181 107 20 63 98 122 79 91 14 172 167 4 159 32 87 42 147 141 189 136 90 1 11 61 166 190 70 76 74 144 83 133 160 192 125 2 97 164 136 19 74 148 26 186 145 111 60 184 172 108 133 38 34 153 151 85 31 112 168 198 61 117 187 195 38 169 156 140 179 18 120 11 40 120 27 145 45 146 55 78 111 23 131 29 84 182 34 189 3 46 112 105 58 198 41 49 78 103 170 79 7 148 6 3 144 65 58 120 51 177 145 36 76 135 96 188
25 62 139 13 72 89 143 52 1 116 6 32 128 56 6 66 148 51 58 148 123 102 15 119 68 101 64 115 171 187 107 123 200 179 18 102 192 200 115 64 187 182 185 102 116 174 112 182 117 22 76 5 48 175 51 22 30 53 102 122 36 83 109 27 161 44 112 143 98 27 102 59 167 140 26 30 155 160 161 33 15 157 45 94 143 28 173 198 35 58 179 177 32 103 92 178 69 162 12 185 47 42 183 55 21 102 65 117 196 135 103 173 36 73 76 159 129 78 77 38 75 146 141 33 78 80 74 130
171 187 62 154 37 102 6 35 29 165 87 164 71 98 36 17 99 73 49 137 76 35 28 38 116 191 166 104 126 197 150 115 3 193 126 12 94 46 20 199 48 56 90 28 4 73 47 54 108 117 100 139 58 70 200 103 72 104 173 128 57 110 160 91 189 123 20 142 113 90 80 4 5 191 181 4 100 172 185 106 127 141 6 85 114 20 107 127 198 93 42 137 22 75 153 92 178 2 105 16 30 91 146 121 132 147 45 77 22 59 64 167 13 161 30 63 37 46 36 80 174 7 141 89 13 157 71 53
8 44 124 11 182 175 106 62 133 186 84 149 66 191 86 116 13 50 148 82 34 133 172 73 128 93 39 82 118 59 164 46 113 75 6 189 64 168 73 187 81 78 64 6 80 103 18 138 63 199 41 157 112 8 18 3 117 55 103 107 137 125 64 127 37 118 61 24 100 173 110 153 78 183 92 135 185 99 141 39 171 49 67 120 26 111 93 69 196 165 189 60 47 99 81 1 26 102 27 196 162 31 121 198 159 115 181 1 188 12 77 157 66 70 148 19 5 51 16 30 69 64 42 29 31 166 161 75
146 121 47 191 123 68 170 29 153 148 36 58 49 160 84 107 27 160 51 23 43 19 112 185 17 23 157 119 57 196 63 125 52 145 1 99 181 94 186 59 85 65 146 60 104 89 161 50 182 118 89 171 187 95 7 27 191 2 22 33 118 192 115 8 200 45 90 119 99 100 8 137 164 146 150 102 146 23 53 80 59 24 132 159 69 31 36 22 151 1 85 59 125 7 182 107 87 78 49 3 162 47 188 56 109 63 17 192 38 80 54 55 19 183 134 68 33 100 191 97 65 93 154 150 190 74 39 38
112 122 70 144 123 134 86 199 49 105 65 163 44 30 118 118 189 81 47 184 32 4 16 148 85 44 54 64 33 18 190 17 179 131 49 133 103 96 23 31 134 7 56 70 76 160 20 198 89 72 37 165 33 194 80 127 156 64 24 51 134 30 43 140 104 160 139 2 133 24 93 62 142 9 13 153 183 118 153 157 47 148 66 154 92 51 6 59 13 97 136 111 94 199 22 64 24 106 66 15 86 179 66 6 200 152 129 92 36 113 75 149 24 107 117 56 170 200 2 159 72 141 119 98 128 83 16 36
33 63 184 108 104 99 182 54 37 154 146 144 91 167 28 149 19 183 38 125 49 178 189 163 190 6 100 190 108 180 24 48 173 129 181 18 157 7 79 54 187 185 2 100 100 58 91 14 16 47 141 187 59 112 93 88 165 179 54 170 51 193 70 77 140 15 191 48 156 127 15 15 180 124 192 72 128 17 153 78 120 67 75 137 95 122 196 116 167 165 16 30 20 139 187 18 172 2 96 87 13 131 109 64 87 196 141 172 166 197 4 183 129 188 159 88 78 121 178 1 124 106 103 146 127 128 118 199
135 64 159 85 41 180 82 25 164 56 191 81 94 181 102 200 61 56 33 166 95 76 149 134 122 148 141 23 148 42 15 12 164 123 116 132 47 33 180 74 60 48 80 190 16 9 199 122 147 113 145 189 41 115 103 172 107 122 49 68 3 104 46 89 67 98 96 139 175 34 117 68 166 124 159 11 77 57 197 27 12 71 32 76 191 70 191 129 142 196 35 65 117 155 147 39 77 6 42 74 73 191 196 29 42 116 85 24 132 189 2 133 126 88 157 148 22 70 101 103 171 83 76 151 73 89 127 189
161 78 2 26 166 185 49 143 176 17 112 70 85 94 108 199 131 174 136 147 184 129 121 22 138 86 26 12 175 84 137 195 191 89 80 65 76 127 117 66 145 138 170 171 56 59 190 34 130 104 162 155 12 185 116 52 52 149 31 2 96 75 66 130 79 66 77 65 166 105 63 100 60 87 154 89 54 140 37 60 100 6 57 108 154 6 173 155 104 96 155 17 35 159 168 193 1 198 23 2 81 48 79 143 57 200 57 176 158 98 91 39 8 1 23 92 74 38 52 146 70 32 156 23 120 6 77 16
46 143 24 34 150 106 133 18 104 22 45 110 192 148 47 122 125 119 59 13 109 51 138 153 71 180 4 102 23 98 16 199 149 107 168 163 190 17 186 173 114 176 32 149 36 57 49 198 86 146 94 93 178 180 37 80 17 76 170 181 64 10 9 30 143 45 21 44 136 124 141 113 158 158 65 52 139 36 17 33 8 74 134 87 169 81 31 88 142 56 70 28 52 102 1 14 58 114 97 5 21 132 198 133 60 33 73 92 92 82 184 5 189 133 5 48 43 3 72 96 190 161 65 75 186 135 198 142
64 156 59 103 123 111 13 161 180 103 134 99 111 133 197 153 68 77 115 186 62 97 110 152 55 133 17 107 90 4 106 150 24 137 179 9 44 79 139 197 31 74 18 115 4 52 104 46 5 129 14 140 108 107 139 40 99 118 16 91 21 29 197 31 170 140 82 99 159 139 150 186 108 122 44 139 44 119 1 154 8 9 176 166 196 73 54 129 1 44 53 195 58 138 197 184 87 122 63 85 60 44 185 159 187 157 180 172 110 175 81 175 6 134 96 40 151 68 191 138 97 69 65 28 169 196 68 49
37 173 58 167 84 65 161 140 52 37 99 44 154 178 167 124 150 119 30 11 20 114 174 91 4 179 99 156 74 26 145 170 174 12 91 114 46 161 71 113 96 105 56 37 112 10 91 114 136 12 170 54 138 13 76 61 136 125 99 197 149 108 156 155 114 175 83 165 66 7 84 182 5 153 123 102 49 119 165 7 196 101 189 185 124 77 128 6 143 164 105 39 3 146 110 157 55 22 72 145 48 48 167 52 14 29 76 127 100 23 54 61 107 178 86 132 111 104 90 24 88 22 109 40 171 133 133 63
143 106 181 140 145 110 9 130 48 182 20 177 25 20 53 163 52 52 125 24 141 136 59 106 20 21 192 154 141 4 180 121 153 178 95 40 195 56 192 25 12 59 170 83 176 181 194 33 15 154 2 12 165 92 137 21 138 48 113 108 162 143 152 124 125 94 111 196 113 134 62 143 107 148 54 181 170 74 69 192 20 28 190 184 63 196 142 72 90 175 160 46 73 14 186 166 164 150 118 168 104 72 130 94 36 162 88 15 62 171 167 191 68 59 112 196 171 105 162 26 68 51 6 184 114 138 139 65
45 171 115 69 17 183 140 85 200 35 49 194 132 121 95 158 70 54 112 49 186 42 83 46 200 179 138 131 133 26 106 69 88 156 167 73 61 26 85 28 45 65 56 165 76 35 29 149 114 173 23 22 155 191 171 49 71 79 28 118 50 102 143 24 69 65 8 134 35 49 28 108 93 195 85 168 159 169 97 149 81 64 187 43 182 88 185 189 72 55 28 129 162 62 147 180 29 194 128 132 20 68 193 60 63 178 64 27 28 188 164 189 81 199 150 56 188 46 149 105 139 164 178 149 36 59 69 56
110 176 158 9 14 108 108 132 140 165 74 47 59 99 181 125 84 11 39 46 3 199 175 85 17 52 71 177 8 52 173 84 82 162 50 143 3 16 38 156 130 91 122 98 60 142 44 5 1 155 127 28 29 109 16 1 176 114 98 4 55 161 27 169 177 40 5 69 122 144 22 173 19 7 8 103 24 101 33 102 113 175 108 178 73 16 55 166 178 163 147 49 120 106 143 173 25 178 158 83 187 124 28 21 46 150 196 75 166 16 165 119 34 152 184 121 136 6 164 19 47 40 163 141 155 168 90 106
124 81 125 130 63 77 16 182 4 90 183 55 6 80 71 72 54 117 138 119 121 153 168 8 117 58 112 186 176 81 67 80 17 188 10 113 133 186 91 16 99 26 120 180 64 76 103 161 108 102 75 78 75 184 41 126 38 168 116 175 175 184 106 133 152 123 77 80 77 11 4 65 77 182 175 81 117 12 77 171 85 59 162 149 1 59 41 107 25 67 23 4 129 2 80 139 122 46 31 87 143 193 107 67 41 62 132 7 44 41 170 77 63 188 134 189 104 171 23 121 14 113 31 90 21 80 124 97
46 22 55 94 68 194 152 157 15 75 64 68 157 129 69 71 140 162 42 140 170 111 180 31 173 172 94 47 51 147 134 63 76 138 190 190 66 200 132 152 24 92 122 194 184 118 134 161 124 140 19 148 62 103 159 62 119 99 91 37 76 18 126 94 28 186 186 166 108 98 133 42 107 137 98 72 142 56 118 52 29 178 115 108 28 43 24 148 171 126 182 59 95 198 93 84 158 110 101 174 135 185 181 117 48 163 112 103 142 109 67 143 9 13 57 93 196 116 103 155 81 94 48 26 92 165 89 163
83 175 70 15 156 123 164 40 15 80 37 21 88 135 39 114 102 140 101 13 71 168 156 91 106 2 151 161 19 161 44 155 178 100 21 16 84 50 72 91 89 50 64 196 84 53 153 53 15 119 79 62 108 1 184 138 29 58 165 64 84 25 30 130 124 69 139 33 46 198 19 87 109 17 65 171 147 143 82 185 97 134 40 199 187 95 2 146 97 190 114 7 152 190 189 34 79 106 55 146 139 181 116 67 171 195 56 178 196 21 128 125 30 42 23 81 117 120 50 90 33 191 44 126 126 134 155 82
21 28 65 68 65 137 44 199 131 82 6 74 199 128 21 17 189 49 148 2 112 70 121 50 138 20 101 86 46 83 127 10 69 114 33 165 42 17 161 19 118 101 82 114 196 167 152 13 110 125 79 140 198 176 77 98 54 29 84 174 169 124 89 187 79 68 128 199 173 21 141 136 19 44 196 58 12 82 170 130 9 190 17 167 150 78 168 91 44 106 65 166 190 58 178 19 156 10 28 138 186 109 143 140 154 183 180 74 134 122 113 7 199 58 49 153 9 49 89 156 20 132 141 71 93 19 144 76
154 61 87 100 98 170 63 89 179 39 3 187 58 54 175 20 143 83 143 12 198 56 1 61 199 129 166 191 198 81 149 86 68 164 137 63 180 123 102 63 23 163 87 180 144 150 27 81 9 48 92 38 173 171 15 70 123 115 54 184 161 163 89 111 15 55 200 122 32 16 123 44 132 163 91 157 81 50 110 95 109 137 70 66 198 162 27 176 170 114 100 137 15 122 162 113 100 22 6 141 94 81 78 66 61 120 164 150 108 130 142 197 20 23 167 101 113 78 29 98 27 156 193 59 71 124 98 83
180 2 154 121 7 159 55 56 111 48 164 120 137 183 53 195 189 40 134 97 15 37 125 60 47 187 164 165 9 139 120 53 38 90 60 53 106 57 111 126 196 93 185 186 192 8 106 41 176 142 84 157 175 145 4 79 157 142 141 71 70 150 28 136 90 62 173 17 111 183 181 13 178 30 110 28 130 197 30 184 197 161 48 145 73 74 161 121 181 46 68 25 77 5 39 162 73 126 92 125 142 129 41 180 179 100 112 118 198 199 31 87 189 55 145 69 85 174 36 52 167 65 185 11 142 161 176 117
114 155 177 81 199 136 19 27 135 86 136 49 196 140 151 38 167 18 186 90 36 87 142 143 91 81 117 142 105 153 7 105 61 28 84 22 115 75 180 146 4 75 151 19 196 38 173 37 35 49 96 183 157 140 61 59 98 157 103 65 38 109 60 12 42 65 22 163 57 34 154 162 52 190 60 135 95 69 154 189 90 60 181 44 176 117 67 87 11 45 135 124 134 69 95 184 114 194 53 88 106 6 23 41 102 92 168 18 108 55 180 109 154 76 176 193 14 11 87 66 118 10 6 168 112 26 129 100
179 176 179 22 20 197 91 2 75 71 193 149 107 166 109 93 85 119 57 127 125 61 162 71 196 59 131 187 84 43 97 144 183 194 8 12 177 177 92 58 169 46 49 137 196 145 133 157 114 175 56 149 71 51 155 19 179 112 62 79 179 32 7 148 134 40 10 26 168 137 92 170 98 113 23 165 144 176 146 142 186 4 54 11 107 61 41 136 37 145 31 115 12 57 132 145 46 58 83 56 17 54 130 187 189 40 92 10 158 164 166 135 155 60 186 89 186 156 191 157 18 39 182 80 71 119 199 14
177 97 106 23 109 134 119 180 163 100 174 94 126 27 39 8 159 153 196 128 27 182 42 2 16 9 20 45 148 153 40 99 38 116 15 77 27 51 97 126 10 44 151 91 64 47 192 161 53 10 52 127 46 181 164 183 81 7 24 194 67 47 47 137 13 99 139 196 195 189 170 127 92 72 30 152 109 127 38 195 94 111 171 102 147 73 180 157 60 153 18 79 157 73 117 191 199 6 37 4 21 138 25 105 80 81 100 198 188 52 155 109 160 193 120 125 2 72 178 59 97 56 155 116 137 104 40 85
131 198 117 43 194 124 70 139 126 181 175 187 117 21 14 151 197 102 99 157 100 52 190 129 200 66 1 42 63 115 34 3 137 98 83 35 193 17 194 197 103 78 89 105 72 154 135 137 117 104 69 181 136 132 81 176 58 121 38 152 120 18 67 1 161 26 112 51 34 20 156 72 170 52 73 7 38 187 190 148 182 39 36 61 86 56 178 46 38 189 138 198 139 197 137 24 131 30 186 163 85 146 76 51 71 133 48 93 158 96 76 119 50 81 170 70 86 25 105 101 188 36 195 85 40 173 30 151
184 55 100 92 122 133 186 38 182 139 180 20 24 170 144 162 88 96 14 22 57 142 71 36 157 104 179 27 95 17 9 6 159 20 179 109 186 180 199 41 120 149 87 75 52 96 58 61 96 115 177 39 190 127 162 180 128 8 153 178 48 33 58 126 129 173 144 30 36 7 34 157 36 139 120 106 51 114 74 81 58 10 185 128 157 28 44 51 61 181 45 26 172 165 42 30 140 187 164 39 17 158 147 128 66 109 192 73 164 145 177 13 39 70 128 50 167 174 141 99 140 117 192 97 194 174 199 38
162 156 22 56 127 10 90 124 154 124 85 193 103 155 14 73 134 134 38 75 138 3 99 196 117 162 40 129 74 138 51 182 178 66 143 74 168 82 64 25 165 127 145 1 20 82 177 5 167 138 193 109 8 117 144 140 145 99 87 145 165 180 70 94 12 44 77 28 11 38 131 101 98 134 67 145 28 150 58 186 170 2 99 159 48 140 67 133 39 120 53 137 2 81 110 31 137 155 18 150 32 70 54 10 185 170 76 129 86 77 138 175 24 134 51 178 195 182 116 182 135 34 160 177 41 186 133 168
8 13 133 169 64 83 54 135 162 41 106 114 82 33 168 44 16 15 41 28 144 149 123 23 178 88 114 154 130 176 178 105 153 12 46 164 186 36 92 156 174 181 175 155 48 57 52 65 66 196 45 63 167 144 17 128 54 50 114 11 5 114 29 171 60 127 182 95 110 65 41 122 60 29 10 108 41 5 6 183 110 117 32 2 176 55 53 58 133 128 32 164 11 121 7 149 97 79 76 90 100 91 60 16 100 194 123 173 172 38 159 165 165 51 105 118 35 3 151 52 143 163 124 86 35 43 7 23
169 138 128 38 69 72 102 78 134 59 51 199 17 50 198 171 102 157 200 153 89 67 160 126 26 105 183 15 69 170 149 97 107 114 122 17 96 138 117 4 19 39 145 168 184 51 91 129 9 131 117 85 97 175 198 80 152 53 112 9 114 197 105 123 191 62 10 77 157 160 11 99 153 49 69 130 154 177 118 16 14 45 177 194 3 71 195 19 32 196 191 188 9 29 67 142 78 119 73 42 100 35 159 50 170 126 31 61 62 34 112 79 6 59 75 142 167 12 7 134 138 167 149 78 18 8 148 25
191 83 158 30 93 185 146 57 78 112 144 159 44 40 136 86 72 174 11 43 54 36 88 73 46 79 153 41 77 40 187 44 50 124 194 131 89 4 114 96 139 166 23 90 44 98 6 77 164 101 186 167 191 17 112 61 181 123 187 116 18 76 176 200 63 145 163 112 7 35 73 39 139 96 140 181 71 32 74 77 163 112 182 189 130 99 94 144 182 4 91 23 130 109 52 52 119 171 3 181 136 39 62 143 125 94 119 73 116 10 149 180 27 88 193 186 96 144 170 140 33 64 17 42 68 185 174 32
128 192 185 155 90 15 145 151 26 89 41 28 187 169 110 149 182 164 66 168 127 98 92 200 87 105 6 6 136 42 46 92 180 170 189 25 55 146 3 128 168 128 169 120 20 44 45 117 195 124 18 142 17 160 21 197 166 70 65 194 199 111 52 56 115 48 32 199 166 43 83 72 73 19 191 20 24 43 170 38 83 176 159 132 93 74 52 170 40 71 34 126 72 49 96 69 43 83 97 69 47 39 169 113 60 115 147 136 38 87 6 62 116 120 107 34 4 57 161 54 133 165 122 3 139 38 163 154
54 121 184 19 11 48 117 130 90 118 174 45 174 71 168 120 192 53 166 25 85 148 61 132 107 135 48 135 104 64 132 87 171 188 117 178 49 117 24 43 113 142 95 58 80 147 8 137 94 102 118 176 96 3 14 153 92 149 108 60 95 14 52 13 10 3 169 1 17 54 25 173 123 35 30 31 101 123 127 67 127 76 173 167 173 62 78 71 7 55 174 98 121 80 137 162 36 39 122 144 99 195 160 15 55 83 187 84 28 15 187 100 178 61 106 86 140 6 85 13 68 22 94 55 125 47 29 16
24 142 50 176 16 141 69 145 181 16 111 138 133 152 142 127 142 163 189 94 166 185 89 155 35 65 61 85 115 74 95 79 78 82 97 80 31 131 185 59 46 169 137 176 48 149 111 137 158 13 126 54 34 17 4 137 93 120 74 35 196 129 111 197 78 114 165 128 160 197 74 150 17 94 129 86 54 102 143 196 199 99 126 150 88 158 69 120 25 155 109 193 47 12 118 68 1 167 200 40 179 67 106 184 78 79 183 100 102 12 196 6 147 14 108 190 128 46 148 87 63 187 79 175 4 164 18 19
13 159 185 129 152 134 137 139 125 45 12 155 184 101 104 90 185 188 64 63 43 67 161 22 96 142 142 166 99 192 117 66 20 60 112 65 104 77 189 119 31 95 103 138 36 99 18 13 121 7 2 160 192 4 29 30 75 174 76 69 60 176 95 34 110 133 14 170 90 120 16 42 139 45 24 65 35 62 147 33 67 63 91 113 191 145 23 21 176 35 1 100 120 28 142 185 81 11 74 180 15 120 65 102 25 64 191 200 140 156 25 44 168 162 130 82 17 19 199 197 71 67 51 196 190 149 4 73
103 84 116 61 197 179 33 26 33 198 157 152 39 7 94 185 151 170 79 196 60 121 182 61 96 32 164 131 166 34 32 122 23 26 156 15 166 99 110 79 172 17 73 167 108 86 81 93 112 6 27 142 66 43 146 14 196 105 11 195 105 163 90 26 57 188 163 65 105 23 74 131 113 144 19 72 196 169 147 177 11 54 188 120 195 185 149 118 178 79 128 68 62 72 43 75 134 91 143 171 46 144 188 8 24 76 195 16 198 80 114 22 97 59 68 162 189 75 182 15 146 40 196 12 69 146 130 156
181 109 178 22 190 84 52 5 25 180 138 176 18 188 200 107 57 19 154 117 26 162 126 89 133 86 109 61 110 48 23 61 174 44 196 161 80 85 59 98 181 87 23 193 24 156 140 177 3 16 143 152 169 21 52 58 97 160 45 14 97 82 82 159 1 167 107 148 4 26 64 120 115 160 66 98 105 96 191 86 167 2 193 99 114 13 160 52 72 126 44 143 199 56 123 160 54 135 57 111 50 28 3 94 19 148 139 116 164 57 31 36 22 23 98 111 13 160 10 54 162 145 32 120 63 91 131 154
118 83 133 98 115 170 132 76 101 197 51 93 33 110 174 66 135 153 97 66 75 64 98 168 189 80 67 18 1 178 9 109 152 98 119 134 14 19 76 138 34 98 24 7 80 183 43 161 162 31 175 174 147 4 49 162 147 171 12 4 182 149 5 119 109 119 48 138 91 2 130 57 72 67 173 49 162 60 15 119 119 89 35 106 45 12 46 93 155 170 139 78 29 52 104 138 179 127 87 182 18 188 38 47 74 88 183 4 166 13 88 102 39 72 165 191 97 121 177 72 85 14 192 137 198 8 89 21
124 156 60 43 28 19 168 6 85 50 200 174 68 35 112 21 193 194 37 155 112 186 83 139 25 14 12 164 1 111 56 96 103 132 79 32 79 198 33 94 66 64 6 97 180 45 47 77 189 185 131 112 113 103 98 70 104 106 38 198 30 140 189 4 188 66 9 29 69 133 111 109 170 146 28 28 47 187 67 108 188 165 96 93 196 88 128 146 41 42 54 138 166 12 184 71 52 171 144 154 182 32 5 157 4 193 23 119 132 62 86 188 156 188 11 27 42 85 140 190 132 31 45 5 200 137 66 147
93 185 135 120 96 112 32 61 185 187 16 107 131 4 94 148 31 176 84 152 145 39 183 130 98 175 122 49 148 137 90 96 73 18 27 173 189 132 57 133 199 114 16 15 180 23 94 45 92 136 91 86 43 77 144 87 73 52 197 13 91 142 200 164 200 185 109 163 164 164 65 6 104 86 54 59 176 143 99 37 28 100 17 92 128 72 7 115 91 6 174 17 140 40 157 185 168 35 94 178 101 200 95 143 27 37 91 119 22 130 127 46 21 141 29 123 78 118 52 152 184 155 69 78 7 61 200 46
27 146 77 80 105 9 164 72 121 105 13 156 126 138 121 143 49 122 71 162 55 145 87 29 158 69 51 2 180 63 57 51 80 76 114 39 23 54 94 169 32 153 54 9 8 102 9 81 15 179 15 160 98 8 89 139 39 123 47 15 187 21 104 57 167 116 126 38 143 167 87 187 178 173 61 62 93 14 167 194 56 40 78 160 31 195 81 145 10 110 25 76 141 128 126 158 153 7 144 13 57 12 110 108 166 165 179 107 4 130 76 148 187 137 115 63 142 35 111 158 71 116 74 18 177 126 73 188
37 23 200 101 6 166 148 167 181 178 142 9 149 131 175 46 151 47 22 39 120 55 92 197 15 151 1 176 183 105 67 74 3 131 70 5 29 68 159 105 37 163 128 7 160 168 160 1 87 9 144 119 172 167 150 27 32 142 110 158 168 144 100 41 51 75 91 141 70 134 49 123 200 120 200 157 6 57 151 147 120 79 135 135 58 147 71 194 124 177 97 4 83 108 58 160 142 127 46 77 161 133 25 174 117 34 175 195 190 7 93 142 116 18 29 103 2 91 134 169 114 17 74 130 152 187 175 87
146 112 47 77 95 127 143 161 196 127 147 178 168 161 89 113 106 1 177 96 13 24 196 56 107 117 114 193 79 119 154 46 25 117 14 38 54 46 60 53 54 105 126 8 4 23 67 45 90 76 92 57 58 137 168 175 38 157 88 160 168 63 115 149 107 30 123 183 112 121 63 40 34 143 183 199 155 89 107 16 12 67 77 170 161 15 177 135 11 169 124 159 20 12 155 5 118 51 55 200 37 17 192 84 56 66 111 159 196 71 106 108 193 62 139 67 115 8 66 175 50 122 39 119 114 172 136 85
60 149 169 106 35 196 167 152 64 17 76 46 183 178 167 144 200 190 169 85 94 78 96 23 115 126 167 86 18 65 20 197 12 115 186 196 4 12 85 36 3 155 16 190 100 153 66 133 97 42 156 15 180 176 13 176 23 40 70 86 53 138 175 14 198 117 104 78 127 97 33 185 112 163 186 110 52 124 131 145 68 74 150 1 77 110 120 80 173 109 172 118 18 103 71 183 195 11 125 184 60 129 171 62 15 54 187 183 54 188 139 198 130 143 46 171 79 25 73 121 133 78 23 119 17 33 166 168
18 158 136 107 20 198 19 19 96 102 17 15 170 47 137 147 194 64 44 14 4 200 176 66 144 68 17 176 186 111 187 153 91 37 73 93 78 63 146 104 68 18 150 48 144 175 125 105 28 109 128 41 51 75 78 60 4 166 193 105 181 97 38 162 78 40 161 168 98 180 94 142 106 90 153 145 33 148 103 94 72 54 179 188 148 194 98 61 51 29 167 2 99 143 96 36 11 151 119 20 24 165 9 187 122 94 195 186 132 76 176 196 151 83 172 79 79 77 52 183 29 95 140 75 163 170 32 62
147 75 139 79 121 115 131 17 4 151 138 20 105 145 7 162 56 53 35 147 189 165 61 42 56 70 30 165 5 161 150 160 181 155 101 83 132 133 66 88 25 148 168 94 24 186 148 1 179 67 48 15 45 177 83 92 62 49 175 135 138 180 74 91 146 55 117 199 177 115 192 30 23 173 172 48 170 135 15 63 129 21 108 163 183 114 128 7 38 32 191 185 17 139 172 198 24 55 36 3 40 5 124 101 41 163 190 10 14 9 17 182 200 116 174 55 147 198 20 26 104 52 92 156 26 119 197 137
81 68 185 112 26 36 23 92 180 140 23 157 60 190 145 173 138 87 6 188 82 111 13 69 12 28 168 166 109 111 116 92 84 45 133 165 13 151 47 43 9 98 110 80 108 8 71 53 6 198 53 49 187 180 77 192 131 24 10 153 90 115 193 111 137 194 126 18 155 94 166 195 137 157 107 3 7 30 179 84 125 97 49 70 198 61 27 196 140 56 154 84 138 75 77 155 57 59 134 95 148 153 147 83 171 107 142 150 4 17 22 28 29 33 132 140 196 107 135 104 151 197 128 40 116 176 167 111
66 97 180 100 118 113 54 187 136 62 184 66 3 144 167 172 96 100 197 193 187 141 73 132 173 70 69 76 112 105 71 107 71 163 168 50 51 77 24 27 38 101 64 118 108 51 62 5 53 132 61 159 77 19 130 136 21 139 64 128 143 6 189 112 77 57 147 96 90 133 200 44 71 184 166 34 120 154 108 85 53 97 186 69 194 61 193 117 6 12 121 68 96 103 146 37 117 27 4 54 139 130 158 197 10 63 178 14 118 165 23 14 14 9 182 12 176 27 150 170 59 58 9 48 139 149 124 26
56 58 75 149 199 114 82 118 80 99 117 67 198 93 145 95 162 134 65 178 113 46 10 103 49 51 7 85 200 79 13 23 101 165 80 4 37 47 141 15 191 187 150 87 24 137 113 9 9 103 57 9 92 77 131 149 2 161 67 186 175 181 101 76 124 196 84 123 189 192 166 168 169 111 29 157 141 33 200 186 73 60 16 192 65 41 43 74 29 196 109 23 121 31 146 170 78 63 181 122 95 54 77 154 117 152 50 154 4 14 156 28 60 86 149 176 56 8 186 176 42 130 13 93 101 22 38 72
90 159 21 10 52 63 186 172 108 164 150 111 197 31 111 102 72 123 88 95 162 196 142 14 178 5 124 90 67 200 192 30 16 187 132 129 155 157 110 191 36 21 120 77 24 99 56 96 56 5 113 183 54 12 25 85 99 172 145 16 132 16 192 181 88 19 104 177 188 56 159 33 79 122 136 19 22 133 192 51 65 4 129 191 164 152 10 116 47 128 180 7 15 51 103 132 27 111 131 34 151 70 72 36 140 180 134 34 30 138 37 150 173 102 111 64 92 57 41 66 29 55 166 117 36 91 115 83
127 104 84 90 157 193 150 47 123 138 3 120 80 196 161 169 163 21 3 153 119 110 54 162 70 3 165 76 51 150 134 74 30 53 91 163 148 152 154 154 109 27 70 23 156 162 67 140 99 16 77 65 52 87 42 49 89 195 155 179 84 126 16 81 152 22 49 84 14 59 189 142 33 162 183 22 99 124 4 56 173 71 150 115 99 188 76 193 118 199 160 106 168 115 63 65 91 163 173 101 67 114 118 154 63 124 54 174 188 187 34 188 90 27 165 28 85 189 84 105 125 88 90 177 78 123 157 33
41 117 39 159 129 6 78 110 135 67 132 165 71 173 127 200 41 50 2 110 56 107 171 41 110 37 75 89 14 16 73 73 153 83 191 89 154 54 59 74 26 30 136 69 20 68 122 180 66 78 86 112 134 53 151 193 42 150 74 17 193 81 179 34 131 157 30 155 109 170 175 7 71 141 130 133 124 168 76 33 173 71 159 90 95 148 82 178 128 195 175 65 142 135 148 90 16 35 170 133 19 146 177 131 6 168 74 197 182 63 147 118 59 179 47 156 137 142 68 107 96 117 35 154 157 104 139 27
95 46 5 79 170 199 73 8 31 144 65 94 26 147 25 171 123 164 141 63 158 157 171 188 83 163 4 26 78 126 88 5 56 173 175 106 76 128 152 94 155 108 158 31 104 147 149 80 21 33 34 66 53 80 65 38 151 85 116 27 65 80 187 94 131 16 6 117 104 181 141 187 137 124 81 72 9 79 160 6 1 50 100 181 30 55 133 167 134 123 51 141 23 191 188 72 80 191 108 40 110 150 184 185 105 41 82 193 148 119 16 148 32 176 13 128 161 115 15 129 200 118 79 150 143 65 76 10
72 155 88 116 55 148 185 183 123 129 82 163 1 52 7 114 17 113 101 180 159 2 175 43 67 188 98 40 57 96 34 20 98 35 90 168 2 22 161 14 176 54 152 13 160 141 13 104 196 79 114 96 175 7 110 14 1 175 83 178 70 75 158 87 175 95 27 20 47 124 55 76 142 120 20 31 2 50 200 175 98 138 54 116 113 183 147 184 97 55 138 164 21 51 97 169 117 39 42 80 190 183 75 155 8 93 94 41 22 68 82 158 9 80 152 8 94 147 142 99 83 34 112 78 70 94 186 100
142 100 127 149 16 125 37 50 99 31 135 140 20 138 185 149 123 131 56 173 12 100 72 183 95 58 75 177 41 182 73 24 129 141 138 73 3 40 190 161 1 21 29 87 100 116 112 100 7 2 94 114 157 105 31 34 126 14 157 108 126 122 166 139 62 18 100 110 65 191 61 97 168 143 83 18 119 90 148 196 78 173 163 151 104 178 45 86 127 167 29 191 190 114 2 175 142 4 148 36 18 43 186 89 194 125 174 189 180 68 159 84 94 69 78 20 190 40 2 170 42 83 180 171 24 95 27 11
184 177 74 17 36 186 101 33 71 24 112 9 139 3 48 92 25 177 199 90 61 26 196 78 120 52 89 198 116 144 35 111 156 155 38 135 105 110 183 169 157 63 175 108 132 14 143 156 22 41 6 152 119 112 5 130 120 105 68 114 115 85 162 164 138 105 80 77 16 166 134 114 102 82 70 40 88 45 76 29 6 77 124 134 188 162 132 7 82 50 77 151 4 182 86 64 154 76 137 59 74 35 108 26 177 50 130 93 30 145 48 94 199 149 40 60 90 17 65 36 62 40 108 187 71 44 153 21
101 178 184 82 133 60 113 99 15 37 4 41 166 160 18 95 115 194 2 131 19 59 12 177 164 26 178 136 132 166 186 107 90 53 6 113 27 88 75 5 110 197 69 126 24 196 194 128 82 155 187 162 46 195 134 190 37 80 46 93 195 108 33 168 121 116 129 80 27 2 164 118 112 177 140 147 117 173 56 114 58 8 1 193 99 150 142 156 128 154 168 82 189 198 87 174 35 72 179 191 85 167 59 48 196 138 194 49 68 57 141 36 165 154 6 113 194 77 52 42 141 65 153 191 105 45 162 44
87 15 155 14 106 169 81 42 147 47 101 126 149 146 72 150 170 128 65 168 108 49 65 176 149 35 152 141 143 144 44 130 13 179 33 22 73 127 100 92 27 47 183 60 96 31 121 96 193 34 19 16 72 185 155 63 110 91 173 171 152 135 101 65 69 179 30 126 178 81 150 151 14 141 103 122 30 184 160 147 74 72 186 96 14 181 84 141 194 158 168 73 91 194 171 23 136 152 81 62 101 71 110 10 187 158 14 177 134 149 190 78 54 146 184 137 79 38 163 12 88 69 25 184 104 34 40 142
44 16 186 111 179 34 84 13 146 20 18 159 200 151 170 153 52 137 93 193 33 11 25 59 169 113 153 134 79 6 155 150 179 165 105 184 2 185 81 24 20 190 45 118 164 69 148 124 140 180 199 34 22 36 13 27 100 9 23 61 48 86 188 29 77 94 62 9 76 20 100 60 48 20 38 141 19 191 164 120 38 155 48 67 45 33 79 83 41 22 131 173 92 146 44 165 8 4 186 2 97 59 149 119 38 158 110 140 180 6 147 84 123 15 103 165 159 19 87 170 144 62 30 76 178 115 138 101
70 21 84 156 55 143 44 52 22 37 83 132 143 169 200 48 130 79 164 182 186 32 37 187 105 131 110 36 154 80 134 117 38 51 101 85 64 143 10 48 113 16 103 180 108 96 139 196 67 147 175 24 168 194 186 11 173 124 13 60 5 89 32 133 144 117 163 55 11 163 54 52 30 151 185 108 20 171 188 1 70 59 193 58 41 193 45 36 147 97 131 164 106 110 192 46 61 68 88 10 153 4 136 129 165 67 106 20 190 50 132 126 188 79 25 77 147 107 70 13 131 99 94 76 33 104 175 159
84 182 83 180 56 184 64 86 150 58 16 149 90 134 34 3 156 8 191 119 48 98 174 70 150 113 144 61 58 109 20 128 117 149 84 31 98 81 15 180 170 70 157 110 80 190 166 8 86 181 187 50 39 13 83 191 114 51 64 102 189 48 7 58 96 176 20 2 14 198 131 57 120 87 136 103 1 90 104 14 130 150 78 102 200 84 119 169 161 41 30 183 91 110 185 156 110 16 10 69 108 32 15 175 72 91 74 152 148 179 73 52 33 76 143 73 195 120 49 75 99 108 179 145 91 177 137 102
101 75 126 89 109 21 96 45 146 12 57 130 161 127 176 106 186 166 182 181 193 136 82 125 46 19 165 139 166 63 199 152 7 171 32 68 200 119 135 75 39 9 23 51 96 136 37 128 173 92 60 88 161 20 41 192 4 22 150 12 50 186 187 50 92 151 121 81 165 157 85 42 110 186 59 38 186 182 48 103 131 62 39 157 131 28 198 82 36 189 70 71 121 138 117 181 114 160 119 173 124 32 129 145 23 31 30 160 190 31 146 166 2 69 161 97 136 73 25 53 118 9 59 161 74 61 78 136
147 172 188 137 118 199 52 200 178 65 62 90 164 29 98 85 52 31 137 54 198 49 26 192 146 136 15 52 45 37 13 123 190 197 88 86 49 137 84 63 64 31 181 141 148 199 112 44 192 174 176 147 199 166 18 92 57 188 25 87 171 185 107 79 187 2 97 43 191 185 3 111 63 17 154 104 47 85 101 44 23 154 52 160 34 8 32 199 74 85 25 74 122 146 38 27 51 156 25 176 168 68 16 62 89 64 109 44 44 128 135 132 135 49 143 181 144 149 84 59 141 73 135 182 20 198 136 23
149 65 151 54 114 60 35 142 158 154 87 39 91 158 144 180 186 45 80 115 7 143 166 40 187 34 196 9 49 119 136 171 145 11 195 116 199 184 197 39 28 81 7 83 92 193 55 60 135 101 112 41 73 85 79 92 179 15 127 157 7 44 54 167 79 145 142 178 86 184 149 87 85 52 21 47 96 184 197 125 199 49 30 159 6 191 118 145 117 81 128 121 40 150 19 4 55 188 95 152 160 132 91 168 176 52 185 108 70 108 88 134 8 146 57 125 4 150 179 190 169 38 40 134 67 91 101 153
138 82 110 31 11 37 191 145 62 168 196 120 46 188 178 175 132 78 116 52 157 169 175 67 87 16 110 99 8 133 94 118 7 5 195 13 193 50 26 34 117 103 149 69 72 200 82 160 115 15 28 139 104 24 145 168 8 6 26 168 168 147 198 148 110 44 39 148 89 75 11 156 23 68 76 146 197 160 161 106 187 125 59 194 101 99 200 86 147 80 60 141 57 46 115 82 64 192 8 132 131 120 42 78 99 124 185 95 60 76 149 140 78 190 96 105 196 187 55 52 192 15 124 122 181 76 39 88
148 135 168 11 56 34 15 144 74 49 173 173 133 85 56 174 195 196 75 129 190 46 83 58 152 98 195 112 116 119 57 38 98 35 7 179 135 24 3 162 170 106 159 171 88 122 129 40 162 30 148 113 146 94 150 136 177 57 120 14 12 158 89 52 170 68 99 43 184 138 93 5 69 55 31 161 150 187 121 99 179 108 84 9 8 155 191 103 69 140 27 164 95 193 88 83 45 136 6 51 147 144 181 152 114 128 141 191 102 17 134 54 63 175 114 81 145 51 6 46 108 100 141 99 108 57 181 90
41 161 159 100 169 51 91 75 1 14 10 126 136 58 74 9 93 53 182 154 123 104 91 173 76 192 149 17 195 125 24 1 128 141 158 36 24 122 72 86 11 16 157 141 20 64 68 100 13 160 176 163 32 161 47 37 127 128 43 144 85 165 9 89 146 103 140 182 18 173 26 89 183 126 30 196 107 195 37 32 183 184 81 52 151 22 121 100 36 60 15 167 200 113 176 193 117 28 168 119 95 125 75 45 85 57 133 83 124 33 147 156 68 179 168 182 161 32 129 156 35 36 185 7 22 138 38 169
147 14 42 176 173 64 163 57 109 119 11 131 151 60 88 48 131 123 69 183 77 118 24 124 140 17 82 199 15 23 170 1 83 59 146 178 14 24 8 126 40 98 55 107 4 35 27 148 140 175 17 121 154 32 132 189 120 42 1 95 161 104 76 161 133 126 25 180 193 108 28 162 69 66 105 123 172 102 133 89 71 151 194 155 11 174 15 102 38 80 134 103 174 101 125 82 18 108 94 46 95 189 198 119 116 5 97 123 174 6 164 149 45 52 42 198 101 145 73 78 118 169 82 39 101 183 188 107
137 159 161 177 22 153 23 92 101 189 80 140 58 57 18 75 101 69 48 16 42 31 184 32 1 159 179 128 30 5 185 132 122 37 194 108 64 2 157 57 121 49 157 92 160 153 111 88 119 122 29 131 169 154 102 41 149 97 195 169 186 31 92 150 109 73 185 151 36 120 58 47 175 97 128 53 185 110 81 22 59 123 144 174 186 18 98 67 92 183 154 42 7 13 69 183 11 168 63 26 90 193 13 45 111 45 169 167 20 54 170 107 122 120 152 10 5 53 84 93 182 74 70 188 127 120 165 193
154 180 115 6 35 55 126 75 57 198 145 24 129 59 120 106 11 58 176 21 27 77 196 151 129 25 73 45 2 63 19 28 188 188 174 169 182 49 166 41 110 187 47 90 185 132 110 136 150 128 61 81 3 49 107 97 63 164 74 31 166 98 15 54 97 56 126 157 179 15 60 80 77 36 131 68 42 1 137 103 84 114 49 45 37 177 96 148 151 3 81 97 173 169 146 169 103 32 77 42 66 161 152 6 142 42 133 23 38 74 187 141 187 73 163 82 50 174 171 199 185 31 87 164 94 93 91 68
80 165 186 14 60 24 114 61 57 83 22 33 52 88 147 197 29 164 195 86 96 47 165 26 158 103 42 23 57 133 58 111 131 198 165 59 175 131 51 61 111 89 181 180 133 90 121 188 145 3 137 163 49 52 100 182 196 179 84 18 151 129 87 43 168 19 95 144 142 154 2 28 46 107 122 191 175 24 69 28 40 110 134 9 52 197 42 41 125 27 85 141 142 65 59 102 112 172 159 149 94 181 159 116 153 18 117 123 140 195 168 51 24 29 33 30 106 75 23 61 96 168 139 200 8 86 44 18
74 122 181 35 128 85 170 12 101 45 159 54 195 114 57 4 139 145 34 76 26 20 25 81 198 96 80 188 109 30 132 39 134 188 65 192 13 193 44 181 35 123 110 18 125 61 72 172 160 121 161 113 155 66 74 6 30 54 123 32 75 156 107 75 180 186 155 174 52 97 83 101 68 55 53 14 168 124 45 109 72 141 47 112 48 53 161 66 32 63 76 68 52 165 47 112 100 68 100 13 134 117 49 150 47 118 89 122 54 119 113 157 50 198 179 62 86 155 198 63 188 196 107 153 183 43 178 165
119 75 139 147 185 46 54 167 45 26 116 159 126 111 99 46 109 91 149 93 183 150 65 93 194 62 1 101 156 140 139 178 196 126 17 26 151 115 120 24 132 138 84 36 177 75 123 104 20 148 14 84 34 141 139 90 195 164 173 50 116 107 162 112 116 69 172 137 55 76 1 154 190 14 140 185 45 115 57 33 156 1 100 99 103 136 195 152 54 199 95 136 37 181 128 173 173 80 134 168 9 162 144 132 130 30 121 110 132 72 102 131 159 58 137 154 94 200 137 86 139 189 144 189 41 43 11 75
193 160 94 96 78 195 174 150 89 147 36 132 101 112 73 45 4 168 92 2 112 44 38 132 19 104 183 91 80 118 85 114 167 92 92 176 117 169 97 168 49 84 118 170 153 69 82 96 107 18 166 154 180 84 136 146 20 63 76 17 192 77 182 104 7 12 33 24 158 139 51 59 12 145 62 200 190 103 89 138 4 128 165 114 122 176 145 49 184 122 167 39 91 25 84 143 26 184 20 48 17 10 131 77 161 43 53 118 150 172 39 117 128 179 171 50 163 89 57 192 159 90 88 101 104 200 145 142
94 25 13 200 63 132 113 160 113 176 1 69 88 62 35 56 86 50 24 187 61 101 14 7 167 174 24 76 39 148 140 141 125 150 36 161 126 147 142 148 2 146 20 107 101 180 181 84 6 125 50 108 138 134 26 86 146 62 70 139 25 180 189 181 79 31 58 130 129 175 161 127 158 105 69 19 115 158 37 175 200 108 67 93 57 108 172 142 71 26 122 10 124 145 45 44 130 196 157 164 77 158 98 131 92 131 53 2 84 76 164 3 197 167 66 94 131 109 44 46 54 27 101 194 106 89 123 116
RRL