100
100 200
200 400
400 800
700 1400
1100 2200
1600 3200
2200 4400
2900 5800
3700 7400
4600 9200
5600 11200
6700 13400
7900 15800
9200 18400
10600 21200
12100 24200
13700 27400
15400 30800
17200 34400
19100 38200
21100 42200
23200 46400
25400 50800
27700 55400
30100 60200
32600 65200
35200 70400
37900 75800
40700 81400
43600 87200
46600 93200
49700 99400
52900 105800
56200 112400
59600 119200
63100 126200
66700 133400
70400 140800
74200 148400
78100 156200
82100 164200
86200 172400
90400 180800
94700 189400
99100 198200
103600 207200
108200 216400
112900 225800
117700 235400
122600 245200
127600 255200
132700 265400
137900 275800
143200 286400
148600 297200
154100 308200
159700 319400
165400 330800
171200 342400
177100 354200
183100 366200
189200 378400
195400 390800
201700 403400
208100 416200
214600 429200
221200 442400
227900 455800
234700 469400
241600 483200
248600 497200
255700 511400
262900 525800
270200 540400
277600 555200
285100 570200
292700 585400
300400 600800
308200 616400
316100 632200
324100 648200
332200 664400
340400 680800
348700 697400
357100 714200
365600 731200
374200 748400
382900 765800
391700 783400
400600 801200
409600 819200
418700 837400
427900 855800
437200 874400
446600 893200
456100 912200
465700 931400
475400 950800
485200 970400
495100 990200