100
100 100
200 220
300 320
400 420
500 520
600 620
700 720
800 820
900 920
1000 1020
1100 1120
1200 1220
1300 1320
1400 1420
1500 1520
1600 1620
1700 1720
1800 1820
1900 1920
2000 2020
2100 2120
2200 2220
2300 2320
2400 2420
2500 2520
2600 2620
2700 2720
2800 2820
2900 2920
3000 3020
3100 3120
3200 3220
3300 3320
3400 3420
3500 3520
3600 3620
3700 3720
3800 3820
3900 3920
4000 4020
4100 4120
4200 4220
4300 4320
4400 4420
4500 4520
4600 4620
4700 4720
4800 4820
4900 4920
5000 5020
5100 5120
5200 5220
5300 5320
5400 5420
5500 5520
5600 5620
5700 5720
5800 5820
5900 5920
6000 6020
6100 6120
6200 6220
6300 6320
6400 6420
6500 6520
6600 6620
6700 6720
6800 6820
6900 6920
7000 7020
7100 7120
7200 7220
7300 7320
7400 7420
7500 7520
7600 7620
7700 7720
7800 7820
7900 7920
8000 8020
8100 8120
8200 8220
8300 8320
8400 8420
8500 8520
8600 8620
8700 8720
8800 8820
8900 8920
9000 9020
9100 9120
9200 9220
9300 9320
9400 9420
9500 9520
9600 9620
9700 9720
9800 9820
9900 9920
10000 10020