1000
100 100
200 220
300 320
400 420
500 520
600 620
700 720
800 820
900 920
1000 1020
1100 1120
1200 1220
1300 1320
1400 1420
1500 1520
1600 1620
1700 1720
1800 1820
1900 1920
2000 2020
2100 2120
2200 2220
2300 2320
2400 2420
2500 2520
2600 2620
2700 2720
2800 2820
2900 2920
3000 3020
3100 3120
3200 3220
3300 3320
3400 3420
3500 3520
3600 3620
3700 3720
3800 3820
3900 3920
4000 4020
4100 4120
4200 4220
4300 4320
4400 4420
4500 4520
4600 4620
4700 4720
4800 4820
4900 4920
5000 5020
5100 5120
5200 5220
5300 5320
5400 5420
5500 5520
5600 5620
5700 5720
5800 5820
5900 5920
6000 6020
6100 6120
6200 6220
6300 6320
6400 6420
6500 6520
6600 6620
6700 6720
6800 6820
6900 6920
7000 7020
7100 7120
7200 7220
7300 7320
7400 7420
7500 7520
7600 7620
7700 7720
7800 7820
7900 7920
8000 8020
8100 8120
8200 8220
8300 8320
8400 8420
8500 8520
8600 8620
8700 8720
8800 8820
8900 8920
9000 9020
9100 9120
9200 9220
9300 9320
9400 9420
9500 9520
9600 9620
9700 9720
9800 9820
9900 9920
10000 10020
10100 10120
10200 10220
10300 10320
10400 10420
10500 10520
10600 10620
10700 10720
10800 10820
10900 10920
11000 11020
11100 11120
11200 11220
11300 11320
11400 11420
11500 11520
11600 11620
11700 11720
11800 11820
11900 11920
12000 12020
12100 12120
12200 12220
12300 12320
12400 12420
12500 12520
12600 12620
12700 12720
12800 12820
12900 12920
13000 13020
13100 13120
13200 13220
13300 13320
13400 13420
13500 13520
13600 13620
13700 13720
13800 13820
13900 13920
14000 14020
14100 14120
14200 14220
14300 14320
14400 14420
14500 14520
14600 14620
14700 14720
14800 14820
14900 14920
15000 15020
15100 15120
15200 15220
15300 15320
15400 15420
15500 15520
15600 15620
15700 15720
15800 15820
15900 15920
16000 16020
16100 16120
16200 16220
16300 16320
16400 16420
16500 16520
16600 16620
16700 16720
16800 16820
16900 16920
17000 17020
17100 17120
17200 17220
17300 17320
17400 17420
17500 17520
17600 17620
17700 17720
17800 17820
17900 17920
18000 18020
18100 18120
18200 18220
18300 18320
18400 18420
18500 18520
18600 18620
18700 18720
18800 18820
18900 18920
19000 19020
19100 19120
19200 19220
19300 19320
19400 19420
19500 19520
19600 19620
19700 19720
19800 19820
19900 19920
20000 20020
20100 20120
20200 20220
20300 20320
20400 20420
20500 20520
20600 20620
20700 20720
20800 20820
20900 20920
21000 21020
21100 21120
21200 21220
21300 21320
21400 21420
21500 21520
21600 21620
21700 21720
21800 21820
21900 21920
22000 22020
22100 22120
22200 22220
22300 22320
22400 22420
22500 22520
22600 22620
22700 22720
22800 22820
22900 22920
23000 23020
23100 23120
23200 23220
23300 23320
23400 23420
23500 23520
23600 23620
23700 23720
23800 23820
23900 23920
24000 24020
24100 24120
24200 24220
24300 24320
24400 24420
24500 24520
24600 24620
24700 24720
24800 24820
24900 24920
25000 25020
25100 25120
25200 25220
25300 25320
25400 25420
25500 25520
25600 25620
25700 25720
25800 25820
25900 25920
26000 26020
26100 26120
26200 26220
26300 26320
26400 26420
26500 26520
26600 26620
26700 26720
26800 26820
26900 26920
27000 27020
27100 27120
27200 27220
27300 27320
27400 27420
27500 27520
27600 27620
27700 27720
27800 27820
27900 27920
28000 28020
28100 28120
28200 28220
28300 28320
28400 28420
28500 28520
28600 28620
28700 28720
28800 28820
28900 28920
29000 29020
29100 29120
29200 29220
29300 29320
29400 29420
29500 29520
29600 29620
29700 29720
29800 29820
29900 29920
30000 30020
30100 30120
30200 30220
30300 30320
30400 30420
30500 30520
30600 30620
30700 30720
30800 30820
30900 30920
31000 31020
31100 31120
31200 31220
31300 31320
31400 31420
31500 31520
31600 31620
31700 31720
31800 31820
31900 31920
32000 32020
32100 32120
32200 32220
32300 32320
32400 32420
32500 32520
32600 32620
32700 32720
32800 32820
32900 32920
33000 33020
33100 33120
33200 33220
33300 33320
33400 33420
33500 33520
33600 33620
33700 33720
33800 33820
33900 33920
34000 34020
34100 34120
34200 34220
34300 34320
34400 34420
34500 34520
34600 34620
34700 34720
34800 34820
34900 34920
35000 35020
35100 35120
35200 35220
35300 35320
35400 35420
35500 35520
35600 35620
35700 35720
35800 35820
35900 35920
36000 36020
36100 36120
36200 36220
36300 36320
36400 36420
36500 36520
36600 36620
36700 36720
36800 36820
36900 36920
37000 37020
37100 37120
37200 37220
37300 37320
37400 37420
37500 37520
37600 37620
37700 37720
37800 37820
37900 37920
38000 38020
38100 38120
38200 38220
38300 38320
38400 38420
38500 38520
38600 38620
38700 38720
38800 38820
38900 38920
39000 39020
39100 39120
39200 39220
39300 39320
39400 39420
39500 39520
39600 39620
39700 39720
39800 39820
39900 39920
40000 40020
40100 40120
40200 40220
40300 40320
40400 40420
40500 40520
40600 40620
40700 40720
40800 40820
40900 40920
41000 41020
41100 41120
41200 41220
41300 41320
41400 41420
41500 41520
41600 41620
41700 41720
41800 41820
41900 41920
42000 42020
42100 42120
42200 42220
42300 42320
42400 42420
42500 42520
42600 42620
42700 42720
42800 42820
42900 42920
43000 43020
43100 43120
43200 43220
43300 43320
43400 43420
43500 43520
43600 43620
43700 43720
43800 43820
43900 43920
44000 44020
44100 44120
44200 44220
44300 44320
44400 44420
44500 44520
44600 44620
44700 44720
44800 44820
44900 44920
45000 45020
45100 45120
45200 45220
45300 45320
45400 45420
45500 45520
45600 45620
45700 45720
45800 45820
45900 45920
46000 46020
46100 46120
46200 46220
46300 46320
46400 46420
46500 46520
46600 46620
46700 46720
46800 46820
46900 46920
47000 47020
47100 47120
47200 47220
47300 47320
47400 47420
47500 47520
47600 47620
47700 47720
47800 47820
47900 47920
48000 48020
48100 48120
48200 48220
48300 48320
48400 48420
48500 48520
48600 48620
48700 48720
48800 48820
48900 48920
49000 49020
49100 49120
49200 49220
49300 49320
49400 49420
49500 49520
49600 49620
49700 49720
49800 49820
49900 49920
50000 50020
50100 50120
50200 50220
50300 50320
50400 50420
50500 50520
50600 50620
50700 50720
50800 50820
50900 50920
51000 51020
51100 51120
51200 51220
51300 51320
51400 51420
51500 51520
51600 51620
51700 51720
51800 51820
51900 51920
52000 52020
52100 52120
52200 52220
52300 52320
52400 52420
52500 52520
52600 52620
52700 52720
52800 52820
52900 52920
53000 53020
53100 53120
53200 53220
53300 53320
53400 53420
53500 53520
53600 53620
53700 53720
53800 53820
53900 53920
54000 54020
54100 54120
54200 54220
54300 54320
54400 54420
54500 54520
54600 54620
54700 54720
54800 54820
54900 54920
55000 55020
55100 55120
55200 55220
55300 55320
55400 55420
55500 55520
55600 55620
55700 55720
55800 55820
55900 55920
56000 56020
56100 56120
56200 56220
56300 56320
56400 56420
56500 56520
56600 56620
56700 56720
56800 56820
56900 56920
57000 57020
57100 57120
57200 57220
57300 57320
57400 57420
57500 57520
57600 57620
57700 57720
57800 57820
57900 57920
58000 58020
58100 58120
58200 58220
58300 58320
58400 58420
58500 58520
58600 58620
58700 58720
58800 58820
58900 58920
59000 59020
59100 59120
59200 59220
59300 59320
59400 59420
59500 59520
59600 59620
59700 59720
59800 59820
59900 59920
60000 60020
60100 60120
60200 60220
60300 60320
60400 60420
60500 60520
60600 60620
60700 60720
60800 60820
60900 60920
61000 61020
61100 61120
61200 61220
61300 61320
61400 61420
61500 61520
61600 61620
61700 61720
61800 61820
61900 61920
62000 62020
62100 62120
62200 62220
62300 62320
62400 62420
62500 62520
62600 62620
62700 62720
62800 62820
62900 62920
63000 63020
63100 63120
63200 63220
63300 63320
63400 63420
63500 63520
63600 63620
63700 63720
63800 63820
63900 63920
64000 64020
64100 64120
64200 64220
64300 64320
64400 64420
64500 64520
64600 64620
64700 64720
64800 64820
64900 64920
65000 65020
65100 65120
65200 65220
65300 65320
65400 65420
65500 65520
65600 65620
65700 65720
65800 65820
65900 65920
66000 66020
66100 66120
66200 66220
66300 66320
66400 66420
66500 66520
66600 66620
66700 66720
66800 66820
66900 66920
67000 67020
67100 67120
67200 67220
67300 67320
67400 67420
67500 67520
67600 67620
67700 67720
67800 67820
67900 67920
68000 68020
68100 68120
68200 68220
68300 68320
68400 68420
68500 68520
68600 68620
68700 68720
68800 68820
68900 68920
69000 69020
69100 69120
69200 69220
69300 69320
69400 69420
69500 69520
69600 69620
69700 69720
69800 69820
69900 69920
70000 70020
70100 70120
70200 70220
70300 70320
70400 70420
70500 70520
70600 70620
70700 70720
70800 70820
70900 70920
71000 71020
71100 71120
71200 71220
71300 71320
71400 71420
71500 71520
71600 71620
71700 71720
71800 71820
71900 71920
72000 72020
72100 72120
72200 72220
72300 72320
72400 72420
72500 72520
72600 72620
72700 72720
72800 72820
72900 72920
73000 73020
73100 73120
73200 73220
73300 73320
73400 73420
73500 73520
73600 73620
73700 73720
73800 73820
73900 73920
74000 74020
74100 74120
74200 74220
74300 74320
74400 74420
74500 74520
74600 74620
74700 74720
74800 74820
74900 74920
75000 75020
75100 75120
75200 75220
75300 75320
75400 75420
75500 75520
75600 75620
75700 75720
75800 75820
75900 75920
76000 76020
76100 76120
76200 76220
76300 76320
76400 76420
76500 76520
76600 76620
76700 76720
76800 76820
76900 76920
77000 77020
77100 77120
77200 77220
77300 77320
77400 77420
77500 77520
77600 77620
77700 77720
77800 77820
77900 77920
78000 78020
78100 78120
78200 78220
78300 78320
78400 78420
78500 78520
78600 78620
78700 78720
78800 78820
78900 78920
79000 79020
79100 79120
79200 79220
79300 79320
79400 79420
79500 79520
79600 79620
79700 79720
79800 79820
79900 79920
80000 80020
80100 80120
80200 80220
80300 80320
80400 80420
80500 80520
80600 80620
80700 80720
80800 80820
80900 80920
81000 81020
81100 81120
81200 81220
81300 81320
81400 81420
81500 81520
81600 81620
81700 81720
81800 81820
81900 81920
82000 82020
82100 82120
82200 82220
82300 82320
82400 82420
82500 82520
82600 82620
82700 82720
82800 82820
82900 82920
83000 83020
83100 83120
83200 83220
83300 83320
83400 83420
83500 83520
83600 83620
83700 83720
83800 83820
83900 83920
84000 84020
84100 84120
84200 84220
84300 84320
84400 84420
84500 84520
84600 84620
84700 84720
84800 84820
84900 84920
85000 85020
85100 85120
85200 85220
85300 85320
85400 85420
85500 85520
85600 85620
85700 85720
85800 85820
85900 85920
86000 86020
86100 86120
86200 86220
86300 86320
86400 86420
86500 86520
86600 86620
86700 86720
86800 86820
86900 86920
87000 87020
87100 87120
87200 87220
87300 87320
87400 87420
87500 87520
87600 87620
87700 87720
87800 87820
87900 87920
88000 88020
88100 88120
88200 88220
88300 88320
88400 88420
88500 88520
88600 88620
88700 88720
88800 88820
88900 88920
89000 89020
89100 89120
89200 89220
89300 89320
89400 89420
89500 89520
89600 89620
89700 89720
89800 89820
89900 89920
90000 90020
90100 90120
90200 90220
90300 90320
90400 90420
90500 90520
90600 90620
90700 90720
90800 90820
90900 90920
91000 91020
91100 91120
91200 91220
91300 91320
91400 91420
91500 91520
91600 91620
91700 91720
91800 91820
91900 91920
92000 92020
92100 92120
92200 92220
92300 92320
92400 92420
92500 92520
92600 92620
92700 92720
92800 92820
92900 92920
93000 93020
93100 93120
93200 93220
93300 93320
93400 93420
93500 93520
93600 93620
93700 93720
93800 93820
93900 93920
94000 94020
94100 94120
94200 94220
94300 94320
94400 94420
94500 94520
94600 94620
94700 94720
94800 94820
94900 94920
95000 95020
95100 95120
95200 95220
95300 95320
95400 95420
95500 95520
95600 95620
95700 95720
95800 95820
95900 95920
96000 96020
96100 96120
96200 96220
96300 96320
96400 96420
96500 96520
96600 96620
96700 96720
96800 96820
96900 96920
97000 97020
97100 97120
97200 97220
97300 97320
97400 97420
97500 97520
97600 97620
97700 97720
97800 97820
97900 97920
98000 98020
98100 98120
98200 98220
98300 98320
98400 98420
98500 98520
98600 98620
98700 98720
98800 98820
98900 98920
99000 99020
99100 99120
99200 99220
99300 99320
99400 99420
99500 99520
99600 99620
99700 99720
99800 99820
99900 99920
100000 100020