20
9
263990764 493576291 868650878 302185802 945742288 773715195 423445788 706179956 376774764
14
759132272 101032069 196839868 84357847 141167153 839692411 258320569 994559991 837656883 969906637 170297881 106631092 515012464 416412612
13
558881431 257979863 481472398 766244149 759376423 890579507 243864262 625470016 925732799 778951162 486637624 688220491 282300605
11
389293656 866179329 798738419 856254946 475000426 262177104 158337088 264184470 860526384 920381843 102467947
7
763571031 388750155 939683769 336652904 552601712 950900147 897737843
15
332446909 62435525 703261239 838942143 269479774 446803567 529015787 898997372 748023248 827935021 900352332 370038849 149759557 540175570 954672505
6
210491108 436177017 887976148 275045972 914205146 84284456
13
206961335 285877445 69877046 857282547 202485601 953133096 168975196 941158138 150896815 286746362 84431815 871841317 841231780
10
654686122 417201287 878604089 516741176 280376196 60395414 222444625 12734755 578620347 883319840
10
649398789 808176889 298388983 391883778 42192235 800835873 877870378 855703932 674537150 738307774
8
811306911 331681486 428452291 48946084 188037258 362248086 782104145 458772305
12
152119426 156548568 504549983 459873696 325484489 125527201 678117248 973666230 784970810 746987042 84176233 259135002
11
76755493 749036942 852023129 22993880 195938077 117783584 571205498 523130636 328251520 931280605 695653772
6
497648518 209338146 592844926 161270162 34712934 852570895
8
776452654 212126932 201656238 524633596 45889958 921527855 968285568 574084160
15
319683919 835081201 333541890 932278509 762085161 785452641 607141870 835847649 130467506 666238784 536488513 797929630 205387344 461801768 609164040
4
459775127 713519151 241704532 114045589
2
875932979 796031493
13
576453820 38237206 888945996 982689390 850070943 471298607 354111342 264909204 718486685 329264551 715198809 876568664 887828281
15
78303203 228262613 458127380 385943842 36076450 442092767 876546466 3287505 901816836 638648337 284702084 45779041 409530328 882524694 903206272