100
34 37 28 16 44 36 37 43 50 22 13 28 41 10 14 27 41 27 23 37 12 19 18 30 33 31 13 24 18 36 30 3 23 9 20 18 44 7 12 43 30 24 22 20 35 38 49 25 16 21 14 27 42 31 7 24 13 21 47 32 6 26 35 28 37 6 47 30 14 8 25 46 33 46 15 18 35 15 44 1 38 9 27 29 39 35 4 2 5 50 33 11 27 19 40 13 27 37 45 40 
200
2634
2633
2632
2631
2630
2629
2628
2627
2626
2625
2624
2623
2622
2621
2620
2619
2618
2617
2616
2615
2614
2613
2612
2611
2610
2609
2608
2607
2606
2605
2604
2603
2602
2601
2600
2599
2598
2597
2596
2595
2594
2593
2592
2591
2590
2589
2588
2587
2586
2585
2584
2583
2582
2581
2580
2579
2578
2577
2576
2575
2574
2573
2572
2571
2570
2569
2568
2567
2566
2565
2564
2563
2562
2561
2560
2559
2558
2557
2556
2555
2554
2553
2552
2551
2550
2549
2548
2547
2546
2545
2544
2543
2542
2541
2540
2539
2538
2537
2536
2535
2534
2533
2532
2531
2530
2529
2528
2527
2526
2525
2524
2523
2522
2521
2520
2519
2518
2517
2516
2515
2514
2513
2512
2511
2510
2509
2508
2507
2506
2505
2504
2503
2502
2501
2500
2499
2498
2497
2496
2495
2494
2493
2492
2491
2490
2489
2488
2487
2486
2485
2484
2483
2482
2481
2480
2479
2478
2477
2476
2475
2474
2473
2472
2471
2470
2469
2468
2467
2466
2465
2464
2463
2462
2461
2460
2459
2458
2457
2456
2455
2454
2453
2452
2451
2644
2449
2448
2447
2446
2445
2444
2443
2442
2441
2440
2439
2438
2437
2644
2435
