13 29
594
1 15 5 19
6 5 0 22
2 24 7 17
0 14 3 20
9 28 1 3
12 11 12 23
11 11 5 23
11 23 7 5
7 3 4 27
9 25 1 24
2 18 12 26
10 6 6 16
12 9 6 7
7 12 10 7
5 24 0 26
6 23 11 16
0 12 9 16
12 6 12 24
6 16 10 2
9 22 5 21
5 9 8 4
4 12 0 15
8 28 8 12
6 5 8 18
12 13 6 10
6 28 7 5
1 11 9 9
8 21 3 26
3 9 12 22
9 5 10 16
7 18 12 0
2 7 8 10
5 9 10 8
11 4 1 17
10 14 8 9
2 1 12 3
6 19 9 17
3 21 4 0
2 3 10 15
11 14 9 12
11 9 8 17
8 28 0 23
0 8 8 25
8 9 11 26
10 6 12 9
0 15 12 7
11 1 7 25
7 19 8 11
7 19 4 28
11 27 10 6
6 11 9 10
3 21 9 27
11 24 2 10
3 10 6 0
5 22 4 10
5 23 1 19
4 1 10 27
11 20 11 17
10 1 4 16
7 3 1 13
11 16 5 22
2 2 1 5
5 5 10 24
2 15 3 8
1 18 3 0
0 9 7 28
6 14 11 7
3 3 11 22
8 7 12 16
6 25 3 26
11 2 12 1
0 5 8 13
12 10 8 20
4 23 1 15
2 2 8 8
12 28 4 19
3 10 9 11
3 0 6 10
12 12 10 18
9 11 6 26
9 5 12 20
1 15 11 16
12 17 0 7
4 25 1 28
5 11 11 18
0 18 1 6
1 14 12 19
0 24 12 1
7 15 5 15
5 24 3 12
8 25 10 2
12 12 4 19
12 21 7 15
4 2 8 25
12 7 3 0
2 11 7 25
5 1 6 4
1 13 1 11
7 23 1 12
7 11 10 19
0 14 12 14
5 8 7 22
1 13 0 24
10 23 8 6
6 20 7 27
7 26 11 27
5 19 12 4
3 23 1 17
9 21 10 15
5 17 11 16
7 1 0 10
2 17 4 8
12 25 9 23
12 12 12 28
2 8 11 4
10 27 12 13
12 23 2 0
3 20 1 6
5 8 9 11
7 21 12 13
10 1 3 12
8 5 6 3
8 28 2 0
6 18 2 22
5 8 5 27
8 27 10 21
3 28 7 4
4 10 1 9
0 0 6 12
12 9 4 28
3 17 5 1
3 8 1 21
9 17 9 5
2 16 11 21
5 4 8 20
3 7 8 7
7 5 12 11
8 9 12 0
12 21 1 22
10 7 9 3
9 15 5 17
9 9 2 26
6 25 3 16
4 3 2 24
7 26 12 22
11 1 9 27
11 13 4 15
11 1 5 18
5 21 9 11
5 8 8 0
4 9 8 23
8 2 7 10
11 5 6 13
12 1 5 3
2 6 6 24
8 7 12 21
6 5 9 8
10 5 12 17
10 22 2 16
8 9 0 20
9 21 4 3
9 9 9 12
10 14 2 4
0 13 9 22
4 1 1 12
8 1 11 0
8 20 12 3
11 13 1 20
7 5 9 25
1 14 0 9
1 10 1 17
10 20 7 14
2 6 2 14
5 26 5 25
2 14 3 26
1 26 10 3
9 21 3 11
9 10 3 18
0 27 9 27
4 3 6 11
9 9 1 23
7 7 7 27
9 3 5 0
6 20 4 1
7 23 3 9
3 21 12 1
0 10 4 24
1 13 3 18
6 8 4 12
7 12 8 27
6 11 11 10
0 3 3 1
3 0 1 20
7 26 0 3
3 24 4 28
1 17 2 10
5 17 2 12
7 24 7 14
2 23 4 0
12 3 11 11
0 7 9 5
12 7 0 14
7 4 2 23
10 10 3 5
1 20 8 21
10 17 1 28
3 10 9 20
5 10 11 25
0 5 3 13
5 14 12 14
9 17 0 10
12 12 10 16
5 7 2 22
1 25 2 0
11 25 4 13
4 0 5 15
11 4 8 8
4 0 9 15
5 21 1 10
1 10 4 3
4 3 9 26
6 0 11 13
11 12 12 22
6 5 10 22
0 3 0 0
10 3 7 1
7 17 4 17
11 6 10 27
9 22 10 24
9 14 3 1
6 24 10 25
0 7 6 12
0 12 11 0
10 25 10 10
7 14 7 4
0 20 8 26
6 13 1 17
0 21 9 12
7 21 9 8
7 3 8 10
0 11 8 5
9 13 0 4
10 19 6 14
3 4 3 3
10 12 6 5
0 21 8 28
4 27 10 6
6 15 2 3
7 11 6 17
8 26 7 21
8 23 9 21
1 19 3 14
6 16 10 11
7 11 0 9
2 9 4 14
2 5 1 15
0 18 10 6
10 21 1 3
2 18 6 9
12 6 6 9
5 9 3 5
4 20 10 19
9 12 4 20
6 14 1 15
12 19 5 24
5 20 3 16
10 23 6 20
0 10 10 22
9 24 9 27
5 21 6 3
1 27 10 16
12 19 3 15
12 26 10 26
5 26 11 23
5 5 1 18
12 25 2 6
7 27 0 8
1 21 12 14
4 12 11 6
1 1 12 1
1 21 1 1
11 6 7 17
0 18 7 1
2 16 6 22
0 5 3 19
0 28 2 28
9 9 10 3
2 1 8 28
0 22 11 18
11 14 0 3
11 25 4 19
12 22 2 5
6 3 1 10
2 2 10 27
7 16 9 18
10 25 2 0
12 21 1 5
12 26 11 1
7 25 12 9
7 20 8 19
9 8 12 21
11 9 11 4
9 1 5 12
8 5 7 10
10 6 9 12
10 8 11 23
11 1 5 8
9 2 9 15
10 25 12 22
12 4 1 14
7 26 7 3
12 9 4 16
8 27 7 10
11 12 7 21
11 0 10 27
10 23 12 12
2 8 3 26
12 0 7 15
8 22 0 12
8 13 6 3
12 9 0 3
1 15 3 5
9 18 10 8
6 0 12 6
12 14 3 13
0 10 5 27
1 12 10 23
4 14 8 18
12 15 4 6
11 25 11 19
8 11 3 9
4 27 7 1
3 25 0 17
9 26 1 14
12 23 0 0
11 25 4 5
8 22 3 9
5 26 9 14
0 27 1 9
1 20 10 13
0 1 11 23
4 8 6 27
6 1 4 13
4 20 9 18
6 7 1 17
11 9 6 3
7 12 3 7
3 3 11 27
6 17 8 4
3 28 9 14
6 1 11 27
8 1 1 23
9 8 8 27
9 7 7 23
1 24 9 21
12 15 4 0
1 3 7 2
12 14 9 10
6 0 8 6
1 21 10 24
3 7 0 12
4 20 8 7
7 15 9 16
1 27 7 11
12 9 9 3
3 17 0 4
5 2 1 27
9 20 0 11
4 9 2 12
9 26 1 7
4 5 6 11
1 0 5 13
6 13 10 18
1 18 2 3
11 7 9 16
4 7 4 14
6 16 6 8
6 24 0 8
8 23 10 15
9 27 2 4
5 0 11 14
6 25 0 17
3 23 12 27
10 24 2 16
2 1 12 24
3 10 8 7
9 22 5 9
1 24 9 27
6 28 8 5
4 11 11 23
3 15 11 16
12 3 6 11
4 28 1 13
10 6 6 27
2 10 9 19
8 23 4 3
9 9 11 17
7 6 9 9
11 13 6 7
10 21 6 3
6 2 9 28
12 15 2 15
7 8 3 27
2 22 9 15
0 25 1 5
7 16 11 21
2 26 0 20
12 19 12 17
1 10 12 11
2 7 2 3
9 24 9 24
7 5 7 20
10 26 11 0
10 21 8 22
2 25 12 27
7 14 4 9
6 20 6 5
4 9 10 23
12 9 1 20
3 12 10 8
10 24 8 3
8 6 3 20
5 1 5 2
8 26 4 5
1 7 1 12
2 14 3 21
11 14 2 25
1 2 8 17
7 21 6 0
9 28 4 14
8 28 0 1
6 13 9 6
1 21 7 7
0 8 10 26
4 10 10 22
6 8 11 11
1 19 8 22
8 24 2 22
4 0 7 14
12 23 6 5
7 19 11 3
4 7 9 28
2 14 11 23
2 3 9 14
3 2 4 16
3 5 3 14
0 9 5 23
7 12 0 28
4 26 10 5
10 3 1 20
9 3 0 25
2 24 5 14
2 25 5 28
5 16 2 18
7 18 0 15
4 26 0 9
9 1 1 20
12 22 1 23
8 7 1 25
5 15 3 16
12 24 9 2
8 1 5 16
11 6 7 5
3 17 5 23
6 4 11 19
9 5 7 17
5 1 1 25
5 13 10 2
8 6 9 7
10 1 12 28
10 14 6 3
10 8 11 7
7 22 8 5
0 25 1 9
12 23 3 2
8 23 9 6
12 15 4 8
10 19 11 0
8 12 5 17
12 20 5 1
5 9 2 11
8 3 2 24
4 14 12 16
7 12 5 15
5 16 0 15
4 22 0 26
7 3 12 6
2 5 9 2
5 27 3 4
7 8 9 12
7 13 7 11
12 7 3 24
5 0 4 3
11 3 11 1
4 6 2 3
1 19 4 22
5 5 7 21
0 0 11 25
1 17 1 3
8 6 12 27
6 16 10 16
9 16 7 9
7 17 8 11
7 1 8 3
10 6 8 22
12 13 9 5
3 16 3 7
1 8 9 17
10 17 8 23
12 16 4 22
6 23 2 17
6 28 0 18
0 20 4 17
7 14 2 1
2 13 12 0
2 25 8 27
10 26 6 2
5 2 0 7
0 24 12 24
4 5 2 28
10 0 11 26
6 8 12 17
8 11 3 27
3 2 3 0
12 20 4 3
10 8 9 22
7 14 0 27
12 3 8 12
0 14 5 8
11 28 12 5
9 28 7 27
5 6 5 3
7 14 4 25
3 21 12 13
11 3 4 22
10 28 7 1
6 25 3 15
6 18 4 20
10 20 6 8
9 10 9 27
2 23 5 22
6 26 6 4
12 9 7 5
2 14 1 25
4 12 12 25
0 2 7 19
8 7 4 5
4 1 2 9
5 2 8 22
6 26 9 17
0 9 8 27
7 0 4 0
9 14 8 0
10 16 5 20
3 2 7 20
12 14 11 24
6 21 0 12
2 25 5 9
7 3 7 9
9 19 6 11
10 12 5 16
12 16 1 8
4 2 3 21
11 22 10 14
9 14 8 26
3 14 10 9
5 12 12 4
11 12 10 14
11 17 6 6
10 1 12 20
11 11 0 0
3 1 2 9
8 17 3 9
11 20 7 2
8 20 3 0
9 1 2 27
9 28 0 4
0 21 10 12
4 5 5 18
3 7 0 27
7 2 8 6
10 23 4 16
8 28 5 4
3 24 7 16
0 16 0 0
9 19 1 14
7 22 6 5
9 25 6 28
10 14 1 6
2 10 2 13
6 1 8 23
4 12 12 20
6 27 1 20
4 18 11 17