93 82
180
19 70 42 7
90 41 28 8
39 9 66 37
47 72 9 39
19 57 52 46
71 14 73 44
69 56 88 72
7 28 22 1
29 61 87 77
24 45 33 55
82 44 68 51
31 20 0 68
29 77 83 13
4 29 71 2
64 40 50 53
76 73 16 70
54 56 71 69
31 32 85 68
47 23 72 2
37 79 69 65
5 53 20 12
22 45 0 3
79 18 21 3
9 36 81 62
4 2 54 21
0 31 12 59
92 39 21 16
3 57 63 26
28 20 80 3
47 22 67 18
66 19 36 51
42 42 62 49
80 30 84 50
45 63 13 69
46 2 44 46
28 63 61 30
32 9 1 28
71 30 14 4
8 23 11 80
90 67 47 72
59 80 66 67
73 57 30 23
85 4 63 36
91 69 27 2
7 78 67 1
29 1 38 80
37 73 77 52
37 3 11 60
36 33 83 9
61 28 20 53
50 77 16 75
84 29 35 58
73 47 61 5
50 33 62 72
54 8 63 65
80 35 7 16
37 48 14 33
58 7 63 72
10 46 66 37
11 74 39 76
11 72 60 12
29 6 10 62
88 35 81 64
83 19 65 35
66 15 22 40
69 46 61 33
54 41 40 81
84 61 16 51
76 23 7 42
88 26 64 20
7 14 26 39
45 23 16 18
79 61 67 64
4 21 4 38
88 6 13 71
28 23 33 49
40 0 37 10
50 19 28 42
22 78 66 17
43 64 89 8
88 31 83 59
40 28 50 67
22 79 39 66
33 65 87 3
18 80 12 67
66 46 88 51
32 33 87 31
84 74 78 36
89 23 18 26
37 13 15 79
83 22 33 11
83 30 79 30
39 19 70 4
10 31 56 13
16 46 62 19
40 23 57 56
88 68 91 33
9 43 78 24
71 56 19 42
68 9 50 34
0 55 22 51
67 62 92 49
16 59 88 74
16 54 5 57
55 45 36 63
20 50 50 41
50 33 46 67
45 52 18 3
59 76 19 15
71 48 82 10
65 43 52 54
66 24 44 23
58 30 32 12
60 58 60 52
10 73 85 44
47 30 11 28
22 72 16 38
16 57 70 20
50 25 88 72
33 36 14 43
27 20 35 2
24 56 51 69
87 55 26 79
22 18 51 39
18 69 6 22
30 63 39 51
28 15 35 20
24 79 80 81
1 33 8 40
66 46 29 64
35 70 88 7
91 2 12 48
27 44 60 73
18 8 52 35
72 81 44 51
40 39 89 30
0 35 6 49
57 10 70 35
19 54 35 23
79 19 4 20
27 55 80 63
34 60 12 41
29 79 51 23
32 28 28 33
82 34 43 29
82 71 80 16
56 48 4 37
8 56 79 71
6 41 75 69
33 43 8 71
39 67 52 79
34 33 12 61
46 68 43 37
72 27 39 9
76 60 55 9
55 41 79 2
27 48 89 63
78 80 44 66
77 6 86 43
6 66 58 47
20 77 15 64
92 27 25 28
15 66 30 33
29 67 66 59
39 74 79 4
49 21 92 28
66 45 35 69
0 10 20 38
52 64 82 42
2 29 13 20
80 51 85 14
77 4 52 61
25 47 35 15
53 49 80 69
55 8 46 10
47 49 25 77
85 27 83 67
68 23 22 27
48 51 33 66
84 4 37 8