10000
48825
15277
21686
27955
41139
93199
60249
6139
6619
88292
7637
97373
75413
17778
81827
12510
12017
98415
87784
73497
68349
53338
80682
28290
61243
53925
19763
39182
25868
19699
12509
79977
65826
63356
36187
91504
34406
88759
44443
87304
37298
11326
26408
31068
49565
31485
60706
92658
83023
54027
30049
3886
30748
8346
3567
19163
13996
24443
31579
11596
30892
36529
52218
30353
59109
53411
54140
61772
75333
87457
31364
93149
32875
52690
50589
70314
58379
18281
9301
65840
64587
64543
26640
35662
82552
244
34344
98009
36393
40232
13515
28702
59799
50929
40512
87270
38481
73586
36070
56667
61215
15232
71261
36246
49825
38699
26276
2090
52768
9590
14865
55156
72150
50768
19558
88153
62905
95557
49054
18603
15445
12780
41230
58395
66073
13217
60127
34789
61724
87332
49158
1278
73960
67082
20285
81705
78956
8824
22830
25848
2832
7909
53824
75906
91734
89900
78731
91604
43261
82741
93852
98708
39454
85133
77965
15971
25341
88802
9355
22012
17867
58404
25763
74857
25384
1196
34032
29127
22906
86167
94988
87810
13559
70742
71477
78860
13713
55142
814
1394
40507
62251
67281
43706
18186
52322
74006
99512
72331
24906
30909
95897
85931
79418
42385
77214
50513
89285
9444
33407
98358
40236
52913
65879
50133
49062
19710
56960
13629
33440
61731
7210
60882
23728
10688
56155
92134
85734
10819
30283
49883
3402
29493
98533
98833
34021
66806
32221
77288
13082
75811
3731
2772
63196
97309
79499
92809
61681
2836
38324
48790
95897
14577
34279
73495
99709
62007
73501
72453
83551
73416
40611
32786
63160
52523
83755
89817
1229
34492
71144
56791
78445
94984
25778
15403
76499
80981
84795
22147
36453
87332
19181
19811
22634
19398
92746
1148
76210
51968
82464
84038
30731
74013
50202
15245
87035
12124
91098
78394
75208
17549
75311
64915
79997
69421
18912
91083
78931
74359
4743
27037
2904
45314
16989
30278
86451
79115
30511
6490
17479
39242
81332
98440
25233
78814
65540
50351
12603
17739
19424
13880
42776
9868
35655
53329
63211
37347
53496
9155
73340
2444
14817
19168
79472
16205
49946
31908
98775
19375
32810
39854
98511
77283
51381
31044
45745
68892
29603
36053
32669
46629
89791
71752
61557
56854
30499
77448
23198
80882
93621
35775
44593
53235
77618
85743
28528
69446
56179
10046
76392
55887
6048
41005
68677
10287
62297
96292
82411
80299
53913
98698
25620
6900
48250
95217
7575
48129
58543
40467
51191
57266
32164
50654
62006
4941
72669
13844
53564
93931
33747
12826
6506
44051
17556
12780
79901
51979
79696
86515
45776
65341
42616
48709
11911
81876
43706
5683
62431
58014
72390
38567
69578
37616
55367
26897
61672
27005
1736
62368
67865
44229
93872
52311
96932
68090
67332
27734
9564
35515
65224
95700
96185
15218
52314
52888
22271
44461
19089
78660
76402
64093
99777
45470
75869
62650
62257
44350
33055
60190
26764
22295
34284
59150
22862
68907
54189
43252
68542
22292
89802
55087
32564
48929
99430
13067
76606
87949
29202
5748
59790
91602
69076
9734
12643
27115
78403
62970
1208
85589
77184
59612
92608
8684
86057
59918
11703
53438
9880
73170
86498
99594
95456
30581
8849
90003
68467
27693
559
36842
92406
75592
10500
86027
95990
72089
13794
20618
22611
25722
9494
4874
85084
71610
1591
24239
97375
97308
86399
62549
80470
21786
95063
10222
80165
51403
8257
11506
30985
12407
5609
26910
47514
40175
58128
48514
46482
9800
76229
37377
20235
76087
33008
15919
84722
34193
11082
55309
5990
90745
27113
68586
72353
83574
3829
18930
61732
81553
94725
19680
73130
37423
32330
94291
4760
44148
6074
31685
43070
85066
56137
70926
85828
10155
69036
69143
83352
82409
85800
92686
29769
59101
71078
44966
64315
48494
32860
1985
7281
20665
58975
40234
93976
97042
23561
42760
50258
52931
25166
19717
55291
44256
12670
84385
63807
58112
8194
76393
17008
30223
23100
34889
73741
24302
47124
60782
57906
38808
86470
55677
53669
54444
63422
18361
69362
52796
58388
70179
91130
32896
4744
24947
93207
24956
675
61142
98953
53583
78726
19518
83082
46549
14063
62712
30899
10284
15454
32141
31362
21497
19010
13166
43626
91059
88484
50153
54950
30624
9902
55350
36372
50108
87906
34701
88336
59063
18768
5461
45430
56493
43322
50618
46830
39876
13574
4166
97122
60154
67930
8006
30201
39749
75604
35479
97055
78753
49312
23970
955
83853
73053
62837
78841
17094
49401
22354
9366
91760
20389
77960
9180
5259
1148
80105
27083
75186
48758
80496
90225
17852
29226
88444
50433
62390
18720
28005
85455
97099
7303
79007
97064
63325
6714
13019
73255
65465
1356
46534
1560
1414
99512
46933
16896
14541
55431
19848
47688
67189
88545
2051
52543
66105
14630
70578
51781
80822
94159
51630
27683
83794
56939
68633
48182
51967
16279
97337
26660
44273
16228
46869
71738
1616
72687
40800
67321
36102
42719
33227
62386
380
15232
97283
94187
51842
93045
96476
17022
8119
52804
25452
82977
42143
16178
91383
74189
9158
78747
97261
10985
24301
70278
5586
76280
50737
3726
67579
23822
68238
79041
81822
31649
36970
84269
6921
48601
49781
97033
90156
85967
87600
3553
95578
61354
43465
63045
66634
88915
54753
52590
1387
71421
56534
70104
96022
50904
57791
95648
86784
85671
50139
6015
26880
6689
15041
49138
41503
72009
56940
52673
7717
75134
70638
11223
27551
20974
93335
22540
63421
28993
1676
36572
88749
52488
82757
36865
98822
62887
87252
80465
65050
76353
56962
73575
63802
78938
4984
28649
15006
76359
38608
60994
52610
56090
34643
48131
75794
7966
33994
82084
59637
78153
45321
60142
94623
89779
7880
81061
97865
18640
25022
53250
50503
18610
23899
74423
34151
27820
47571
34409
14731
57751
90651
67142
78427
22016
82737
92825
44812
9284
54688
28367
19898
59479
27185
78456
19447
10454
72792
1859
20176
32160
74556
69973
16899
19673
10449
12394
43130
49066
50687
55197
92390
41780
90186
65226
36874
86845
77671
24585
9634
23678
16443
48027
81534
27498
20076
98861
4455
29784
46773
37688
40136
4192
25157
86783
98702
52985
3856
3425
12361
73969
81223
83382
46196
79346
47277
13736
42347
66812
96944
15821
11080
96445
25779
49950
28371
46313
53122
76194
23557
64346
29621
29052
31326
73952
65348
98118
17068
14271
95182
36894
78670
50061
60868
63635
38043
80822
30580
89033
9988
86026
79932
25770
78486
59837
77
3399
1235
88246
86311
28920
86884
57809
9038
12330
43352
64547
66418
43284
13570
11321
7542
86000
33135
42510
10357
31077
82111
29737
67627
17244
6838
78128
31739
77537
22928
10249
75786
60626
44389
99757
99633
4471
3310
55603
43168
54005
48805
54397
8835
39502
9326
21453
65480
67867
44884
86073
11546
99785
70119
36262
62950
10291
23846
70250
6389
7508
29749
48009
80759
41558
54882
13850
17254
82908
59182
1894
20673
49389
28750
36312
59549
45406
90365
37868
7964
82826
42659
48536
91287
19901
17540
75014
75205
29793
57278
61824
75745
99372
62289
90101
93891
46746
44060
18398
90699
44528
59112
9719
81884
88674
85939
24479
76339
19547
77555
78943
45210
61267
25416
17815
91066
78564
46612
51178
14218
68111
39818
93451
890
13945
75217
87672
87425
69561
10315
32874
59364
5401
2338
61446
26815
82792
49650
44693
27977
95771
19856
65533
67211
25886
9615
25536
5437
84194
49485
45043
82994
14231
2163
86327
4174
34602
52014
40714
85223
1719
24905
10831
59098
75069
22509
29737
48766
9912
12244
64492
98389
71240
62369
22969
21561
65669
58088
60795
75594
12449
50039
58969
67988
11144
11177
82492
85200
8674
13606
40057
58887
14397
43727
92848
21895
95661
76819
38973
98609
16123
72175
6626
7724
64005
97564
94156
45285
68003
15378
19408
60755
16660
17041
34523
25626
19612
14053
78256
21136
57913
58328
99037
60785
90488
45035
81389
77343
9295
934
34573
28043
95058
25424
50000
63868
19518
51876
53062
98334
47859
76957
30424
76112
66973
93159
34646
42118
23341
2171
50555
70103
51
2891
50723
70192
31717
55628
19317
96387
45708
21073
65941
93826
79720
3732
58941
59220
53040
58552
60528
97421
86287
87755
73249
93328
69459
85515
4711
64898
15605
99289
64335
92741
37483
31582
16548
32365
30571
33300
28282
70077
95927
49820
95800
34372
948
87857
5451
61307
84296
71828
34064
4549
69636
66472
52968
58874
79242
65484
79264
35627
43197
26967
47910
13033
9914
4635
46486
4283
28278
75442
27524
78419
75788
95776
54464
54796
65239
81914
19628
35460
9980
19505
24564
78149
23413
37405
86063
6117
84556
19138
25617
96496
100
72749
77064
48697
14951
67169
47882
67254
58842
50408
36138
5026
47340
31376
45454
8147
20106
72574
7282
25740
9941
67820
59595
14045
71597
23129
63053
38710
86795
80816
29028
1291
9696
50504
55558
18733
43155
10646
71052
11061
48123
40797
10435
67894
43891
5260
11142
5556
63409
35346
77366
88536
88900
91989
10598
45774
86664
31520
9370
26716
86887
93572
76520
51899
96525
83425
80108
49369
77777
53487
62048
35309
7527
81932
68436
69726
88224
73329
36073
91928
8479
49366
81452
92304
12698
44193
55671
87260
68495
23446
81971
74733
70915
53151
42605
58455
72493
7259
55251
63727
69592
35214
26800
24828
78106
47591
36403
99787
12451
49081
29219
81167
65039
53743
59163
18676
88906
41420
43876
12275
60297
69995
83102
15139
26463
49817
1634
53357
93594
91879
838
52484
70280
97884
57324
13934
89605
31798
7207
90465
57805
80639
74967
73941
96500
64444
29233
99960
93940
13042
66510
83090
15863
52368
53230
63408
66417
12285
79887
92528
91762
50852
59950
24507
23714
14542
94978
3253
44897
91705
90625
24539
23690
9202
3272
3766
15214
55061
19390
38772
64911
63573
75776
61326
20092
26019
26407
24428
3332
39495
65747
16238
36781
30118
84206
48701
89281
16348
93364
26201
81909
66242
29522
35529
80249
37502
39326
20610
95551
67728
7397
36441
79231
34565
30562
43470
6091
41684
3488
4289
64412
24189
7166
27529
25786
29603
59863
34337
39000
13538
95900
17857
44006
44397
23289
19135
50858
71793
2015
54918
93131
7756
43741
76776
60982
90497
63295
57144
91514
3542
57794
29244
62018
90141
61134
94899
60085
37132
73689
5911
48214
96386
92230
60179
5994
35795
86677
85436
84374
11256
52579
18027
41842
11985
33808
98350
66937
24276
49842
74701
66383
54766
64966
36472
73153
86389
70815
67783
48322
25706
24498
35387
86248
29286
67229
25008
94222
11122
79039
42515
27766
26294
98233
6174
76026
75687
42321
68605
20921
14292
43104
70942
41423
12815
42918
2755
26237
53913
92888
2142
70037
37159
86753
53299
38241
53642
35550
33676
4777
13430
40964
74449
91214
2507
94884
16980
14471
94321
32174
16487
5386
71186
33162
17194
46814
6660
21272
88589
50515
83458
89739
8699
36867
94897
16351
73940
31669
69918
13493
85042
81598
10278
71448
96484
98626
8599
45823
7943
89482
50146
60279
86335
19128
30577
91157
29840
64372
30219
15418
45193
35829
32149
82887
89173
84847
41508
41476
76020
50126
31385
63332
35289
57785
96479
80203
39682
78566
28516
90593
79686
81784
14957
44682
54483
71420
26886
68966
5095
87184
48369
50211
7945
7325
20302
75523
5244
49064
57129
90390
54675
25340
5475
55323
35995
32464
19366
74598
61964
19580
71421
35938
12983
51712
54147
32269
92503
89596
45106
34140
59339
49923
26248
24617
51952
77040
97556
55298
83639
79131
65659
46697
31301
36240
40471
78387
39801
79276
13162
59715
95279
39842
97882
94502
47585
28785
57517
3335
73689
54628
4946
43657
95139
324
14072
82932
38464
63562
50012
13505
72444
77306
35261
1071
60215
98841
37969
15101
52858
2194
37770
7645
15367
87632
44877
28503
28633
73227
25430
68528
71125
7162
40889
28066
23716
44715
47972
99919
99703
36819
73128
42372
98441
87143
28462
78656
3110
64578
6990
41741
8801
53577
78564
68306
35399
77138
87014
81587
4513
38367
34120
89365
91284
25798
4489
94680
19326
72033
49447
61844
97091
69587
33591
44237
65261
85437
4269
60194
53492
76085
91258
30603
11102
41147
97904
4622
85667
60135
25871
83374
5238
4010
62967
50781
43333
59817
45873
54889
81554
69485
30813
98751
59790
8185
22742
43177
77014
9945
52113
10669
31454
7145
39946
85868
20777
63437
75351
45880
19289
54601
15617
12641
28537
49878
66139
14705
67599
7231
96342
61373
3663
39040
49246
58402
93531
42155
13154
7621
83343
90104
50155
8527
88958
3336
85663
11096
34301
56097
43061
2805
84631
27055
10999
28429
69442
67790
60863
13375
91637
32781
31091
52476
44785
93840
74105
34436
98000
360
52856
81955
27623
99347
86933
66737
36051
33211
36656
15457
52496
68374
35322
17714
64183
62661
36696
21360
89757
93993
51350
2786
14234
76080
95686
14306
28583
36130
97253
54640
60637
45050
12124
78222
71537
8682
61830
4404
85451
15654
96476
14164
32240
23450
10220
80752
45082
56188
95870
76371
83219
5903
3372
62297
93952
11513
18657
39676
14285
45753
7120
71626
40262
10019
57371
38136
15559
86731
83672
64360
37382
79164
19399
20954
37866
40004
45574
53541
13894
20401
32926
55055
86072
77177
38609
1860
80141
16918
63357
16651
7073
76311
40075
71890
50758
87735
69274
44228
62264
87714
77700
79049
99429
52476
20368
76976
18019
42272
41130
37494
60925
98371
81152
73517
58316
60087
35922
10882
5957
39573
12707
32694
37090
17543
34224
60229
84544
19882
10482
99169
433
219
5254
16040
90093
55935
66600
10307
33277
68978
90741
73692
54459
99619
73302
29925
2485
72412
88548
12899
61752
89248
97825
34169
38791
48507
22135
86636
8808
220
11731
56055
75548
54720
8339
10978
55310
33573
66293
70187
48290
19337
56859
34352
26700
41109
6175
2217
71838
87030
17805
91299
24460
30179
33623
69781
90382
55363
40420
21685
7041
72311
78938
49415
38092
73675
22072
44081
85963
5560
88601
18093
30317
91705
91584
65074
10408
66114
53339
81620
76498
71767
8203
25024
96204
82311
37918
71241
30351
17369
26142
66193
12022
78025
99617
25980
44891
17166
33993
86124
63272
57667
66006
13317
89665
62338
38723
78367
92030
38708
60491
56666
82037
17937
6584
67799
86390
83224
41690
98609
66189
81629
87379
51759
80914
72599
32632
75693
999
19217
59012
5131
89264
4231
86143
60469
4954
15231
87340
9905
43660
72103
60483
56448
15502
77248
48539
45178
95410
63928
59700
10742
95346
28070
36819
13152
68660
93312
50221
52700
46107
82167
29755
97800
13201
19646
82017
48538
18375
23302
98034
29147
88797
418
84013
87262
21876
29737
49282
60453
39108
92459
99825
3887
96015
95512
56343
95799
25416
73269
39568
44974
64569
61051
13420
74366
53250
41459
68301
87329
58135
25617
49565
41697
42344
42640
32232
84152
25722
20781
23274
3840
79526
70180
15760
10742
80132
31068
20919
8782
91186
35778
18606
69564
45501
43683
99693
4817
52173
85816
40039
81477
79041
71800
7234
30335
19936
45918
84585
56164
8488
6599
60953
16069
31488
85957
52179
49852
12298
43426
18882
22852
72973
34216
32381
12261
99681
82365
56318
98214
95820
34658
98859
93699
38913
1867
33947
89931
82867
9056
72333
31246
48932
50441
66520
38788
33587
76854
16139
99030
6835
9400
65676
29283
51345
27335
89919
57860
8416
47357
24525
67953
60512
78204
99638
23487
65933
34979
55700
75528
50396
96200
68087
86693
31476
85750
314
59401
31179
11511
80752
99982
25236
95952
44622
44328
49673
16480
68523
66935
21983
46127
22955
56837
91872
54851
35192
82195
62221
83945
36350
66907
95088
86405
90142
95850
54109
55775
6909
95302
71808
66255
81014
10082
17579
85504
56532
74064
95468
50001
16032
12611
2219
1090
25766
89694
74283
30592
54896
89799
34112
27011
56693
51515
68311
56272
6934
683
96232
60104
23733
57230
81186
258
21715
25006
11293
32797
19348
79546
21511
10197
93209
38509
14928
73808
24750
76170
66435
38624
20455
2692
93902
60319
12953
38653
73576
15643
35736
46298
97242
19956
26190
7571
63241
59039
84748
30188
31536
19194
14161
4360
90201
51634
19840
51853
39649
2577
17570
36300
50792
71186
41441
41209
50170
14902
94258
72316
4826
27265
14040
59964
35632
69631
89991
20405
52986
33510
89862
67257
42220
35976
62234
67421
37355
55272
58339
26064
75868
96701
79466
57283
68451
31158
33040
67614
42962
31432
39128
81063
64338
43764
99420
81920
6056
1814
12307
20928
14774
71138
94290
18265
83850
91829
54962
30854
31967
78650
87070
78427
30673
21802
79316
54823
56647
73680
4281
2515
1384
33175
20684
85845
19860
93967
10542
13440
29637
77780
88638
18889
87688
72666
6130
91029
27148
78780
38987
11609
96848
92208
9003
90748
54867
24639
9986
35497
95868
7274
12599
88269
57079
17740
99288
51469
38261
38038
25776
46979
69689
96076
55024
296
15445
65088
17736
68448
1941
13979
30775
37798
3898
38401
14879
20221
70548
23907
58039
18900
6308
59715
49010
22485
4640
28425
5665
88034
31707
7961
46537
56878
48531
60474
35830
20523
44567
18086
44180
95742
83224
66633
34517
77553
98363
94784
4289
81272
70753
93613
39528
90350
90096
71847
52828
59557
46502
22695
19465
76261
63218
52374
87166
35414
74596
83723
81194
17884
81074
71876
8448
43106
76618
10344
64648
90579
23609
49274
49013
46415
79345
44703
52381
89022
27134
56399
86571
413
70978
74983
90308
16458
53314
55535
16442
26869
95747
60861
23732
19885
99846
68509
84488
17737
17661
77575
47078
30745
27902
37220
88749
59901
49505
52041
20031
88849
58876
83352
91996
96616
42114
85683
77116
73976
64541
61800
15059
47741
82142
82199
29702
71575
31475
93011
52571
2592
76946
66756
75076
14451
18263
54378
94930
5795
42385
45573
6204
85954
95259
86064
27301
57232
65253
8991
50602
10237
48741
23444
61263
96325
73067
41973
86695
40468
41169
41131
65226
70296
54966
51561
49275
80805
2376
1931
96184
9593
46935
92740
79980
87836
40341
69795
36480
41275
6328
68348
68270
81086
80154
60488
22347
97976
96231
9701
87069
48292
19537
77695
66589
55313
68855
25969
46721
54059
27990
6608
25154
76035
14650
97705
61568
14690
54108
52413
83004
44474
41125
44880
73330
52706
6101
23776
80350
51584
41082
57696
65235
73070
80184
24943
14641
90679
34956
20593
64433
1828
1358
59336
41586
45801
76916
1852
77405
23960
81463
48527
66396
67483
31436
96002
89820
41683
49646
8233
20428
72708
86073
81593
85648
90228
64755
83105
26725
63972
92260
99527
88644
59674
24451
54016
24053
27236
79605
20962
54134
82562
99736
18248
840
25643
83396
41319
9064
94779
83539
65420
32219
39704
69425
93378
11667
90479
86678
46074
94256
17563
53875
93398
84486
44539
11609
39992
19465
49115
8508
79525
30868
58644
16278
62751
93940
16396
52181
36375
70003
62184
72107
83074
19875
80064
19819
82895
28343
10569
77603
55361
47404
39742
26259
96084
25384
25340
15603
71808
35706
41028
83648
39502
42628
68916
12506
91106
5508
80210
30163
8306
95750
559
75907
28359
5627
9789
5006
2005
70749
53612
80150
61481
57
86732
20346
6386
28688
82530
90852
94254
76597
32141
11373
24114
82757
23320
20148
17398
76340
5261
11973
947
82694
87939
92747
54546
31248
89827
64241
30585
47493
11315
26320
87985
48617
13282
58864
97985
76821
434
36349
72639
16555
43024
18913
55448
143
95008
15880
49915
85069
62263
60314
98387
58548
5587
88129
75210
85445
22429
35672
82613
13136
29533
3057
76326
47309
27787
44908
79654
44893
35796
76916
5750
4579
34047
93377
78816
74895
39671
67578
37316
45109
81730
10605
2222
42463
21961
93370
50169
56331
67751
31122
76601
4346
51021
19846
72803
71101
36052
95970
85568
28032
78620
35335
63040
71051
73422
25869
61690
43438
4460
10763
44485
44591
18937
39097
15773
98548
7132
96738
74686
72439
73989
81714
20701
44806
4297
41361
47539
88790
2446
70449
80178
4175
56354
6261
12721
94836
19114
47787
20697
12985
11887
57471
57045
73104
36512
4465
51602
96643
93718
37015
58327
9130
93455
87282
46446
53077
26930
51847
81947
63928
22513
19005
53008
76119
45282
374
42922
28025
23385
69838
3580
62033
40295
54804
55049
17408
4464
46594
51218
39720
96807
52021
39054
98162
18481
98772
40033
83734
18436
64034
73823
34939
74819
93289
3699
30233
5395
79272
43375
92028
33714
57527
50826
25952
48607
78816
13228
94440
76312
48831
53834
11284
74619
71644
43180
14806
49672
13471
85774
32592
77913
13124
12603
98013
1032
90041
41635
5506
73473
96411
283
61735
56033
31298
62096
285
44506
83705
49799
23975
10873
47627
34142
51979
53010
49189
67350
49480
54252
99107
16996
13683
89188
75562
69669
86150
84647
9856
48192
65813
97109
42203
6987
6569
15391
59692
84250
84142
4545
90924
72391
89627
95912
94263
9566
31489
87682
90484
2329
47572
45354
20858
38206
18902
50392
22072
80220
48068
53984
41208
11606
21439
97854
98195
8678
34592
26414
52370
62189
53943
58283
84353
31861
98753
23571
12615
59107
10457
17103
85718
92191
62598
45533
66791
5563
49342
74411
83915
19354
32910
49517
70983
16533
69102
16558
29163
78921
99726
84009
1654
29458
70667
57379
74844
63954
98375
84723
32096
12879
21193
41638
7294
19353
96073
24297
37107
2861
66937
97029
90898
87934
49840
88566
32660
82141
1225
29575
50110
22337
71703
35034
26252
41341
68459
79473
84494
24966
46634
17323
98121
60918
47891
93414
97349
73447
13396
64827
80138
2548
66443
33969
81822
53793
1068
28162
81181
58856
81713
14640
21576
94232
30146
40609
45784
98886
93297
69269
63259
27144
78459
46875
20003
85623
17528
93395
87776
27568
75719
92701
27259
83812
19941
35262
16836
92850
78900
37060
74188
55965
63847
56571
15914
72449
47141
86084
15331
73748
7990
27001
11735
51288
516
89667
97614
86319
51
8362
17746
73533
88374
215
73263
9475
2399
93682
1628
24610
36762
31401
35463
33600
29888
22380
34886
81816
55315
38999
51881
10029
33209
67498
61918
39229
2434
98470
95382
53834
35793
62122
88174
52269
57402
89022
50476
24639
3816
34177
72685
61812
18357
72395
75962
30450
67311
70225
98583
67174
28031
68244
12348
82689
72467
52918
24023
66477
62771
33853
90540
71335
16608
59326
83811
48452
14010
26654
91612
9342
45862
60217
56706
98353
53035
60643
91211
48026
15372
49611
38941
58592
72682
44019
70458
36119
20782
93326
38603
25677
4691
88153
69516
19541
22587
1760
3555
90969
51731
73822
76760
80894
64461
74812
54489
22040
46799
31268
88268
56524
17861
4654
58609
28248
14787
72487
11033
96843
6024
31500
93337
93929
46750
49192
3529
85467
49006
56544
46431
89776
34786
28955
63121
16350
69485
51252
85779
74333
93855
8287
26327
88309
42726
73592
14113
75488
75206
30650
67308
46406
61010
9624
37131
36689
84242
4692
57229
13495
5541
64225
82269
93405
20927
83695
91593
98693
46898
66735
4186
92188
15551
68210
15366
78905
66566
34357
18182
66989
47627
87053
98706
32451
15067
95947
11154
18676
11884
73814
3108
57402
17984
63697
9601
12237
66552
77884
8085
71090
2720
47182
27145
18146
22599
4129
54037
52871
85088
45746
29196
78242
47135
32199
53445
79039
8412
82378
55332
20465
28321
30181
81365
96701
92801
99236
3156
57641
31264
63860
68646
38383
70830
72566
97210
36424
61711
12791
19453
33132
20465
59856
60477
26464
97098
13219
27167
81724
57891
82246
94142
18295
73712
17683
3910
9293
44645
39673
51543
69105
37898
32512
75933
42417
1642
90396
94120
7220
15029
47049
6137
2753
71031
13073
90380
31802
72562
46290
35162
62405
11716
92778
53338
76478
21774
40362
38576
25040
79244
40728
17440
78830
54148
69718
42961
50063
52568
70912
23160
31255
12004
91349
97200
1440
47128
58418
38130
3774
17654
47392
18505
90547
43077
66073
58715
82776
4961
62284
27316
29522
60972
25991
66209
44022
36165
23860
65100
85900
31752
12664
87767
73652
12178
42672
56730
53642
25304
88238
57440
67661
36915
37957
73803
5381
4073
72267
33142
39644
16558
79022
70821
97106
65150
62499
53632
57116
77925
31670
82461
54790
90897
46915
7437
23772
90164
94353
57582
33223
22397
71934
66974
42804
30193
8423
3996
26493
30254
29630
75039
373
98359
28811
42456
99873
37906
52927
5095
66562
46731
77090
78004
92758
27243
59784
20806
79257
7682
47669
16780
65640
68446
44129
48185
86960
4321
9778
65805
3470
43483
21281
80706
80123
11465
4166
48782
4765
48193
90936
70928
84969
85510
97932
36968
47870
32525
32866
254
90311
50946
95188
25173
68202
43322
12644
63628
9585
61783
71810
2044
7911
71600
73754
19351
27579
55099
7824
61864
6959
46139
86269
83754
99288
89391
58298
53713
61940
28147
20787
21013
10354
4550
27757
51081
28592
23413
49446
30390
77370
37018
62682
41749
45430
10341
25665
5260
84619
8266
67410
68731
35884
97072
28844
46517
94463
92495
5223
41444
84178
95163
89259
14519
78539
75650
77892
24375
81285
92338
65740
85667
83517
84462
75952
30570
35788
80740
54497
33856
93579
46220
54740
27928
1466
40554
93198
94142
50870
48522
56719
68448
13620
73544
28103
64245
56879
5826
73052
71375
81875
66439
97122
23864
97634
19677
76205
13185
93009
81614
94307
8048
80009
76265
13625
72243
1001
59200
12952
46997
73771
51836
44274
97050
62806
55743
93608
46313
59073
18818
25998
77542
59241
35660
76456
16385
80550
31041
20829
41619
76359
41254
99761
40513
66055
43785
43078
48305
82817
31434
57201
93569
46061
41281
47984
5894
66477
74155
48083
2360
80618
38433
53753
34485
57837
15413
43460
19605
43104
56798
22114
62101
75367
55981
70435
58014
48587
1870
78782
38915
74099
55413
33910
78977
76100
52198
78901
63539
34890
28429
35825
64264
38469
52908
92206
38178
77870
21424
91025
28481
28363
75586
70874
16005
38031
96667
89485
66368
1987
51421
89104
32544
83564
85169
54425
92041
49032
31671
20729
1775
57750
31007
79782
91058
73369
27048
35581
78313
13896
14344
43475
8516
94218
88967
90327
68167
47544
9807
70713
59357
40163
30383
59537
45430
9353
1354
52419
9883
41573
7804
59308
35535
5582
78039
44894
11358
7610
59752
81793
39397
64027
86567
15032
25583
43072
23299
37087
26060
51863
15215
36060
32615
67128
88451
53275
43609
87342
22795
50016
39085
84258
19526
42628
77565
18732
85314
72943
24159
11484
97725
63225
13122
27175
53337
64522
70458
73668
74252
72311
45537
26080
79401
94168
99646
46410
98254
90670
83427
64733
37517
61786
59429
66203
29165
4180
57107
18206
79459
77296
98428
92642
23554
3205
80592
43531
92078
20690
73705
78391
18281
14160
47829
59990
14639
4518
9024
92563
27871
6646
38347
45324
41768
15102
51490
95649
49460
18977
96537
5090
33157
6103
45427
71653
39245
93474
54323
97059
71399
28079
58912
14042
91317
85262
58335
89843
20119
18402
14824
63959
25269
68559
73585
50605
52807
60207
60769
17837
52202
30813
39123
47685
56233
31959
28704
69145
15501
19198
15918
81609
12831
50288
43018
44741
93372
89940
56560
16133
70554
704
15226
13039
26573
2684
29575
10014
3304
44092
78351
84652
126
51504
30686
79790
59938
9190
86702
96815
80141
77107
78357
41595
34449
74999
89387
25904
76506
1050
3692
25426
60879
75907
54558
54351
2340
67325
40653
92088
70346
64462
22717
59745
35086
41521
41844
29033
28130
51264
98964
34530
64953
88959
96284
24876
26252
96806
11390
25197
50194
86535
81490
61632
10392
14823
7280
65766
27160
3843
97205
94083
23785
42758
92978
26187
23436
42216
31722
51704
70651
89159
59172
90046
695
76921
17890
79442
91446
69132
28637
12021
40751
60518
83927
42328
92008
85922
92431
98093
5736
74110
73351
1672
19836
30537
82515
36179
69218
21311
43235
26341
39019
76642
75027
13703
5967
57908
21027
32699
48020
43428
40055
81363
13179
20959
28441
88073
90633
55181
89036
98795
57764
6651
69589
84829
88687
64724
86305
45842
20494
19047
20739
41020
64347
1971
25893
4392
96809
69358
92168
88274
95218
72144
87595
43176
38323
91008
16576
91626
3022
580
27906
19587
46114
33822
41536
99374
69985
7420
15499
40551
17594
41336
65955
86464
14105
68625
80468
77993
48514
93542
99065
2660
19844
99782
20919
91641
48355
75794
56762
42010
56126
22984
52188
93659
57003
22658
76625
98189
3419
73858
82514
67300
95931
90755
8759
54203
29971
83305
98719
4491
41961
58883
30474
39143
51582
4025
8472
28601
88303
24234
17658
97392
69092
65726
61974
46935
89102
45854
91400
44287
6253
58304
92769
32995
16518
16550
40673
17820
60203
18773
74022
17051
4901
41747
3943
32862
75238
3830
8787
96892
47048
17989
45082
60619
80999
89958
66246
34131
44213
33835
6171
54534
93074
1024
5283
48957
60690
41536
22897
48416
32782
82937
30652
49290
95443
10967
48525
81194
59127
92272
43468
25638
73350
11640
92973
69087
52856
13663
87141
92070
90368
69115
84913
79053
63206
40360
97260
34505
6750
97502
49001
20214
52925
96799
61361
31041
20078
84424
39735
52471
35191
9356
96642
23965
42598
21375
71099
89822
70154
9850
13886
19257
12183
2595
17403
51121
58145
91083
15675
22943
88199
74671
65083
66264
81121
14116
61526
95510
44866
33259
28746
38199
38612
88516
97298
11401
17915
62327
88639
12725
82043
46707
77911
48669
40629
45586
61314
77093
61566
95966
49168
29448
20726
5122
98570
99250
54860
6702
2220
31498
87722
40187
53965
34872
34899
64706
82345
93892
66242
94747
14944
12720
46030
80423
84856
53673
95402
72251
91032
60154
9766
92158
1414
56399
49749
30245
32076
13176
28528
11306
86387
66245
95746
81537
29812
22135
64458
15797
61136
17047
80059
39503
71792
57388
64812
95849
56290
35947
36525
25021
52321
86196
81530
50047
22636
511
67518
83908
12009
87252
55721
34879
89704
13247
52276
50580
60826
77435
88601
28004
13309
80833
3414
99596
55824
16783
19772
50991
54054
27140
57372
8874
53535
10280
30002
33727
69132
93392
96715
25749
44522
6062
48546
61120
51099
43917
15936
37803
2556
92662
35768
3235
1113
60139
40695
41703
36308
26054
56571
20201
73262
60486
25351
83748
88694
11812
32669
2027
41427
17370
33030
92015
40572
67385
12304
8643
57104
85635
98539
46859
18122
61803
62587
10125
70280
95103
84468
77066
64358
92939
65444
26466
82155
51590
34981
12349
63454
58912
945
57998
55410
27846
891
87776
94316
4315
13424
65161
44027
96647
44786
35541
43621
44465
34501
27674
91933
32621
95074
17934
17021
31239
105
70091
39468
4662
13553
8568
68190
74177
5168
56632
57756
13946
36569
44314
62321
11056
5871
64085
40938
70734
72956
49495
25759
21028
44613
95160
99043
22359
46476
98964
87201
65756
91952
1489
33968
89115
21421
22643
96589
3597
35839
83867
22452
24705
89212
795
47709
33520
83056
2483
80684
55005
24840
74462
5500
33539
7016
16698
33875
516
65558
87637
99853
9811
11127
40950
47618
79755
8776
70599
41392
89890
95078
38776
53837
33925
88528
24969
22044
71226
77071
52054
32334
99249
82272
80196
25027
69343
72173
14929
4524
81021
55174
35939
47441
53138
79172
10109
47326
7488
93022
83049
38443
7553
5575
60007
77231
56599
85476
12463
64307
61092
69590
49810
85498
76614
35106
53537
13013
43952
112
40233
23382
1430
62145
36260
8709
35122
32038
25893
97368
67167
48004
80235
85776
21145
72399
71122
35776
34012
65397
88390
7645
95151
58087
7840
97974
12013
71758
79610
53277
42426
21345
49407
81278
20892
12466
69771
17832
73674
42695
224
86030
48173
94710
52478
38197
2676
53117
32035
59302
11660
78005
47423
89644
93334
80654
73448
59547
60144
28256
30743
9929
35007
22942
26469
9236
11479
42891
30253
96464
37456
32878
93088
68313
97401
74075
55334
3829
36794
69839
93171
26742
10767
97366
65381
91015
79703
33692
54047
85514
47103
78674
10614
47793
69754
51742
68434
450
84203
57175
8629
25320
87226
17426
78383
7717
40824
67030
38501
74618
10166
35601
52213
20015
99969
28190
68726
10542
98035
72847
23381
88306
83357
98087
7369
63683
82534
75507
23104
26982
94075
81281
15102
84055
33353
19350
65736
82238
40090
80377
84119
5179
86998
96095
59327
7844
36380
42682
7921
59565
54322
80978
7400
92968
16577
47033
37053
73611
89409
89098
92081
601
47901
56832
51623
17652
37562
2425
32751
89678
68962
27085
12512
61625
46127
29894
59440
89007
62052
84893
68575
37637
60810
35372
85161
75188
62976
62260
68824
48010
98054
5930
47341
36374
57644
90415
48719
99609
37325
48149
12881
47964
50348
13150
1967
29985
94864
51669
25610
63395
4659
95258
1212
18017
93084
88590
18603
75168
43096
34763
51599
63187
19937
78265
30517
30496
77546
8423
11793
91818
38102
57260
27202
18326
33595
26993
18948
76812
96911
70508
76
51781
1677
90635
43236
59333
31669
19475
6989
65721
25940
85686
24215
64252
31434
44020
30773
70851
82944
19355
23975
96014
16369
43862
67839
94377
42818
97306
31168
11766
31118
26171
26444
25037
37620
69136
30352
87410
13428
27672
96297
84478
84124
56801
12248
58237
41929
28837
22406
15438
60934
24322
75681
3156
90933
62598
24771
43714
71742
77803
14627
82291
88186
74702
59949
38382
25861
53497
24692
42332
126
3526
56996
81108
40245
97381
97891
74169
24911
33442
14880
26313
35965
78231
41587
47425
96736
31924
69353
6018
25093
4708
65348
86730
78201
33667
89678
72252
70622
23911
33301
54870
95090
48479
9427
65859
77757
41448
27194
58901
87773
67404
51971
42769
22804
77610
1806
49227
29455
98731
99504
5186
4551
47577
5853
87375
35175
43595
27835
59907
56217
30458
38997
62479
72753
40992
63540
6967
34253
95473
69934
80304
11338
97208
59374
33994
36131
35709
97973
89779
83553
82970
81812
47880
92082
40328
45389
47548
74433
56124
75584
92197
64643
70756
62372
53179
37041
42860
48286
67623
75235
304
79741
65291
73513
4647
90091
18176
60501
16288
91076
12184
84253
87498
70497
63673
49580
87762
97514
37388
21335
86048
44296
7810
29229
57715
54014
55183
53778
44668
17095
78123
97037
27
37560
79036
64190
15992
54824
77395
27808
16229
44860
4366
75138
86889
99540
9610
85141
71661
98938
96209
31036
16747
80697
24698
92018
84453
95251
37016
4687
39186
43291
90666
69866
76466
61389
72941
68749
12086
40441
27740
93721
4504
25034
62717
35321
64343
45961
87623
93493
80568
34224
60891
23047
13137
33443
95753
60964
79396
44018
79373
41239
63950
50532
3422
15852
18139
93938
81604
66282
24240
48422
1749
24388
17080
66569
31661
89806
85411
98509
18274
98751
96897
56836
57025
39582
29574
32357
79452
9778
26914
19956
47901
82816
2633
66587
6833
16929
33614
96467
92219
93114
84817
73896
83666
19386
52290
20076
39762
9908
20420
63143
94952
35894
43139
10945
39612
39534
54860
11945
54171
99774
39736
35127
36056
54445
59122
17428
90287
88373
91355
71192
90722
75717
17995
53971
55870
42424
13545
10774
82340
2554
32778
39223
91400
99003
6794
78742
23385
28794
31255
27055
62466
58503
14084
36809
24566
99759
60461
93996
34323
57084
22556
60847
46118
82031
76467
83712
12147
61975
63293
2361
74784
24743
12532
17100
19579
90188
95029
47946
32588
72893
47238
25894
52100
14841
23804
98513
34246
677
64021
43275
61799
60519
31921
5410
76211
1578
11594
997
53208
1564
94116
43366
99451
37824
70998
31980
15945
55944
55832
60786
2670
40822
65581
42469
88296
77526
93197
80041
45686
90737
81674
35064
75482
80059
1500
56991
22517
94250
41213
9103
5837
22893
96151
56898
40188
46630
44158
78144
81674
18995
80227
58693
21741
62185
25860
73437
19378
427
3312
95842
20826
4877
88458
69642
30538
32750
84872
59767
22872
44403
42337
84287
96172
83826
58637
84655
43784
20054
53300
34510
90621
39292
86436
46252
20305
51829
8756
86699
16798
68508
95706
42599
72930
89814
19566
66193
69169
77618
97650
60250
56184
47369
6976
43417
1563
11108
96868
28702
45806
66320
39407
41576
88768
21186
58229
3939
76029
90682
15061
15365
75462
69710
86444
92683
34259
34730
14143
93165
19028
1617
1521
13192
20088
11100
50868
52501
78654
43836
67488
30581
3257
95784
22194
49086
91140
9282
30042
99238
21840
47112
61471
49110
71949
85670
40842
85129
19494
46699
65063
52970
75934
78410
56970
67876
21707
47699
8382
72868
90766
49072
72388
85988
3487
8413
68930
14217
51856
30393
9344
69085
34313
70906
96389
42251
38817
68231
14202
60252
42837
68677
76949
76529
82276
21128
69224
48186
11801
71050
46552
59505
58187
58253
87521
40984
38391
41277
15608
29706
87829
86962
81540
13003
69559
89208
48437
36529
87901
13356
47694
22406
23595
93643
43886
7449
19925
98078
89991
6883
81935
99476
3493
79194
47380
81300
1844
48377
69010
86527
24094
71090
18471
29897
6064
32053
67938
48601
6437
44582
8529
5686
73350
26284
85975
84850
42125
70821
99921
81710
78352
51779
16081
42621
27598
38051
1662
12298
61283
5865
38907
10773
87265
47688
7994
36539
42060
64268
51892
46546
5183
47256
49051
96700
67773
5917
9898
3168
23564
80544
77543
79346
37360
98403
79409
94779
8461
72823
26640
55929
52689
52584
41714
85773
10652
15093
79564
19439
51496
33074
7873
12383
69845
57813
45037
89619
63282
20556
32467
6936
39161
79435
7611
75469
42858
79515
10902
40876
81207
80937
84334
70165
70064
79320
16696
44206
73039
58273
22554
95972
33230
60772
15959
90550
40247
67010
3206
56025
16079
9058
52427
99590
70288
44436
54255
99124
12048
43504
15614
4130
18392
61765
74515
40456
711
21924
98606
3119
64935
3626
82788
37774
30746
52829
89137
540
86981
8220
92460
24518
8457
4800
9805
31509
96934
9061
43393
42850
15315
85821
95078
20595
53190
27899
93484
74420
38690
75690
76254
70205
11486
79012
73084
2292
93445
97511
17479
58438
5513
5129
80977
61960
87106
93543
89373
56280
76206
48895
7025
23078
81940
29992
14311
19982
37666
67826
15310
89624
9499
93941
23136
99856
64153
456
67519
15933
75367
33266
44048
63060
67041
9715
85259
92972
80034
45573
1977
93483
43123
57289
6976
1019
62286
21615
25548
92554
12827
77399
51712
15370
65019
31653
5592
23663
64293
10495
2920
98091
72560
56144
11682
5174
82656
88776
17433
88627
60871
29713
42867
41752
59766
40690
24586
54079
83534
7492
41006
60764
50977
21810
90139
5186
56304
18201
9564
29179
82718
32542
64542
52912
61885
4605
22274
76450
6537
72454
38910
43981
82393
41914
83223
89012
3730
72432
47099
31253
98644
86806
48448
88706
9420
73554
77002
18506
8326
59581
90906
24396
22220
56085
28476
32273
45631
61642
33662
67527
12408
78212
37832
82752
52001
59910
29052
28461
29082
91551
2420
25116
66291
40588
14197
15108
36496
57773
20150
81261
61175
25968
98608
24479
36575
80117
3922
66759
601
26014
74686
73729
46624
19014
51365
35633
87709
57578
99558
26188
23374
9991
31756
37434
95174
61547
88333
72760
13745
61560
10929
9939
35185
76258
25220
53809
63927
26321
33444
71857
71813
79280
97967
42319
41907
17645
75878
57813
26145
70165
40528
50341
85287
95952
60611
61925
54931
85810
33978
80520
58424
82845
26543
21103
33808
57172
98014
78938
97862
30185
72889
79324
42807
39893
2106
80827
32135
4777
6118
40236
80745
10586
14447
97298
6184
49656
28596
70219
16961
45192
60281
33712
50248
10980
6255
76495
70303
98558
54888
8701
62797
99604
24305
66472
12571
79616
65171
58361
35394
71002
97961
69368
95941
50939
27356
90838
35455
67508
7916
65917
89322
81291
65551
52904
62999
16999
33752
858
52918
9915
5045
87309
82042
89835
87500
77311
32139
57121
15746
52178
92135
74229
45963
67080
38156
83976
93982
74349
87134
41923
73696
49575
79734
45799
67515
5065
28790
78787
67296
96260
63866
3632
11419
66817
51032
83378
47077
82836
54930
79687
13743
27061
66877
54561
71032
15344
77334
47526
36957
91123
98377
34428
91042
10894
51023
1733
37595
77747
39930
81000
79937
33037
97190
37444
71801
93406
78846
42585
12469
16363
93484
21347
96057
36314
96088
64946
25736
62182
43813
6268
56244
43555
10868
42932
8073
72213
86932
37699
86290
14332
61265
51078
49925
31711
49302
71109
88710
5487
70833
83834
81723
67014
68730
77040
17309
52977
29847
58697
15154
21403
84851
28647
42071
54375
17822
54617
94229
61576
41653
4507
64587
90047
92830
87888
11491
29703
59748
87437
91544
79838
57695
11039
62033
99902
5134
79120
19411
88722
42203
65949
45923
37554
22561
17625
14008
90079
7370
70651
42513
44663
23644
40764
78918
21587
15460
93595
75869
87899
35877
75338
5065
89521
20661
90728
611
53310
45526
48894
47300
23408
74856
61988
42513
55434
16087
87317
22008
54168
87279
12042
98719
69847
30623
39152
71312
98700
74581
80828
73328
37188
25506
48765
67744
5273
15561
97251
52929
99341
20528
62928
42132
72211
77634
86907
87491
30247
10333
52627
61447
32558
2991
24586
50219
98128
65424
13392
16710
12043
40364
81353
90542
64528
3431
31960
84726
33771
37349
88549
12686
27607
88787
40193
40441
7390
65891
6381
61125
41732
61858
5772
29048
84360
65171
10949
92192
66265
55930
43459
39768
62912
92610
24745
38493
58392
7604
30705
38198
51836
90094
4650
5148
58659
42062
8264
13419
29519
81993
89644
63314
6596
38095
89525
76721
45372
51765
51564
25785
92574
43308
62075
24208
62645
38128
25781
24478
5434
32963
5871
53844
7423
74739
15765
18535
54227
75259
52591
32875
46148
36699
92803
45982
63023
73321
88896
2438
87035
31104
72464
82026
93555
32671
26076
88876
73558
79067
59532
40832
55999
91207
94675
67742
30129
40528
52203
67205
17694
64739
85471
64343
14739
3619
96672
60770
35389
67993
78530
56855
95296
73018
35703
61436
92121
19784
49577
2124
61818
1490
90596
12641
31644
26690
79184
53328
88446
14574
69911
27432
43637
53946
65766
81230
20836
42861
67204
62847
72953
60000
78216
25205
39306
39997
96317
35967
30658
6351
84619
64483
51631
12301
2054
9672
39342
34279
10528
52811
97001
96866
62689
37210
65334
83625
41775
92038
36356
83248
44191
61648
77003
20973
44117
16965
38371
10309
1529
694
47239
2110
67763
62450
44017
73509
12669
91274
15964
89960
32895
67293
43491
7171
22207
45246
93217
7700
88453
27263
2851
35124
42855
86729
61840
31074
46334
27843
35949
49424
58528
41670
32157
66435
9847
8958
88761
58866
18571
51159
74071
21915
43284
29407
16845
6911
98332
31456
7074
5035
98385
6111
18534
85356
6360
99230
58224
75868
96479
18678
85497
769
48281
67260
81088
96826
76385
40766
8885
4550
10582
49541
10501
68916
86869
37078
50149
21090
41776
49655
60389
10293
85949
81910
38904
40498
28821
871
67660
59615
48541
16462
47658
97171
71913
54920
85848
7477
34523
3427
81814
7303
23910
32296
24059
16367
24778
67894
59325
65773
79219
26883
87196
10851
84599
82326
60537
8779
8020
19307
66089
58750
76817
85084
2079
64505
27782
79691
79991
2529
21857
24096
17397
38085
85235
19778
53622
98810
57363
29696
87831
60177
30483
29006
1372
2446
64951
96217
13161
92351
47852
66971
27693
26174
61083
86692
82827
51132
73099
83691
86592
55181
98859
16078
47110
41993
58128
25497
15019
58133
58366
66257
35005
66737
17678
14281
88371
12537
5599
57321
12875
68905
14992
744
85949
14381
61773
50218
55138
55046
80509
98742
85663
22144
94034
45054
87624
38927
23740
72566
85413
1208
47376
31768
34721
38855
30723
3317
86863
403
28925
32547
37022
51389
51780
96835
30182
3168
61831
20178
41768
17794
94852
6911
63763
85181
32626
60020
5324
75334
21969
21260
37575
31247
49528
70599
60081
75638
38708
88116
65500
73919
72286
39672
51466
59975
21755
70043
19905
8121
53948
65902
28526
57054
48521
32615
11006
93928
64050
8373
2092
5538
66682
74408
65430
26430
44923
14528
79721
98366
19730
31016
61034
6309
22924
43186
38920
11865
26691
95163
48176
30112
80612
46643
73894
43752
2004
33731
41427
5788
60734
77543
72832
38234
64346
7482
91345
99581
63382
53163
32107
77107
34696
90078
81432
22555
50341
18055
45155
32802
30091
2586
67580
48239
54191
36781
61485
26086
27486
51265
67654
3556
23716
87933
60203
1966
78609
43237
54040
70757
34850
71128
91540
89052
57749
40008
24196
47936
28301
79621
6538
59359
26564
81217
82801
86976
67615
93961
68691
74022
59180
12167
54974
47698
56470
22462
35636
40906
50297
20840
14344
80271
11146
6327
68303
80423
60290
82067
89150
6251
14742
66659
83714
42146
55948
79666
44614
76745
74321
30188
43582
39625
83975
54184
22663
52368
90582
26437
38277
48861
13402
1952
89861
97245
46900
73305
67939
17009
88287
82602
31555
60219
28740
2160
85022
77155
70384
85532
85577
99821
65139
73699
48039
95221
66316
58577
59146
73182
84888
14894
7050
84467
40027
93975
36333
35410
51619
17064
3284
96399
72930
43350
61349
51340
85697
91623
53483
2378
84506
54716
90853
26522
81239
91895
63904
22852
52533
2429
80156
23022
35720
28197
87133
42956
42079
67159
3441
14128
62789
69056
23062
32099
64455
58645
57036
7822
10998
15045
33503
14333
77897
76340
47566
75741
99066
85961
45434
39948
17174
88693
53878
20834
25383
90183
89107
25395
12631
10055
72605
83650
34783
9758
34170
56490
16681
34624
66641
32097
96457
79297
80036
91969
52042
35785
14167
54763
5850
98067
77098
50204
46810
41879
87084
42480
6790
53048
95791
89122
91814
32195
76358
65267
26163
30795
27770
43229
5301
65477
59264
84067
31822
40043
14490
68925
33884
46774
181
65730
90872
15461
33015
10066
86462
28782
39228
24450
18766
10222
7376
96607
28636
77534
23796
7108
97451
79347
21255
35443
44161
52968
97565
12493
47934
60357
49624
67696
69073
49017
6857
13021
69645
50851
92590
57664
31657
9900
39371
75078
92695
6149
69533
34755
84180
59649
37369
62859
89815
91719
40144
76410
97908
18837
26730
98779
21161
72697
29233
42044
31414
26557
57501
66778
78413
12992
42341
49700
67576
13580
96584
67307
16055
48310
65074
75954
66048
89796
35373
38110
1087
15872
70422
61827
34323
13028
32859
52153
21707
25030
61068
91549
21454
77655
64955
6885
38086
28822
99883
63369
15881
74634
71657
90639
92382
47603
99496
22808
3342
60204
20993
51575
79348
38402
88970
64562
85630
25174
53524
42488
65401
79066
27866
64309
75672
9426
94979
71369
17114
27044
15025
94980
80928
59351
76443
24563
33740
91122
88515
80339
19624
89412
26980
64580
62061
37350
25450
389
42662
91477
56915
2160
57537
57671
95152
56665
95703
15673
4763
83434
86117
21542
90428
55297
55332
2193
87810
20178
51907
46978
26536
48054
20151
58867
93367
57441
10932
78227
98628
46317
43578
34704
52193
18193
73573
82289
84050
84291
3089
48427
6905
47344
54422
9790
96579
95753
32186
98784
50689
59876
55781
66382
28476
216
6190
52756
27282
27075
34064
92081
71355
28494
1611
48295
67097
57581
18452
78442
48667
14139
56666
8821
469
21264
84602
11160
73854
15925
90331
79862
50599
44864
87193
17068
78674
7221
77980
87439
59735
13626
77440
69491
4613
70216
5450
86418
21691
23638
889
12254
82014
69060
98262
79531
95939
54586
39742
59343
8317
57026
54976
74045
50245
62932
95135
79459
40643
93863
98901
95775
2248
79909
6992
25413
82172
84334
41622
88611
2375
87250
97513
74037
67018
44683
43815
48020
95020
94938
83240
93246
89711
11975
37128
9835
79532
57504
36602
49657
4502
57524
62401
3868
79683
98749
18136
20945
83826
36326
5779
6500
74694
33723
26315
50682
64069
59377
62443
30271
50416
19506
98169
22264
26584
67673
70691
89260
77488
32070
13498
48214
91195
72784
48488
2690
11433
3400
22633
73131
51232
88736
23098
31704
56257
46736
79470
40914
49314
70583
63537
62406
91402
45271
25215
35012
89338
90772
10083
63485
34439
34278
40894
63628
90119
75902
88634
28524
24126
26294
14746
64330
41667
72501
51695
44032
88251
71380
16054
72935
43214
30450
11003
46855
27424
83602
48103
81752
34180
93357
93206
89907
3527
97191
31717
17162
91771
86002
98257
30948
36433
548
44290
50624
765
60517
95303
80230
19137
69790
48152
88940
65254
11902
71369
11919
34401
32119
77638
97732
87108
61373
73121
67843
42408
15617
50903
42154
81343
5148
35930
29717
98691
56451
97362
93465
18034
91356
59457
77280
43724
18862
74460
92640
32544
72906
87578
56703
77509
55593
37153
50546
21793
52057
30153
13580
20330
926
65406
50867
64656
64606
67750
99535
44445
20798
50420
10895
52014
64632
31604
96476
37548
73329
41797
96985
94478
95952
76873
46668
92935
34511
9329
15924
7214
36973
28409
8974
34515
90071
80381
49
69467
11320
5225
57779
66648
20580
58522
52948
67037
79322
15195
69247
72623
36353
9205
70361
52830
52370
47089
78257
75547
9952
19260
22905
67101
36173
57511
2586
55063
13559
79572
82390
9041
53460
27964
68087
2720
65076
74774
91494
32341
13604
12822
71648
57204
8372
99244
76299
43618
28323
25042
40928
26846
48542
21350
88584
15368
37000
29558
88809
60995
66534
55128
70282
86996
50698
16096
30113
33855
11297
58734
96862
6646
82371
24448
47694
90251
96344
32016
86131
44063
54049
83440
56651
82819
46307
67324
44414
37132
61803
82032
54670
77873
83847
19303
9755
25422
91048
48751
17017
404
47869
1019
42637
9050
23406
19592
49462
60129
26348
62885
2509
13893
9636
1279
26114
17681
21763
15524
33995
66443
26371
41095
54615
95201
11006
15602
97388
80188
61180
49677
94114
22700
10709
99241
33916
98250
79450
3422
18997
28121
62281
17366
14201
83673
40657
27183
85684
6649
8912
30147
96339
69018
26334
71736
31848
35841
26665
74102
49989
75167
7440
33266
96183
2575
45337
51670
36486
15087
11487
6668
17623
8666
84068
58694
70474
68661
69414
1651
63868
92857
60268
34817
34528
46642
50292
54775
43106
13516
8403
20870
76133
63020
28205
29192
34709
30701
29522
87761
46916
61456
32118
781
8197
94999
25237
36767
42048
26837
19264
49153
25056
85927
14337
32358
14916
8907
69791
70814
64718
60203
55653
94335
49605
11928
32406
74494
12909
97540
5612
61867
83904
56487
29205
72722
8934
98984
41319
13109
64871
59838
59261
62958
7748
61996
70027
70520
24855
72840
77692
89586
9019
38883
88256
63635
39849
96523
91223
49476
83453
71275
492
69955
10127
10404
3893
5875
64225
61660
33882
92154
45112
60183
15209
95812
65779
8342
35999
43710
75312
87317
8655
59847
32372
96317
18231
84943
98621
85347
50460
36723
70041
79749
14623
64709
87759
47649
98310
64981
49042
21416
8627
83810
72141
24439
8353
69025
59919
11553
99747
37526
39528
81551
49613
91917
81315
51294
74853
15983
82383
22608
52291
47221
97867
64561
36261
60264
89500
21273
91200
55048
59390
56949
5080
6055
96305
42524
12375
43139
40704
87360
87071
6775
50151
40791
65644
51181
74884
9361
22238
627
48916
91410
91888
81333
53086
32445
51360
25509
43702
836
87451
54420
40912
68969
23348
4141
53009
94018
88555
63017
41120
56534
47792
39260
6988
95491
38828
36813
99787
84145
47747
1099
47906
29234
15920
79572
976
18083
46405
69048
26950
51357
95406
70172
60604
5103
28888
17126
9205
22064
36029
92498
25607
39651
9722
99831
2646
38049
75844
92487
36764
91778
76384
37201
47590
39338
24847
24138
10286
99501
3015
72916
7587
57625
54049
35139
39099
37385
62437
89268
63934
52553
4892
40133
27419
58254
19290
89901
61149
27158
41042
41422
74454
86368
29770
16703
43579
25838
89026
36020
41509
91214
97214
7120
21549
15743
8921
41417
92217
88965
14001
38372
88790
98891
77705
21539
31176
38353
73605
68361
96106
83400
75037
92847
38260
15218
60078
55103
38562
13857
80615
58412
4370
16520
82638
48424
4079
21341
854
91348
26112
50011
49902
48556
82989
46957
32306
82107
46194
43406
52488
80644
8641
97109
15533
79039
37896
61262
23003
46816
57293
53314
19239
14051
22488
23337
48444
5855
5964
22443
19208
89908
11567
73584
54813
63912
62918
3925
67487
10129
22942
9098
34871
24072
7662
54484
39697
9402
22280
3755
98992
39931
615
51131
80530
49464
77446
36146
20798
42270
49535
28113
99216
91738
21965
14361
74661
32273
1963
85420
46363
12672
55052
14376
17889
7996
98618
65158
70052
72304
10833
19760
60418
93410
23201
1789
55156
64853
70815
3617
12277
73775
52698
9980
70783
60243
12334
40341
57525
84216
69719
2473
67995
53913
72596
82895
21639
40875
28521
85318
99084
38731
28690
38090
64416
83685
43215
8873
3014
37150
62294
3343
19766
25212
5918
87666
44523
42711
54561
73459
15054
45025
83564
99148
7701
5463
13777
96720
32289
43146
45757
78851
80643
4984
74832
12651
86352
39479
74497
14733
93982
11083
57853
90921
53022
56587
55589
60325
49775
90505
78285
45747
72209
78534
10358
58302
41034
87468
82352
7913
54587
12810
42425
27562
73711
13583
92664
10021
33858
68230
45575
24998
19228
46231
80014
45718
46531
39990
56925
62285
6118
56051
25823
8302
1057
58353
63811
20457
37305
70686
40989
77374
50896
84043
12640
97386
57311
46907
3595
17325
26556
80837
47779
78134
37412
66989
4906
98827
24444
56787
51231
12325
85500
18679
13434
15348
7981
27126
37776
97730
46984
17887
84075
6710
36754
41829
27480
179
12105
40008
59348
31564
1823
58473
18292
78236
61960
86963
76898
80186
29167
92300
41916
43006
8940
11174
55737
41780
33950
60709
14242
80314
61723
48150
30731
85474
82796
93986
60123
10611
18669
89338
83168
4920
53953
95444
94190
89004
75977
4733
68034
95056
68522
21148
98511
73112
93140
51873
89092
67452
77584
52054
70308
15835
5201
85167
51395
76837
86309
35260
45925
18950
85641
28547
719
86715
25303
39836
57174
89475
49778
89366
58703
22389
33949
9108
84155
61746
9031
12022
31184
3180
47803
25314
89198
83267
85216
51668
95423
7144
10563
78133
10529
12329
34459
56567
95281
85652
35646
40542
67708
68562
5502
12135
42965
82385
83610
44374
9930
6038
64480
80027
40540
1677
13832
91673
39929
14387
31617
4855
59175
51894
84548
71844
56357
49097
60981
4855
32532
10343
48998
87397
46839
39614
62832
71897
82107
72980
57345
51318
8171
13245
80007
93018
12104
52907
60912
85889
29566
14057
33198
94802
89137
92874
98279
16424
75954
21490
34431
60969
81744
79778
81534
3849
18675
92036
34300
68355
85548
45247
27742
37567
76479
26589
53252
5608
14497
27285
99468
92400
62089
99484
60719
76261
33299
79100
57482
809
69238
68158
46137
15822
84418
63089
95136
78972
74122
92216
76935
38265
29967
22388
18019
15189
56764
40493
61990
24346
42839
60396
57937
4890
42214
38824
68676
92041
75344
70808
48007
55942
45624
34621
11497
4345
94393
37292
67351
29196
61026
89422
11802
24013
17890
58658
90930
47355
72842
61491
61342
31396
74581
3211
25575
53015
95080
1299
62721
67687
37939
39293
32319
99029
86960
19226
11736
1624
20806
3350
86215
23259
26527
75445
75244
84805
39453
63921
1946
57596
52763
80921
94656
62884
65735
12700
73057
36327
51919
48165
86843
50016
1829
24887
66995
56150
64725
30078
85264
65260
41803
93023
81638
98874
28683
75071
72492
51812
96875
69552
39732
22032
50279
52887
8879
80397
95231
15578
59767
20798
74118
1098
66928
52758
35977
79278
38680
59618
72503
19452
12050
58723
64113
36543
53921
72590
80223
55963
89686
93494
99999
71289
20256
61877
66423
51455
64439
37561
74120
61149
27281
62061
52683
85879
15782
67829
48690
18184
23894
53838
7724
84485
53105
44009
46858
28618
18111
93311
23585
33267
71628
95690
31398
79739
14275
70763
89832
59727
65355
85516
81392
33494
89433
57003
79692
37138
26609
60618
1870
23724
23075
38928
11589
42517
628
44922
39651
10652
66198
17864
89342
48061
18263
10381
21789
39732
79092
7947
5022
10274
95186
4437
8269
31945
51267
96965
55466
50052
51782
79626
45381
17477
31896
7107
95952
98236
39883
31621
75634
2589
39703
92108
3208
54132
81259
38966
58192
25168
20696
68443
67297
34985
38249
17401
17586
44584
1560
93573
92157
91290
66463
53155
61408
55657
61451
95174
85031
96732
69977
27843
20023
82105
64811
31926
5023
56885
97625
25089
7149
96215
67997
13540
65643
93167
40459
96336
85781
75788
35182
67331
6764
4326
94046
99791
80637
75669
88974
90090
66964
1228
96785
16906
71934
48651
89649
55828
12268
93638
58448
33881
29779
84031
43814
21601
28967
64486
50241
37811
13659
56576
96718
63030
9581
82599
35268
82829
52261
99145
44290
55835
36087
73376
13671
87815
57824
34196
38652
8515
61383
43718
81758
2587
55653
7411
98989
96906
75517
24846
13116
67284
96298
21678
27658
93362
61652
77181
78142
14602
47430
80174
90387
21099
94039
62204
90261
16424
15589
8012
19173
99293
92583
70443
2835
33266
26864
48021
73011
88094
38250
13972
15333
53575
24858
4559
47796
87108
75780
51209
65315
51574
65493
95533
53749
96570
82767
82807
46925
83833
68480
6930
142
84317
38950
87051
95710
94520
81131
29311
94426
75133
78415
31346
86711
52149
4375
94636
70843
67827
75312
77387
57096
14617
47522
58564
36021
52869
88948
20793
17674
58030
78626
83806
29228
31173
30686
32311
78941
40222
3660
53272
18444
88224
97510
5224
78092
56253
36028
47467
68830
25926
51209
61118
92130
56886
35076
97051
21573
4485
13505
50772
64862
72079
74167
23540
88315
61818
82173
20520
50502
448
90238
12264
3220
74698
16550
59161
44209
2589
60963
27058
45771
62385
42061
42328
44996
5348
16808
30631
2107
97770
45842
92303
67282
35693
15782
96426
34831
71841
13710
30444
1925
47660
77180
65599
16623
25998
94459
49785
43305
45839
94630
9370
94623
11993
40772
99436
96358
99411
28372
74839
12149
16139
43911
75342
97008
59381
83063
71350
18954
5048
94150
15415
65668
81255
71963
1614
26380
82748
96222
98573
798
1424
57798
92867
9888
68167
66390
17520
33248
472
77188
26956
4496
94495
470
43273
75434
56252
12320
67215
43383
33680
14832
74335
35043
88368
78358
97134
88518
72390
62314
6628
13684
87927
42137
11523
15159
22694
19418
39040
1935
75409
82077
55876
97177
94925
46063
46706
4926
19172
41271
52699
38246
22067
44057
60212
89410
21092
92603
4353
24178
41644
66814
25128
82837
21594
63347
91009
10210
81670
94097
63450
10561
55712
47917
88850
83576
77012
98318
85448
924
86848
99070
49070
98135
22410
92410
76420
48788
11629
61832
58327
65488
35390
63943
86424
83658
525
96307
96792
7770
24489
28269
6135
43519
61497
17874
11051
16235
23696
43503
6738
6956
85192
81584
42692
81337
67244
2650
26875
5854
21225
21696
27123
45836
92683
40685
95672
90405
64782
94436
51217
77064
72697
64648
60162
6988
81882
15403
50724
55547
94277
40771
30778
70185
56786
1405
33728
13961
91134
76201
12417
29978
12840
24703
32764
73345
26956
16597
47302
7260
78376
23812
7536
2836
15656
77581
42995
68894
67105
73688
14349
175
25472
33735
74426
44014
72168
86453
92476
85289
8849
98545
53190
83085
70179
7142
37535
14935
29398
38922
63957
15792
20353
15641
45296
5482
91476
87359
88645
24891
41104
76623
63717
37262
67126
48395
51804
39734
15267
131
56832
10049
64187
21678
75444
67252
88126
11952
27349
39912
35641
84655
3519
54589
9371
45745
46859
22527
91673
12541
86836
26414
40127
46767
13897
53974
20490
12606
86242
27072
34258
24507
8865
93025
74358
10058
64245
77268
1433
32457
68172
11563
39074
9859
94239
51932
21856
12704
91740
98375
60571
95444
87520
61921
69591
29363
30494
36064
13394
64703
37904
58355
39517
5811
65004
35797
18264
16856
55089
28082
99820
61317
13790
92794
2734
78182
15975
85113
48486
45981
14762
56427
48026
48832
28974
87997
82733
66828
79627
76561
93976
95774
78690
20807
73250
83185
56331
16207
2280
6300
65018
15377
20603
18477
11091
87413
35060
27339
46835
83526
44284
43316
62991
38322
328
68381
95415
69235
70536
97967
5494
4850
80879
95961
6084
72482
75069
89350
87908
97681
26920
84773
97655
86225
82743
16972
7271
66896
28385
58076
18521
29578
43210
24244
14154
36058
14607
51441
71336
49078
78040
13764
34926
71060
94641
42323
72658
83326
45593
52696
1947
11637
13914
5852
97340
48581
22635
27942
95082
17429
17372
35159
68122
6039
47902
50605
89239
53682
38575
19944
8760
67844
2520
33561
33788
89641
77270
58
27010
58782
52082
90978
2259
64181
2134
30161
83005
70617
32899
98320
33256
57862
83228
8415
49644
14753
59072
69134
64787
35800
98663
27371
61891
69208
42297
36099
51218
58889
86680
68743
48408
19615
25100
15508
97825
75528
72562
75081
77593
63307
24493
78295
22986
20820
86312
60373
61523
38244
48346
57655
2721
36984
29036
42169
10205
66873
6165
28408
3797
76408
96921
57483
53055
71828
83590
73186
66103
57516
63716
27649
48401
62835
36578
57054
72078
77092
39863
42562
85284
65125
6964
30668
14938
47018
42726
31996
94058
53398
52310
54474
57393
9360
88468
95309
35604
35989
90551
3403
99870
54294
67342
40101
70101
67081
6965
37746
29998
7087
88126
24107
54883
84982
8831
98408
66902
71136
16066
19982
2118
96220
94871
79848
82712
2115
50857
69930
70808
17491
53760
94672
12545
34227
91060
77186
81753
88998
68317
37515
16881
21626
8234
19960
53767
80816
78281
51835
68284
10646
75253
10804
63959
55128
10370
94445
81459
43968
40853
91503
39735
25484
62943
31509
65258
19709
30958
76434
77581
22008
5330
56278
48905
22281
79824
73249
47653
31328
1255
73565
78104
33288
55503
87465
57761
41579
52236
37309
78376
31366
92541
76885
99358
15199
45058
87161
62880
48671
95999
96167
21176
67523
21048
47562
33677
38781
89643
58249
35864
92368
26255
8925
64767
71317
63973
1479
53206
56538
94692
43037
63534
77631
26727
89318
86038
92198
78585
63673
34706
48550
89244
19023
76787
48760
51875
60563
43362
40933
40984
15084
37812
51193
52123
3136
42080
59457
94475
25514
14920
22192
91047
88562
41028
12304
11086
48251
67514
2851
7896
38450
47214
64809
45046
21454
34507
71304
25173
83344
32447
31810
33363
34153
2822
99529
27009
34731
76925
36305
95476
21985
2069
86817
26189
69928
71330
22975
45648
81277
35662
76807
58240
28079
13095
19626
85825
83750
64073
88046
977
49232
57658
24125
6102
54146
7285
25402
1818
65045
51480
58240
79369
29544
32155
5271
52498
58426
57258
63457
58357
52986
93393
40607
75028
74596
87769
49752
58044
97334
41366
9379
64264
92964
13727
17031
78679
22812
22516
40461
97112
11367
59544
43372
6484
37892
8425
29094
51304
79808
86773
5641
86913
9249
69523
85299
93338
6962
15781
41071
85592
1411
2905
73640
35874
33160
81551
28304
8816
94021
96479
64088
89658
56182
76545
46612
82377
23185
61939
27905
28949
9453
88440
36772
13677
57041
59366
4817
82316
15897
45399
30078
58246
12039
52153
80596
47372
91621
44948
86538
92294
36399
30285
31976
57364
71823
83402
14056
16403
31873
88120
49662
93943
28255
7929
15755
80836
68222
68486
41841
46082
83383
81297
24622
25967
86206
10679
21830
64817
43481
46745
1779
53206
74790
49099
85599
18304
50445
10900
78336
72630
26706
59690
79859
94149
73211
97390
52886
45028
44810
25259
98114
19192
411
81274
20017
12047
67018
62874
72341
77291
62131
99515
94640
39969
95692
57086
