4955
1213 1213
2426 1213
3639 1213
4852 1213
6065 1213
7278 1213
8491 1213
9704 1213
10917 1213
12130 1213
13343 1213
14556 1213
15769 1213
16982 1213
18195 1213
19408 1213
20621 1213
21834 1213
23047 1213
24260 1213
25473 1213
26686 1213
27899 1213
29112 1213
30325 1213
31538 1213
32751 1213
33964 1213
35177 1213
36390 1213
37603 1213
38816 1213
40029 1213
41242 1213
42455 1213
43668 1213
44881 1213
46094 1213
47307 1213
48520 1213
49733 1213
50946 1213
52159 1213
53372 1213
54585 1213
55798 1213
57011 1213
58224 1213
59437 1213
60650 1213
61863 1213
63076 1213
64289 1213
65502 1213
66715 1213
67928 1213
69141 1213
70354 1213
71567 1213
72780 1213
73993 1213
75206 1213
76419 1213
77632 1213
78845 1213
80058 1213
81271 1213
82484 1213
83697 1213
84910 1213
86123 1213
87336 1213
88549 1213
89762 1213
90975 1213
92188 1213
93401 1213
94614 1213
95827 1213
97040 1213
98253 1213
99466 1213
100679 1213
101892 1213
103105 1213
104318 1213
105531 1213
106744 1213
107957 1213
109170 1213
110383 1213
111596 1213
112809 1213
114022 1213
115235 1213
116448 1213
117661 1213
118874 1213
120087 1213
121300 1213
122513 1213
123726 1213
124939 1213
126152 1213
127365 1213
128578 1213
129791 1213
131004 1213
132217 1213
133430 1213
134643 1213
135856 1213
137069 1213
138282 1213
139495 1213
140708 1213
141921 1213
143134 1213
144347 1213
145560 1213
146773 1213
147986 1213
149199 1213
150412 1213
151625 1213
152838 1213
154051 1213
155264 1213
156477 1213
157690 1213
158903 1213
160116 1213
161329 1213
162542 1213
163755 1213
164968 1213
166181 1213
167394 1213
168607 1213
169820 1213
171033 1213
172246 1213
173459 1213
174672 1213
175885 1213
177098 1213
178311 1213
179524 1213
180737 1213
181950 1213
183163 1213
184376 1213
185589 1213
186802 1213
188015 1213
189228 1213
190441 1213
191654 1213
192867 1213
194080 1213
195293 1213
196506 1213
197719 1213
198932 1213
200145 1213
201358 1213
202571 1213
203784 1213
204997 1213
206210 1213
207423 1213
208636 1213
209849 1213
211062 1213
212275 1213
213488 1213
214701 1213
215914 1213
217127 1213
218340 1213
219553 1213
220766 1213
221979 1213
223192 1213
224405 1213
225618 1213
226831 1213
228044 1213
229257 1213
230470 1213
231683 1213
232896 1213
234109 1213
235322 1213
236535 1213
237748 1213
238961 1213
240174 1213
241387 1213
242600 1213
243813 1213
245026 1213
246239 1213
247452 1213
248665 1213
249878 1213
251091 1213
252304 1213
253517 1213
254730 1213
255943 1213
257156 1213
258369 1213
259582 1213
260795 1213
262008 1213
263221 1213
264434 1213
265647 1213
266860 1213
268073 1213
269286 1213
270499 1213
271712 1213
272925 1213
274138 1213
275351 1213
276564 1213
277777 1213
278990 1213
280203 1213
281416 1213
282629 1213
283842 1213
285055 1213
286268 1213
287481 1213
288694 1213
289907 1213
291120 1213
292333 1213
293546 1213
294759 1213
295972 1213
297185 1213
298398 1213
299611 1213
300824 1213
302037 1213
303250 1213
304463 1213
305676 1213
306889 1213
308102 1213
309315 1213
310528 1213
311741 1213
312954 1213
314167 1213
315380 1213
316593 1213
317806 1213
319019 1213
320232 1213
321445 1213
322658 1213
323871 1213
325084 1213
326297 1213
327510 1213
328723 1213
329936 1213
331149 1213
332362 1213
333575 1213
334788 1213
336001 1213
337214 1213
338427 1213
339640 1213
340853 1213
342066 1213
343279 1213
344492 1213
345705 1213
346918 1213
348131 1213
349344 1213
350557 1213
351770 1213
352983 1213
354196 1213
355409 1213
356622 1213
357835 1213
359048 1213
360261 1213
361474 1213
362687 1213
363900 1213
365113 1213
366326 1213
367539 1213
368752 1213
369965 1213
371178 1213
372391 1213
373604 1213
374817 1213
376030 1213
377243 1213
378456 1213
379669 1213
380882 1213
382095 1213
383308 1213
384521 1213
385734 1213
386947 1213
388160 1213
389373 1213
390586 1213
391799 1213
393012 1213
394225 1213
395438 1213
396651 1213
397864 1213
399077 1213
400290 1213
401503 1213
402716 1213
403929 1213
405142 1213
406355 1213
407568 1213
408781 1213
409994 1213
411207 1213
412420 1213
413633 1213
414846 1213
416059 1213
417272 1213
418485 1213
419698 1213
420911 1213
422124 1213
423337 1213
424550 1213
425763 1213
426976 1213
428189 1213
429402 1213
430615 1213
431828 1213
433041 1213
434254 1213
435467 1213
436680 1213
437893 1213
439106 1213
440319 1213
441532 1213
442745 1213
443958 1213
445171 1213
446384 1213
447597 1213
448810 1213
450023 1213
451236 1213
452449 1213
453662 1213
454875 1213
456088 1213
457301 1213
458514 1213
459727 1213
460940 1213
462153 1213
463366 1213
464579 1213
465792 1213
467005 1213
468218 1213
469431 1213
470644 1213
471857 1213
473070 1213
474283 1213
475496 1213
476709 1213
477922 1213
479135 1213
480348 1213
481561 1213
482774 1213
483987 1213
485200 1213
486413 1213
487626 1213
488839 1213
490052 1213
491265 1213
492478 1213
493691 1213
494904 1213
496117 1213
497330 1213
498543 1213
499756 1213
500969 1213
502182 1213
503395 1213
504608 1213
505821 1213
507034 1213
508247 1213
509460 1213
510673 1213
511886 1213
513099 1213
514312 1213
515525 1213
516738 1213
517951 1213
519164 1213
520377 1213
521590 1213
522803 1213
524016 1213
525229 1213
526442 1213
527655 1213
528868 1213
530081 1213
531294 1213
532507 1213
533720 1213
534933 1213
536146 1213
537359 1213
538572 1213
539785 1213
540998 1213
542211 1213
543424 1213
544637 1213
545850 1213
547063 1213
548276 1213
549489 1213
550702 1213
551915 1213
553128 1213
554341 1213
555554 1213
556767 1213
557980 1213
559193 1213
560406 1213
561619 1213
562832 1213
564045 1213
565258 1213
566471 1213
567684 1213
568897 1213
570110 1213
571323 1213
572536 1213
573749 1213
574962 1213
576175 1213
577388 1213
578601 1213
579814 1213
581027 1213
582240 1213
583453 1213
584666 1213
585879 1213
587092 1213
588305 1213
589518 1213
590731 1213
591944 1213
593157 1213
594370 1213
595583 1213
596796 1213
598009 1213
599222 1213
600435 1213
601648 1213
602861 1213
604074 1213
605287 1213
606500 1213
607713 1213
608926 1213
610139 1213
611352 1213
612565 1213
613778 1213
614991 1213
616204 1213
617417 1213
618630 1213
619843 1213
621056 1213
622269 1213
623482 1213
624695 1213
625908 1213
627121 1213
628334 1213
629547 1213
630760 1213
631973 1213
633186 1213
634399 1213
635612 1213
636825 1213
638038 1213
639251 1213
640464 1213
641677 1213
642890 1213
644103 1213
645316 1213
646529 1213
647742 1213
648955 1213
650168 1213
651381 1213
652594 1213
653807 1213
655020 1213
656233 1213
657446 1213
658659 1213
659872 1213
661085 1213
662298 1213
663511 1213
664724 1213
665937 1213
667150 1213
668363 1213
669576 1213
670789 1213
672002 1213
673215 1213
674428 1213
675641 1213
676854 1213
678067 1213
679280 1213
680493 1213
681706 1213
682919 1213
684132 1213
685345 1213
686558 1213
687771 1213
688984 1213
690197 1213
691410 1213
692623 1213
693836 1213
695049 1213
696262 1213
697475 1213
698688 1213
699901 1213
701114 1213
702327 1213
703540 1213
704753 1213
705966 1213
707179 1213
708392 1213
709605 1213
710818 1213
712031 1213
713244 1213
714457 1213
715670 1213
716883 1213
718096 1213
719309 1213
720522 1213
721735 1213
722948 1213
724161 1213
725374 1213
726587 1213
727800 1213
729013 1213
730226 1213
731439 1213
732652 1213
733865 1213
735078 1213
736291 1213
737504 1213
738717 1213
739930 1213
741143 1213
742356 1213
743569 1213
744782 1213
745995 1213
747208 1213
748421 1213
749634 1213
750847 1213
752060 1213
753273 1213
754486 1213
755699 1213
756912 1213
758125 1213
759338 1213
760551 1213
761764 1213
762977 1213
764190 1213
765403 1213
766616 1213
767829 1213
769042 1213
770255 1213
771468 1213
772681 1213
773894 1213
775107 1213
776320 1213
777533 1213
778746 1213
779959 1213
781172 1213
782385 1213
783598 1213
784811 1213
786024 1213
787237 1213
788450 1213
789663 1213
790876 1213
792089 1213
793302 1213
794515 1213
795728 1213
796941 1213
798154 1213
799367 1213
800580 1213
801793 1213
803006 1213
804219 1213
805432 1213
806645 1213
807858 1213
809071 1213
810284 1213
811497 1213
812710 1213
813923 1213
815136 1213
816349 1213
817562 1213
818775 1213
819988 1213
821201 1213
822414 1213
823627 1213
824840 1213
826053 1213
827266 1213
828479 1213
829692 1213
830905 1213
832118 1213
833331 1213
834544 1213
835757 1213
836970 1213
838183 1213
839396 1213
840609 1213
841822 1213
843035 1213
844248 1213
845461 1213
846674 1213
847887 1213
849100 1213
850313 1213
851526 1213
852739 1213
853952 1213
855165 1213
856378 1213
857591 1213
858804 1213
860017 1213
861230 1213
862443 1213
863656 1213
864869 1213
866082 1213
867295 1213
868508 1213
869721 1213
870934 1213
872147 1213
873360 1213
874573 1213
875786 1213
876999 1213
878212 1213
879425 1213
880638 1213
881851 1213
883064 1213
884277 1213
885490 1213
886703 1213
887916 1213
889129 1213
890342 1213
891555 1213
892768 1213
893981 1213
895194 1213
896407 1213
897620 1213
898833 1213
900046 1213
901259 1213
902472 1213
903685 1213
904898 1213
906111 1213
907324 1213
908537 1213
909750 1213
910963 1213
912176 1213
913389 1213
914602 1213
915815 1213
917028 1213
918241 1213
919454 1213
920667 1213
921880 1213
923093 1213
924306 1213
925519 1213
926732 1213
927945 1213
929158 1213
930371 1213
931584 1213
932797 1213
934010 1213
935223 1213
936436 1213
937649 1213
938862 1213
940075 1213
941288 1213
942501 1213
943714 1213
944927 1213
946140 1213
947353 1213
948566 1213
949779 1213
950992 1213
952205 1213
953418 1213
954631 1213
955844 1213
957057 1213
958270 1213
959483 1213
960696 1213
961909 1213
963122 1213
964335 1213
965548 1213
966761 1213
967974 1213
969187 1213
970400 1213
971613 1213
972826 1213
974039 1213
975252 1213
976465 1213
977678 1213
978891 1213
980104 1213
981317 1213
982530 1213
983743 1213
984956 1213
986169 1213
987382 1213
988595 1213
989808 1213
991021 1213
992234 1213
993447 1213
994660 1213
995873 1213
997086 1213
998299 1213
999512 1213
1000725 1213
1001938 1213
1003151 1213
1004364 1213
1005577 1213
1006790 1213
1008003 1213
1009216 1213
1010429 1213
1011642 1213
1012855 1213
1014068 1213
1015281 1213
1016494 1213
1017707 1213
1018920 1213
1020133 1213
1021346 1213
1022559 1213
1023772 1213
1024985 1213
1026198 1213
1027411 1213
1028624 1213
1029837 1213
1031050 1213
1032263 1213
1033476 1213
1034689 1213
1035902 1213
1037115 1213
1038328 1213
1039541 1213
1040754 1213
1041967 1213
1043180 1213
1044393 1213
1045606 1213
1046819 1213
1048032 1213
1049245 1213
1050458 1213
1051671 1213
1052884 1213
1054097 1213
1055310 1213
1056523 1213
1057736 1213
1058949 1213
1060162 1213
1061375 1213
1062588 1213
1063801 1213
1065014 1213
1066227 1213
1067440 1213
1068653 1213
1069866 1213
1071079 1213
1072292 1213
1073505 1213
1074718 1213
1075931 1213
1077144 1213
1078357 1213
1079570 1213
1080783 1213
1081996 1213
1083209 1213
1084422 1213
1085635 1213
1086848 1213
1088061 1213
1089274 1213
1090487 1213
1091700 1213
1092913 1213
1094126 1213
1095339 1213
1096552 1213
1097765 1213
1098978 1213
1100191 1213
1101404 1213
1102617 1213
1103830 1213
1105043 1213
1106256 1213
1107469 1213
1108682 1213
1109895 1213
1111108 1213
1112321 1213
1113534 1213
1114747 1213
1115960 1213
1117173 1213
1118386 1213
1119599 1213
1120812 1213
1122025 1213
1123238 1213
1124451 1213
1125664 1213
1126877 1213
1128090 1213
1129303 1213
1130516 1213
1131729 1213
1132942 1213
1134155 1213
1135368 1213
1136581 1213
1137794 1213
1139007 1213
1140220 1213
1141433 1213
1142646 1213
1143859 1213
1145072 1213
1146285 1213
1147498 1213
1148711 1213
1149924 1213
1151137 1213
1152350 1213
1153563 1213
1154776 1213
1155989 1213
1157202 1213
1158415 1213
1159628 1213
1160841 1213
1162054 1213
1163267 1213
1164480 1213
1165693 1213
1166906 1213
1168119 1213
1169332 1213
1170545 1213
1171758 1213
1172971 1213
1174184 1213
1175397 1213
1176610 1213
1177823 1213
1179036 1213
1180249 1213
1181462 1213
1182675 1213
1183888 1213
1185101 1213
1186314 1213
1187527 1213
1188740 1213
1189953 1213
1191166 1213
1192379 1213
1193592 1213
1194805 1213
1196018 1213
1197231 1213
1198444 1213
1199657 1213
1200870 1213
1202083 1213
1203296 1213
1204509 1213
1205722 1213
1206935 1213
1208148 1213
1209361 1213
1210574 1213
1211787 1213
1213000 1213
1214213 1213
1215426 1213
1216639 1213
1217852 1213
1219065 1213
1220278 1213
1221491 1213
1222704 1213
1223917 1213
1225130 1213
1226343 1213
1227556 1213
1228769 1213
1229982 1213
1231195 1213
1232408 1213
1233621 1213
1234834 1213
1236047 1213
1237260 1213
1238473 1213
1239686 1213
1240899 1213
1242112 1213
1243325 1213
1244538 1213
1245751 1213
1246964 1213
1248177 1213
1249390 1213
1250603 1213
1251816 1213
1253029 1213
1254242 1213
1255455 1213
1256668 1213
1257881 1213
1259094 1213
1260307 1213
1261520 1213
1262733 1213
1263946 1213
1265159 1213
1266372 1213
1267585 1213
1268798 1213
1270011 1213
1271224 1213
1272437 1213
1273650 1213
1274863 1213
1276076 1213
1277289 1213
1278502 1213
1279715 1213
1280928 1213
1282141 1213
1283354 1213
1284567 1213
1285780 1213
1286993 1213
1288206 1213
1289419 1213
1290632 1213
1291845 1213
1293058 1213
1294271 1213
1295484 1213
1296697 1213
1297910 1213
1299123 1213
1300336 1213
1301549 1213
1302762 1213
1303975 1213
1305188 1213
1306401 1213
1307614 1213
1308827 1213
1310040 1213
1311253 1213
1312466 1213
1313679 1213
1314892 1213
1316105 1213
1317318 1213
1318531 1213
1319744 1213
1320957 1213
1322170 1213
1323383 1213
1324596 1213
1325809 1213
1327022 1213
1328235 1213
1329448 1213
1330661 1213
1331874 1213
1333087 1213
1334300 1213
1335513 1213
1336726 1213
1337939 1213
1339152 1213
1340365 1213
1341578 1213
1342791 1213
1344004 1213
1345217 1213
1346430 1213
1347643 1213
1348856 1213
1350069 1213
1351282 1213
1352495 1213
1353708 1213
1354921 1213
1356134 1213
1357347 1213
1358560 1213
1359773 1213
1360986 1213
1362199 1213
1363412 1213
1364625 1213
1365838 1213
1367051 1213
1368264 1213
1369477 1213
1370690 1213
1371903 1213
1373116 1213
1374329 1213
1375542 1213
1376755 1213
1377968 1213
1379181 1213
1380394 1213
1381607 1213
1382820 1213
1384033 1213
1385246 1213
1386459 1213
1387672 1213
1388885 1213
1390098 1213
1391311 1213
1392524 1213
1393737 1213
1394950 1213
1396163 1213
1397376 1213
1398589 1213
1399802 1213
1401015 1213
1402228 1213
1403441 1213
1404654 1213
1405867 1213
1407080 1213
1408293 1213
1409506 1213
1410719 1213
1411932 1213
1413145 1213
1414358 1213
1415571 1213
1416784 1213
1417997 1213
1419210 1213
1420423 1213
1421636 1213
1422849 1213
1424062 1213
1425275 1213
1426488 1213
1427701 1213
1428914 1213
1430127 1213
1431340 1213
1432553 1213
1433766 1213
1434979 1213
1436192 1213
1437405 1213
1438618 1213
1439831 1213
1441044 1213
1442257 1213
1443470 1213
1444683 1213
1445896 1213
1447109 1213
1448322 1213
1449535 1213
1450748 1213
1451961 1213
1453174 1213
1454387 1213
1455600 1213
1456813 1213
1458026 1213
1459239 1213
1460452 1213
1461665 1213
1462878 1213
1464091 1213
1465304 1213
1466517 1213
1467730 1213
1468943 1213
1470156 1213
1471369 1213
1472582 1213
1473795 1213
1475008 1213
1476221 1213
1477434 1213
1478647 1213
1479860 1213
1481073 1213
1482286 1213
1483499 1213
1484712 1213
1485925 1213
1487138 1213
1488351 1213
1489564 1213
1490777 1213
1491990 1213
1493203 1213
1494416 1213
1495629 1213
1496842 1213
1498055 1213
1499268 1213
1500481 1213
1501694 1213
1502907 1213
1504120 1213
1505333 1213
1506546 1213
1507759 1213
1508972 1213
1510185 1213
1511398 1213
1512611 1213
1513824 1213
1515037 1213
1516250 1213
1517463 1213
1518676 1213
1519889 1213
1521102 1213
1522315 1213
1523528 1213
1524741 1213
1525954 1213
1527167 1213
1528380 1213
1529593 1213
1530806 1213
1532019 1213
1533232 1213
1534445 1213
1535658 1213
1536871 1213
1538084 1213
1539297 1213
1540510 1213
1541723 1213
1542936 1213
1544149 1213
1545362 1213
1546575 1213
1547788 1213
1549001 1213
1550214 1213
1551427 1213
1552640 1213
1553853 1213
1555066 1213
1556279 1213
1557492 1213
1558705 1213
1559918 1213
1561131 1213
1562344 1213
1563557 1213
1564770 1213
1565983 1213
1567196 1213
1568409 1213
1569622 1213
1570835 1213
1572048 1213
1573261 1213
1574474 1213
1575687 1213
1576900 1213
1578113 1213
1579326 1213
1580539 1213
1581752 1213
1582965 1213
1584178 1213
1585391 1213
1586604 1213
1587817 1213
1589030 1213
1590243 1213
1591456 1213
1592669 1213
1593882 1213
1595095 1213
1596308 1213
1597521 1213
1598734 1213
1599947 1213
1601160 1213
1602373 1213
1603586 1213
1604799 1213
1606012 1213
1607225 1213
1608438 1213
1609651 1213
1610864 1213
1612077 1213
1613290 1213
1614503 1213
1615716 1213
1616929 1213
1618142 1213
1619355 1213
1620568 1213
1621781 1213
1622994 1213
1624207 1213
1625420 1213
1626633 1213
1627846 1213
1629059 1213
1630272 1213
1631485 1213
1632698 1213
1633911 1213
1635124 1213
1636337 1213
1637550 1213
1638763 1213
1639976 1213
1641189 1213
1642402 1213
1643615 1213
1644828 1213
1646041 1213
1647254 1213
1648467 1213
1649680 1213
1650893 1213
1652106 1213
1653319 1213
1654532 1213
1655745 1213
1656958 1213
1658171 1213
1659384 1213
1660597 1213
1661810 1213
1663023 1213
1664236 1213
1665449 1213
1666662 1213
1667875 1213
1669088 1213
1670301 1213
1671514 1213
1672727 1213
1673940 1213
1675153 1213
1676366 1213
1677579 1213
1678792 1213
1680005 1213
1681218 1213
1682431 1213
1683644 1213
1684857 1213
1686070 1213
1687283 1213
1688496 1213
1689709 1213
1690922 1213
1692135 1213
1693348 1213
1694561 1213
1695774 1213
1696987 1213
1698200 1213
1699413 1213
1700626 1213
1701839 1213
1703052 1213
1704265 1213
1705478 1213
1706691 1213
1707904 1213
1709117 1213
1710330 1213
1711543 1213
1712756 1213
1713969 1213
1715182 1213
1716395 1213
1717608 1213
1718821 1213
1720034 1213
1721247 1213
1722460 1213
1723673 1213
1724886 1213
1726099 1213
1727312 1213
1728525 1213
1729738 1213
1730951 1213
1732164 1213
1733377 1213
1734590 1213
1735803 1213
1737016 1213
1738229 1213
1739442 1213
1740655 1213
1741868 1213
1743081 1213
1744294 1213
1745507 1213
1746720 1213
1747933 1213
1749146 1213
1750359 1213
1751572 1213
1752785 1213
1753998 1213
1755211 1213
1756424 1213
1757637 1213
1758850 1213
1760063 1213
1761276 1213
1762489 1213
1763702 1213
1764915 1213
1766128 1213
1767341 1213
1768554 1213
1769767 1213
1770980 1213
1772193 1213
1773406 1213
1774619 1213
1775832 1213
1777045 1213
1778258 1213
1779471 1213
1780684 1213
1781897 1213
1783110 1213
1784323 1213
1785536 1213
1786749 1213
1787962 1213
1789175 1213
1790388 1213
1791601 1213
1792814 1213
1794027 1213
1795240 1213
1796453 1213
1797666 1213
1798879 1213
1800092 1213
1801305 1213
1802518 1213
1803731 1213
1804944 1213
1806157 1213
1807370 1213
1808583 1213
1809796 1213
1811009 1213
1812222 1213
1813435 1213
1814648 1213
1815861 1213
1817074 1213
1818287 1213
1819500 1213
1820713 1213
1821926 1213
1823139 1213
1824352 1213
1825565 1213
1826778 1213
1827991 1213
1829204 1213
1830417 1213
1831630 1213
1832843 1213
1834056 1213
1835269 1213
1836482 1213
1837695 1213
1838908 1213
1840121 1213
1841334 1213
1842547 1213
1843760 1213
1844973 1213
1846186 1213
1847399 1213
1848612 1213
1849825 1213
1851038 1213
1852251 1213
1853464 1213
1854677 1213
1855890 1213
1857103 1213
1858316 1213
1859529 1213
1860742 1213
1861955 1213
1863168 1213
1864381 1213
1865594 1213
1866807 1213
1868020 1213
1869233 1213
1870446 1213
1871659 1213
1872872 1213
1874085 1213
1875298 1213
1876511 1213
1877724 1213
1878937 1213
1880150 1213
1881363 1213
1882576 1213
1883789 1213
1885002 1213
1886215 1213
1887428 1213
1888641 1213
1889854 1213
1891067 1213
1892280 1213
1893493 1213
1894706 1213
1895919 1213
1897132 1213
1898345 1213
1899558 1213
1900771 1213
1901984 1213
1903197 1213
1904410 1213
1905623 1213
1906836 1213
1908049 1213
1909262 1213
1910475 1213
1911688 1213
1912901 1213
1914114 1213
1915327 1213
1916540 1213
1917753 1213
1918966 1213
1920179 1213
1921392 1213
1922605 1213
1923818 1213
1925031 1213
1926244 1213
1927457 1213
1928670 1213
1929883 1213
1931096 1213
1932309 1213
1933522 1213
1934735 1213
1935948 1213
1937161 1213
1938374 1213
1939587 1213
1940800 1213
1942013 1213
1943226 1213
1944439 1213
1945652 1213
1946865 1213
1948078 1213
1949291 1213
1950504 1213
1951717 1213
1952930 1213
1954143 1213
1955356 1213
1956569 1213
1957782 1213
1958995 1213
1960208 1213
1961421 1213
1962634 1213
1963847 1213
1965060 1213
1966273 1213
1967486 1213
1968699 1213
1969912 1213
1971125 1213
1972338 1213
1973551 1213
1974764 1213
1975977 1213
1977190 1213
1978403 1213
1979616 1213
1980829 1213
1982042 1213
1983255 1213
1984468 1213
1985681 1213
1986894 1213
1988107 1213
1989320 1213
1990533 1213
1991746 1213
1992959 1213
1994172 1213
1995385 1213
1996598 1213
1997811 1213
1999024 1213
2000237 1213
2001450 1213
2002663 1213
2003876 1213
2005089 1213
2006302 1213
2007515 1213
2008728 1213
2009941 1213
2011154 1213
2012367 1213
2013580 1213
2014793 1213
2016006 1213
2017219 1213
2018432 1213
2019645 1213
2020858 1213
2022071 1213
2023284 1213
2024497 1213
2025710 1213
2026923 1213
2028136 1213
2029349 1213
2030562 1213
2031775 1213
2032988 1213
2034201 1213
2035414 1213
2036627 1213
2037840 1213
2039053 1213
2040266 1213
2041479 1213
2042692 1213
2043905 1213
2045118 1213
2046331 1213
2047544 1213
2048757 1213
2049970 1213
2051183 1213
2052396 1213
2053609 1213
2054822 1213
2056035 1213
2057248 1213
2058461 1213
2059674 1213
2060887 1213
2062100 1213
2063313 1213
2064526 1213
2065739 1213
2066952 1213
2068165 1213
2069378 1213
2070591 1213
2071804 1213
2073017 1213
2074230 1213
2075443 1213
2076656 1213
2077869 1213
2079082 1213
2080295 1213
2081508 1213
2082721 1213
2083934 1213
2085147 1213
2086360 1213
2087573 1213
2088786 1213
2089999 1213
2091212 1213
2092425 1213
2093638 1213
2094851 1213
2096064 1213
2097277 1213
2098490 1213
2099703 1213
2100916 1213
2102129 1213
2103342 1213
2104555 1213
2105768 1213
2106981 1213
2108194 1213
2109407 1213
2110620 1213
2111833 1213
2113046 1213
2114259 1213
2115472 1213
2116685 1213
2117898 1213
2119111 1213
2120324 1213
2121537 1213
2122750 1213
2123963 1213
2125176 1213
2126389 1213
2127602 1213
2128815 1213
2130028 1213
2131241 1213
2132454 1213
2133667 1213
2134880 1213
2136093 1213
2137306 1213
2138519 1213
2139732 1213
2140945 1213
2142158 1213
2143371 1213
2144584 1213
2145797 1213
2147010 1213
2148223 1213
2149436 1213
2150649 1213
2151862 1213
2153075 1213
2154288 1213
2155501 1213
2156714 1213
2157927 1213
2159140 1213
2160353 1213
2161566 1213
2162779 1213
2163992 1213
2165205 1213
2166418 1213
2167631 1213
2168844 1213
2170057 1213
2171270 1213
2172483 1213
2173696 1213
2174909 1213
2176122 1213
2177335 1213
2178548 1213
2179761 1213
2180974 1213
2182187 1213
2183400 1213
2184613 1213
2185826 1213
2187039 1213
2188252 1213
2189465 1213
2190678 1213
2191891 1213
2193104 1213
2194317 1213
2195530 1213
2196743 1213
2197956 1213
2199169 1213
2200382 1213
2201595 1213
2202808 1213
2204021 1213
2205234 1213
2206447 1213
2207660 1213
2208873 1213
2210086 1213
2211299 1213
2212512 1213
2213725 1213
2214938 1213
2216151 1213
2217364 1213
2218577 1213
2219790 1213
2221003 1213
2222216 1213
2223429 1213
2224642 1213
2225855 1213
2227068 1213
2228281 1213
2229494 1213
2230707 1213
2231920 1213
2233133 1213
2234346 1213
2235559 1213
2236772 1213
2237985 1213
2239198 1213
2240411 1213
2241624 1213
2242837 1213
2244050 1213
2245263 1213
2246476 1213
2247689 1213
2248902 1213
2250115 1213
2251328 1213
2252541 1213
2253754 1213
2254967 1213
2256180 1213
2257393 1213
2258606 1213
2259819 1213
2261032 1213
2262245 1213
2263458 1213
2264671 1213
2265884 1213
2267097 1213
2268310 1213
2269523 1213
2270736 1213
2271949 1213
2273162 1213
2274375 1213
2275588 1213
2276801 1213
2278014 1213
2279227 1213
2280440 1213
2281653 1213
2282866 1213
2284079 1213
2285292 1213
2286505 1213
2287718 1213
2288931 1213
2290144 1213
2291357 1213
2292570 1213
2293783 1213
2294996 1213
2296209 1213
2297422 1213
2298635 1213
2299848 1213
2301061 1213
2302274 1213
2303487 1213
2304700 1213
2305913 1213
2307126 1213
2308339 1213
2309552 1213
2310765 1213
2311978 1213
2313191 1213
2314404 1213
2315617 1213
2316830 1213
2318043 1213
2319256 1213
2320469 1213
2321682 1213
2322895 1213
2324108 1213
2325321 1213
2326534 1213
2327747 1213
2328960 1213
2330173 1213
2331386 1213
2332599 1213
2333812 1213
2335025 1213
2336238 1213
2337451 1213
2338664 1213
2339877 1213
2341090 1213
2342303 1213
2343516 1213
2344729 1213
2345942 1213
2347155 1213
2348368 1213
2349581 1213
2350794 1213
2352007 1213
2353220 1213
2354433 1213
2355646 1213
2356859 1213
2358072 1213
2359285 1213
2360498 1213
2361711 1213
2362924 1213
2364137 1213
2365350 1213
2366563 1213
2367776 1213
2368989 1213
2370202 1213
2371415 1213
2372628 1213
2373841 1213
2375054 1213
2376267 1213
2377480 1213
2378693 1213
2379906 1213
2381119 1213
2382332 1213
2383545 1213
2384758 1213
2385971 1213
2387184 1213
2388397 1213
2389610 1213
2390823 1213
2392036 1213
2393249 1213
2394462 1213
2395675 1213
2396888 1213
2398101 1213
2399314 1213
2400527 1213
2401740 1213
2402953 1213
2404166 1213
2405379 1213
2406592 1213
2407805 1213
2409018 1213
2410231 1213
2411444 1213
2412657 1213
2413870 1213
2415083 1213
2416296 1213
2417509 1213
2418722 1213
2419935 1213
2421148 1213
2422361 1213
2423574 1213
2424787 1213
2426000 1213
2427213 1213
2428426 1213
2429639 1213
2430852 1213
2432065 1213
2433278 1213
2434491 1213
2435704 1213
2436917 1213
2438130 1213
2439343 1213
2440556 1213
2441769 1213
2442982 1213
2444195 1213
2445408 1213
2446621 1213
2447834 1213
2449047 1213
2450260 1213
2451473 1213
2452686 1213
2453899 1213
2455112 1213
2456325 1213
2457538 1213
2458751 1213
2459964 1213
2461177 1213
2462390 1213
2463603 1213
2464816 1213
2466029 1213
2467242 1213
2468455 1213
2469668 1213
2470881 1213
2472094 1213
2473307 1213
2474520 1213
2475733 1213
2476946 1213
2478159 1213
2479372 1213
2480585 1213
2481798 1213
2483011 1213
2484224 1213
2485437 1213
2486650 1213
2487863 1213
2489076 1213
2490289 1213
2491502 1213
2492715 1213
2493928 1213
2495141 1213
2496354 1213
2497567 1213
2498780 1213
2499993 1213
2501206 1213
2502419 1213
2503632 1213
2504845 1213
2506058 1213
2507271 1213
2508484 1213
2509697 1213
2510910 1213
2512123 1213
2513336 1213
2514549 1213
2515762 1213
2516975 1213
2518188 1213
2519401 1213
2520614 1213
2521827 1213
2523040 1213
2524253 1213
2525466 1213
2526679 1213
2527892 1213
2529105 1213
2530318 1213
2531531 1213
2532744 1213
2533957 1213
2535170 1213
2536383 1213
2537596 1213
2538809 1213
2540022 1213
2541235 1213
2542448 1213
2543661 1213
2544874 1213
2546087 1213
2547300 1213
2548513 1213
2549726 1213
2550939 1213
2552152 1213
2553365 1213
2554578 1213
2555791 1213
2557004 1213
2558217 1213
2559430 1213
2560643 1213
2561856 1213
2563069 1213
2564282 1213
2565495 1213
2566708 1213
2567921 1213
2569134 1213
2570347 1213
2571560 1213
2572773 1213
2573986 1213
2575199 1213
2576412 1213
2577625 1213
2578838 1213
2580051 1213
2581264 1213
2582477 1213
2583690 1213
2584903 1213
2586116 1213
2587329 1213
2588542 1213
2589755 1213
2590968 1213
2592181 1213
2593394 1213
2594607 1213
2595820 1213
2597033 1213
2598246 1213
2599459 1213
2600672 1213
2601885 1213
2603098 1213
2604311 1213
2605524 1213
2606737 1213
2607950 1213
2609163 1213
2610376 1213
2611589 1213
2612802 1213
2614015 1213
2615228 1213
2616441 1213
2617654 1213
2618867 1213
2620080 1213
2621293 1213
2622506 1213
2623719 1213
2624932 1213
2626145 1213
2627358 1213
2628571 1213
2629784 1213
2630997 1213
2632210 1213
2633423 1213
2634636 1213
2635849 1213
2637062 1213
2638275 1213
2639488 1213
2640701 1213
2641914 1213
2643127 1213
2644340 1213
2645553 1213
2646766 1213
2647979 1213
2649192 1213
2650405 1213
2651618 1213
2652831 1213
2654044 1213
2655257 1213
2656470 1213
2657683 1213
2658896 1213
2660109 1213
2661322 1213
2662535 1213
2663748 1213
2664961 1213
2666174 1213
2667387 1213
2668600 1213
2669813 1213
2671026 1213
2672239 1213
2673452 1213
2674665 1213
2675878 1213
2677091 1213
2678304 1213
2679517 1213
2680730 1213
2681943 1213
2683156 1213
2684369 1213
2685582 1213
2686795 1213
2688008 1213
2689221 1213
2690434 1213
2691647 1213
2692860 1213
2694073 1213
2695286 1213
2696499 1213
2697712 1213
2698925 1213
2700138 1213
2701351 1213
2702564 1213
2703777 1213
2704990 1213
2706203 1213
2707416 1213
2708629 1213
2709842 1213
2711055 1213
2712268 1213
2713481 1213
2714694 1213
2715907 1213
2717120 1213
2718333 1213
2719546 1213
2720759 1213
2721972 1213
2723185 1213
2724398 1213
2725611 1213
2726824 1213
2728037 1213
2729250 1213
2730463 1213
2731676 1213
2732889 1213
2734102 1213
2735315 1213
2736528 1213
2737741 1213
2738954 1213
2740167 1213
2741380 1213
2742593 1213
2743806 1213
2745019 1213
2746232 1213
2747445 1213
2748658 1213
2749871 1213
2751084 1213
2752297 1213
2753510 1213
2754723 1213
2755936 1213
2757149 1213
2758362 1213
2759575 1213
2760788 1213
2762001 1213
2763214 1213
2764427 1213
2765640 1213
2766853 1213
2768066 1213
2769279 1213
2770492 1213
2771705 1213
2772918 1213
2774131 1213
2775344 1213
2776557 1213
2777770 1213
2778983 1213
2780196 1213
2781409 1213
2782622 1213
2783835 1213
2785048 1213
2786261 1213
2787474 1213
2788687 1213
2789900 1213
2791113 1213
2792326 1213
2793539 1213
2794752 1213
2795965 1213
2797178 1213
2798391 1213
2799604 1213
2800817 1213
2802030 1213
2803243 1213
2804456 1213
2805669 1213
2806882 1213
2808095 1213
2809308 1213
2810521 1213
2811734 1213
2812947 1213
2814160 1213
2815373 1213
2816586 1213
2817799 1213
2819012 1213
2820225 1213
2821438 1213
2822651 1213
2823864 1213
2825077 1213
2826290 1213
2827503 1213
2828716 1213
2829929 1213
2831142 1213
2832355 1213
2833568 1213
2834781 1213
2835994 1213
2837207 1213
2838420 1213
2839633 1213
2840846 1213
2842059 1213
2843272 1213
2844485 1213
2845698 1213
2846911 1213
2848124 1213
2849337 1213
2850550 1213
2851763 1213
2852976 1213
2854189 1213
2855402 1213
2856615 1213
2857828 1213
2859041 1213
2860254 1213
2861467 1213
2862680 1213
2863893 1213
2865106 1213
2866319 1213
2867532 1213
2868745 1213
2869958 1213
2871171 1213
2872384 1213
2873597 1213
2874810 1213
2876023 1213
2877236 1213
2878449 1213
2879662 1213
2880875 1213
2882088 1213
2883301 1213
2884514 1213
2885727 1213
2886940 1213
2888153 1213
2889366 1213
2890579 1213
2891792 1213
2893005 1213
2894218 1213
2895431 1213
2896644 1213
2897857 1213
2899070 1213
2900283 1213
2901496 1213
2902709 1213
2903922 1213
2905135 1213
2906348 1213
2907561 1213
2908774 1213
2909987 1213
2911200 1213
2912413 1213
2913626 1213
2914839 1213
2916052 1213
2917265 1213
2918478 1213
2919691 1213
2920904 1213
2922117 1213
2923330 1213
2924543 1213
2925756 1213
2926969 1213
2928182 1213
2929395 1213
2930608 1213
2931821 1213
2933034 1213
2934247 1213
2935460 1213
2936673 1213
2937886 1213
2939099 1213
2940312 1213
2941525 1213
2942738 1213
2943951 1213
2945164 1213
2946377 1213
2947590 1213
2948803 1213
2950016 1213
2951229 1213
2952442 1213
2953655 1213
2954868 1213
2956081 1213
2957294 1213
2958507 1213
2959720 1213
2960933 1213
2962146 1213
2963359 1213
2964572 1213
2965785 1213
2966998 1213
2968211 1213
2969424 1213
2970637 1213
2971850 1213
2973063 1213
2974276 1213
2975489 1213
2976702 1213
2977915 1213
2979128 1213
2980341 1213
2981554 1213
2982767 1213
2983980 1213
2985193 1213
2986406 1213
2987619 1213
2988832 1213
2990045 1213
2991258 1213
2992471 1213
2993684 1213
2994897 1213
2996110 1213
2997323 1213
2998536 1213
2999749 1213
3000962 1213
3002175 1213
3003388 1213
3004601 1213
3005814 1213
3007027 1213
3008240 1213
3009453 1213
3010666 1213
3011879 1213
3013092 1213
3014305 1213
3015518 1213
3016731 1213
3017944 1213
3019157 1213
3020370 1213
3021583 1213
3022796 1213
3024009 1213
3025222 1213
3026435 1213
3027648 1213
3028861 1213
3030074 1213
3031287 1213
3032500 1213
3033713 1213
3034926 1213
3036139 1213
3037352 1213
3038565 1213
3039778 1213
3040991 1213
3042204 1213
3043417 1213
3044630 1213
3045843 1213
3047056 1213
3048269 1213
3049482 1213
3050695 1213
3051908 1213
3053121 1213
3054334 1213
3055547 1213
3056760 1213
3057973 1213
3059186 1213
3060399 1213
3061612 1213
3062825 1213
3064038 1213
3065251 1213
3066464 1213
3067677 1213
3068890 1213
3070103 1213
3071316 1213
3072529 1213
3073742 1213
3074955 1213
3076168 1213
3077381 1213
3078594 1213
3079807 1213
3081020 1213
3082233 1213
3083446 1213
3084659 1213
3085872 1213
3087085 1213
3088298 1213
3089511 1213
3090724 1213
3091937 1213
3093150 1213
3094363 1213
3095576 1213
3096789 1213
3098002 1213
3099215 1213
3100428 1213
3101641 1213
3102854 1213
3104067 1213
3105280 1213
3106493 1213
3107706 1213
3108919 1213
3110132 1213
3111345 1213
3112558 1213
3113771 1213
3114984 1213
3116197 1213
3117410 1213
3118623 1213
3119836 1213
3121049 1213
3122262 1213
3123475 1213
3124688 1213
3125901 1213
3127114 1213
3128327 1213
3129540 1213
3130753 1213
3131966 1213
3133179 1213
3134392 1213
3135605 1213
3136818 1213
3138031 1213
3139244 1213
3140457 1213
3141670 1213
3142883 1213
3144096 1213
3145309 1213
3146522 1213
3147735 1213
3148948 1213
3150161 1213
3151374 1213
3152587 1213
3153800 1213
3155013 1213
3156226 1213
3157439 1213
3158652 1213
3159865 1213
3161078 1213
3162291 1213
3163504 1213
3164717 1213
3165930 1213
3167143 1213
3168356 1213
3169569 1213
3170782 1213
3171995 1213
3173208 1213
3174421 1213
3175634 1213
3176847 1213
3178060 1213
3179273 1213
3180486 1213
3181699 1213
3182912 1213
3184125 1213
3185338 1213
3186551 1213
3187764 1213
3188977 1213
3190190 1213
3191403 1213
3192616 1213
3193829 1213
3195042 1213
3196255 1213
3197468 1213
3198681 1213
3199894 1213
3201107 1213
3202320 1213
3203533 1213
3204746 1213
3205959 1213
3207172 1213
3208385 1213
3209598 1213
3210811 1213
3212024 1213
3213237 1213
3214450 1213
3215663 1213
3216876 1213
3218089 1213
3219302 1213
3220515 1213
3221728 1213
3222941 1213
3224154 1213
3225367 1213
3226580 1213
3227793 1213
3229006 1213
3230219 1213
3231432 1213
3232645 1213
3233858 1213
3235071 1213
3236284 1213
3237497 1213
3238710 1213
3239923 1213
3241136 1213
3242349 1213
3243562 1213
3244775 1213
3245988 1213
3247201 1213
3248414 1213
3249627 1213
3250840 1213
3252053 1213
3253266 1213
3254479 1213
3255692 1213
3256905 1213
3258118 1213
3259331 1213
3260544 1213
3261757 1213
3262970 1213
3264183 1213
3265396 1213
3266609 1213
3267822 1213
3269035 1213
3270248 1213
3271461 1213
3272674 1213
3273887 1213
3275100 1213
3276313 1213
3277526 1213
3278739 1213
3279952 1213
3281165 1213
3282378 1213
3283591 1213
3284804 1213
3286017 1213
3287230 1213
3288443 1213
3289656 1213
3290869 1213
3292082 1213
3293295 1213
3294508 1213
3295721 1213
3296934 1213
3298147 1213
3299360 1213
3300573 1213
3301786 1213
3302999 1213
3304212 1213
3305425 1213
3306638 1213
3307851 1213
3309064 1213
3310277 1213
3311490 1213
3312703 1213
3313916 1213
3315129 1213
3316342 1213
3317555 1213
3318768 1213
3319981 1213
3321194 1213
3322407 1213
3323620 1213
3324833 1213
3326046 1213
3327259 1213
3328472 1213
3329685 1213
3330898 1213
3332111 1213
3333324 1213
3334537 1213
3335750 1213
3336963 1213
3338176 1213
3339389 1213
3340602 1213
3341815 1213
3343028 1213
3344241 1213
3345454 1213
3346667 1213
3347880 1213
3349093 1213
3350306 1213
3351519 1213
3352732 1213
3353945 1213
3355158 1213
3356371 1213
3357584 1213
3358797 1213
3360010 1213
3361223 1213
3362436 1213
3363649 1213
3364862 1213
3366075 1213
3367288 1213
3368501 1213
3369714 1213
3370927 1213
3372140 1213
3373353 1213
3374566 1213
3375779 1213
3376992 1213
3378205 1213
3379418 1213
3380631 1213
3381844 1213
3383057 1213
3384270 1213
3385483 1213
3386696 1213
3387909 1213
3389122 1213
3390335 1213
3391548 1213
3392761 1213
3393974 1213
3395187 1213
3396400 1213
3397613 1213
3398826 1213
3400039 1213
3401252 1213
3402465 1213
3403678 1213
3404891 1213
3406104 1213
3407317 1213
3408530 1213
3409743 1213
3410956 1213
3412169 1213
3413382 1213
3414595 1213
3415808 1213
3417021 1213
3418234 1213
3419447 1213
3420660 1213
3421873 1213
3423086 1213
3424299 1213
3425512 1213
3426725 1213
3427938 1213
3429151 1213
3430364 1213
3431577 1213
3432790 1213
3434003 1213
3435216 1213
3436429 1213
3437642 1213
3438855 1213
3440068 1213
3441281 1213
3442494 1213
3443707 1213
3444920 1213
3446133 1213
3447346 1213
3448559 1213
3449772 1213
3450985 1213
3452198 1213
3453411 1213
3454624 1213
3455837 1213
3457050 1213
3458263 1213
3459476 1213
3460689 1213
3461902 1213
3463115 1213
3464328 1213
3465541 1213
3466754 1213
3467967 1213
3469180 1213
3470393 1213
3471606 1213
3472819 1213
3474032 1213
3475245 1213
3476458 1213
3477671 1213
3478884 1213
3480097 1213
3481310 1213
3482523 1213
3483736 1213
3484949 1213
3486162 1213
3487375 1213
3488588 1213
3489801 1213
3491014 1213
3492227 1213
3493440 1213
3494653 1213
3495866 1213
3497079 1213
3498292 1213
3499505 1213
3500718 1213
3501931 1213
3503144 1213
3504357 1213
3505570 1213
3506783 1213
3507996 1213
3509209 1213
3510422 1213
3511635 1213
3512848 1213
3514061 1213
3515274 1213
3516487 1213
3517700 1213
3518913 1213
3520126 1213
3521339 1213
3522552 1213
3523765 1213
3524978 1213
3526191 1213
3527404 1213
3528617 1213
3529830 1213
3531043 1213
3532256 1213
3533469 1213
3534682 1213
3535895 1213
3537108 1213
3538321 1213
3539534 1213
3540747 1213
3541960 1213
3543173 1213
3544386 1213
3545599 1213
3546812 1213
3548025 1213
3549238 1213
3550451 1213
3551664 1213
3552877 1213
3554090 1213
3555303 1213
3556516 1213
3557729 1213
3558942 1213
3560155 1213
3561368 1213
3562581 1213
3563794 1213
3565007 1213
3566220 1213
3567433 1213
3568646 1213
3569859 1213
3571072 1213
3572285 1213
3573498 1213
3574711 1213
3575924 1213
3577137 1213
3578350 1213
3579563 1213
3580776 1213
3581989 1213
3583202 1213
3584415 1213
3585628 1213
3586841 1213
3588054 1213
3589267 1213
3590480 1213
3591693 1213
3592906 1213
3594119 1213
3595332 1213
3596545 1213
3597758 1213
3598971 1213
3600184 1213
3601397 1213
3602610 1213
3603823 1213
3605036 1213
3606249 1213
3607462 1213
3608675 1213
3609888 1213
3611101 1213
3612314 1213
3613527 1213
3614740 1213
3615953 1213
3617166 1213
3618379 1213
3619592 1213
3620805 1213
3622018 1213
3623231 1213
3624444 1213
3625657 1213
3626870 1213
3628083 1213
3629296 1213
3630509 1213
3631722 1213
3632935 1213
3634148 1213
3635361 1213
3636574 1213
3637787 1213
3639000 1213
3640213 1213
3641426 1213
3642639 1213
3643852 1213
3645065 1213
3646278 1213
3647491 1213
3648704 1213
3649917 1213
3651130 1213
3652343 1213
3653556 1213
3654769 1213
3655982 1213
3657195 1213
3658408 1213
3659621 1213
3660834 1213
3662047 1213
3663260 1213
3664473 1213
3665686 1213
3666899 1213
3668112 1213
3669325 1213
3670538 1213
3671751 1213
3672964 1213
3674177 1213
3675390 1213
3676603 1213
3677816 1213
3679029 1213
3680242 1213
3681455 1213
3682668 1213
3683881 1213
3685094 1213
3686307 1213
3687520 1213
3688733 1213
3689946 1213
3691159 1213
3692372 1213
3693585 1213
3694798 1213
3696011 1213
3697224 1213
3698437 1213
3699650 1213
3700863 1213
3702076 1213
3703289 1213
3704502 1213
3705715 1213
3706928 1213
3708141 1213
3709354 1213
3710567 1213
3711780 1213
3712993 1213
3714206 1213
3715419 1213
3716632 1213
3717845 1213
3719058 1213
3720271 1213
3721484 1213
3722697 1213
3723910 1213
3725123 1213
3726336 1213
3727549 1213
3728762 1213
3729975 1213
3731188 1213
3732401 1213
3733614 1213
3734827 1213
3736040 1213
3737253 1213
3738466 1213
3739679 1213
3740892 1213
3742105 1213
3743318 1213
3744531 1213
3745744 1213
3746957 1213
3748170 1213
3749383 1213
3750596 1213
3751809 1213
3753022 1213
3754235 1213
3755448 1213
3756661 1213
3757874 1213
3759087 1213
3760300 1213
3761513 1213
3762726 1213
3763939 1213
3765152 1213
3766365 1213
3767578 1213
3768791 1213
3770004 1213
3771217 1213
3772430 1213
3773643 1213
3774856 1213
3776069 1213
3777282 1213
3778495 1213
3779708 1213
3780921 1213
3782134 1213
3783347 1213
3784560 1213
3785773 1213
3786986 1213
3788199 1213
3789412 1213
3790625 1213
3791838 1213
3793051 1213
3794264 1213
3795477 1213
3796690 1213
3797903 1213
3799116 1213
3800329 1213
3801542 1213
3802755 1213
3803968 1213
3805181 1213
3806394 1213
3807607 1213
3808820 1213
3810033 1213
3811246 1213
3812459 1213
3813672 1213
3814885 1213
3816098 1213
3817311 1213
3818524 1213
3819737 1213
3820950 1213
3822163 1213
3823376 1213
3824589 1213
3825802 1213
3827015 1213
3828228 1213
3829441 1213
3830654 1213
3831867 1213
3833080 1213
3834293 1213
3835506 1213
3836719 1213
3837932 1213
3839145 1213
3840358 1213
3841571 1213
3842784 1213
3843997 1213
3845210 1213
3846423 1213
3847636 1213
3848849 1213
3850062 1213
3851275 1213
3852488 1213
3853701 1213
3854914 1213
3856127 1213
3857340 1213
3858553 1213
3859766 1213
3860979 1213
3862192 1213
3863405 1213
3864618 1213
3865831 1213
3867044 1213
3868257 1213
3869470 1213
3870683 1213
3871896 1213
3873109 1213
3874322 1213
3875535 1213
3876748 1213
3877961 1213
3879174 1213
3880387 1213
3881600 1213
3882813 1213
3884026 1213
3885239 1213
3886452 1213
3887665 1213
3888878 1213
3890091 1213
3891304 1213
3892517 1213
3893730 1213
3894943 1213
3896156 1213
3897369 1213
3898582 1213
3899795 1213
3901008 1213
3902221 1213
3903434 1213
3904647 1213
3905860 1213
3907073 1213
3908286 1213
3909499 1213
3910712 1213
3911925 1213
3913138 1213
3914351 1213
3915564 1213
3916777 1213
3917990 1213
3919203 1213
3920416 1213
3921629 1213
3922842 1213
3924055 1213
3925268 1213
3926481 1213
3927694 1213
3928907 1213
3930120 1213
3931333 1213
3932546 1213
3933759 1213
3934972 1213
3936185 1213
3937398 1213
3938611 1213
3939824 1213
3941037 1213
3942250 1213
3943463 1213
3944676 1213
3945889 1213
3947102 1213
3948315 1213
3949528 1213
3950741 1213
3951954 1213
3953167 1213
3954380 1213
3955593 1213
3956806 1213
3958019 1213
3959232 1213
3960445 1213
3961658 1213
3962871 1213
3964084 1213
3965297 1213
3966510 1213
3967723 1213
3968936 1213
3970149 1213
3971362 1213
3972575 1213
3973788 1213
3975001 1213
3976214 1213
3977427 1213
3978640 1213
3979853 1213
3981066 1213
3982279 1213
3983492 1213
3984705 1213
3985918 1213
3987131 1213
3988344 1213
3989557 1213
3990770 1213
3991983 1213
3993196 1213
3994409 1213
3995622 1213
3996835 1213
3998048 1213
3999261 1213
4000474 1213
4001687 1213
4002900 1213
4004113 1213
4005326 1213
4006539 1213
4007752 1213
4008965 1213
4010178 1213
4011391 1213
4012604 1213
4013817 1213
4015030 1213
4016243 1213
4017456 1213
4018669 1213
4019882 1213
4021095 1213
4022308 1213
4023521 1213
4024734 1213
4025947 1213
4027160 1213
4028373 1213
4029586 1213
4030799 1213
4032012 1213
4033225 1213
4034438 1213
4035651 1213
4036864 1213
4038077 1213
4039290 1213
4040503 1213
4041716 1213
4042929 1213
4044142 1213
4045355 1213
4046568 1213
4047781 1213
4048994 1213
4050207 1213
4051420 1213
4052633 1213
4053846 1213
4055059 1213
4056272 1213
4057485 1213
4058698 1213
4059911 1213
4061124 1213
4062337 1213
4063550 1213
4064763 1213
4065976 1213
4067189 1213
4068402 1213
4069615 1213
4070828 1213
4072041 1213
4073254 1213
4074467 1213
4075680 1213
4076893 1213
4078106 1213
4079319 1213
4080532 1213
4081745 1213
4082958 1213
4084171 1213
4085384 1213
4086597 1213
4087810 1213
4089023 1213
4090236 1213
4091449 1213
4092662 1213
4093875 1213
4095088 1213
4096301 1213
4097514 1213
4098727 1213
4099940 1213
4101153 1213
4102366 1213
4103579 1213
4104792 1213
4106005 1213
4107218 1213
4108431 1213
4109644 1213
4110857 1213
4112070 1213
4113283 1213
4114496 1213
4115709 1213
4116922 1213
4118135 1213
4119348 1213
4120561 1213
4121774 1213
4122987 1213
4124200 1213
4125413 1213
4126626 1213
4127839 1213
4129052 1213
4130265 1213
4131478 1213
4132691 1213
4133904 1213
4135117 1213
4136330 1213
4137543 1213
4138756 1213
4139969 1213
4141182 1213
4142395 1213
4143608 1213
4144821 1213
4146034 1213
4147247 1213
4148460 1213
4149673 1213
4150886 1213
4152099 1213
4153312 1213
4154525 1213
4155738 1213
4156951 1213
4158164 1213
4159377 1213
4160590 1213
4161803 1213
4163016 1213
4164229 1213
4165442 1213
4166655 1213
4167868 1213
4169081 1213
4170294 1213
4171507 1213
4172720 1213
4173933 1213
4175146 1213
4176359 1213
4177572 1213
4178785 1213
4179998 1213
4181211 1213
4182424 1213
4183637 1213
4184850 1213
4186063 1213
4187276 1213
4188489 1213
4189702 1213
4190915 1213
4192128 1213
4193341 1213
4194554 1213
4195767 1213
4196980 1213
4198193 1213
4199406 1213
4200619 1213
4201832 1213
4203045 1213
4204258 1213
4205471 1213
4206684 1213
4207897 1213
4209110 1213
4210323 1213
4211536 1213
4212749 1213
4213962 1213
4215175 1213
4216388 1213
4217601 1213
4218814 1213
4220027 1213
4221240 1213
4222453 1213
4223666 1213
4224879 1213
4226092 1213
4227305 1213
4228518 1213
4229731 1213
4230944 1213
4232157 1213
4233370 1213
4234583 1213
4235796 1213
4237009 1213
4238222 1213
4239435 1213
4240648 1213
4241861 1213
4243074 1213
4244287 1213
4245500 1213
4246713 1213
4247926 1213
4249139 1213
4250352 1213
4251565 1213
4252778 1213
4253991 1213
4255204 1213
4256417 1213
4257630 1213
4258843 1213
4260056 1213
4261269 1213
4262482 1213
4263695 1213
4264908 1213
4266121 1213
4267334 1213
4268547 1213
4269760 1213
4270973 1213
4272186 1213
4273399 1213
4274612 1213
4275825 1213
4277038 1213
4278251 1213
4279464 1213
4280677 1213
4281890 1213
4283103 1213
4284316 1213
4285529 1213
4286742 1213
4287955 1213
4289168 1213
4290381 1213
4291594 1213
4292807 1213
4294020 1213
4295233 1213
4296446 1213
4297659 1213
4298872 1213
4300085 1213
4301298 1213
4302511 1213
4303724 1213
4304937 1213
4306150 1213
4307363 1213
4308576 1213
4309789 1213
4311002 1213
4312215 1213
4313428 1213
4314641 1213
4315854 1213
4317067 1213
4318280 1213
4319493 1213
4320706 1213
4321919 1213
4323132 1213
4324345 1213
4325558 1213
4326771 1213
4327984 1213
4329197 1213
4330410 1213
4331623 1213
4332836 1213
4334049 1213
4335262 1213
4336475 1213
4337688 1213
4338901 1213
4340114 1213
4341327 1213
4342540 1213
4343753 1213
4344966 1213
4346179 1213
4347392 1213
4348605 1213
4349818 1213
4351031 1213
4352244 1213
4353457 1213
4354670 1213
4355883 1213
4357096 1213
4358309 1213
4359522 1213
4360735 1213
4361948 1213
4363161 1213
4364374 1213
4365587 1213
4366800 1213
4368013 1213
4369226 1213
4370439 1213
4371652 1213
4372865 1213
4374078 1213
4375291 1213
4376504 1213
4377717 1213
4378930 1213
4380143 1213
4381356 1213
4382569 1213
4383782 1213
4384995 1213
4386208 1213
4387421 1213
4388634 1213
4389847 1213
4391060 1213
4392273 1213
4393486 1213
4394699 1213
4395912 1213
4397125 1213
4398338 1213
4399551 1213
4400764 1213
4401977 1213
4403190 1213
4404403 1213
4405616 1213
4406829 1213
4408042 1213
4409255 1213
4410468 1213
4411681 1213
4412894 1213
4414107 1213
4415320 1213
4416533 1213
4417746 1213
4418959 1213
4420172 1213
4421385 1213
4422598 1213
4423811 1213
4425024 1213
4426237 1213
4427450 1213
4428663 1213
4429876 1213
4431089 1213
4432302 1213
4433515 1213
4434728 1213
4435941 1213
4437154 1213
4438367 1213
4439580 1213
4440793 1213
4442006 1213
4443219 1213
4444432 1213
4445645 1213
4446858 1213
4448071 1213
4449284 1213
4450497 1213
4451710 1213
4452923 1213
4454136 1213
4455349 1213
4456562 1213
4457775 1213
4458988 1213
4460201 1213
4461414 1213
4462627 1213
4463840 1213
4465053 1213
4466266 1213
4467479 1213
4468692 1213
4469905 1213
4471118 1213
4472331 1213
4473544 1213
4474757 1213
4475970 1213
4477183 1213
4478396 1213
4479609 1213
4480822 1213
4482035 1213
4483248 1213
4484461 1213
4485674 1213
4486887 1213
4488100 1213
4489313 1213
4490526 1213
4491739 1213
4492952 1213
4494165 1213
4495378 1213
4496591 1213
4497804 1213
4499017 1213
4500230 1213
4501443 1213
4502656 1213
4503869 1213
4505082 1213
4506295 1213
4507508 1213
4508721 1213
4509934 1213
4511147 1213
4512360 1213
4513573 1213
4514786 1213
4515999 1213
4517212 1213
4518425 1213
4519638 1213
4520851 1213
4522064 1213
4523277 1213
4524490 1213
4525703 1213
4526916 1213
4528129 1213
4529342 1213
4530555 1213
4531768 1213
4532981 1213
4534194 1213
4535407 1213
4536620 1213
4537833 1213
4539046 1213
4540259 1213
4541472 1213
4542685 1213
4543898 1213
4545111 1213
4546324 1213
4547537 1213
4548750 1213
4549963 1213
4551176 1213
4552389 1213
4553602 1213
4554815 1213
4556028 1213
4557241 1213
4558454 1213
4559667 1213
4560880 1213
4562093 1213
4563306 1213
4564519 1213
4565732 1213
4566945 1213
4568158 1213
4569371 1213
4570584 1213
4571797 1213
4573010 1213
4574223 1213
4575436 1213
4576649 1213
4577862 1213
4579075 1213
4580288 1213
4581501 1213
4582714 1213
4583927 1213
4585140 1213
4586353 1213
4587566 1213
4588779 1213
4589992 1213
4591205 1213
4592418 1213
4593631 1213
4594844 1213
4596057 1213
4597270 1213
4598483 1213
4599696 1213
4600909 1213
4602122 1213
4603335 1213
4604548 1213
4605761 1213
4606974 1213
4608187 1213
4609400 1213
4610613 1213
4611826 1213
4613039 1213
4614252 1213
4615465 1213
4616678 1213
4617891 1213
4619104 1213
4620317 1213
4621530 1213
4622743 1213
4623956 1213
4625169 1213
4626382 1213
4627595 1213
4628808 1213
4630021 1213
4631234 1213
4632447 1213
4633660 1213
4634873 1213
4636086 1213
4637299 1213
4638512 1213
4639725 1213
4640938 1213
4642151 1213
4643364 1213
4644577 1213
4645790 1213
4647003 1213
4648216 1213
4649429 1213
4650642 1213
4651855 1213
4653068 1213
4654281 1213
4655494 1213
4656707 1213
4657920 1213
4659133 1213
4660346 1213
4661559 1213
4662772 1213
4663985 1213
4665198 1213
4666411 1213
4667624 1213
4668837 1213
4670050 1213
4671263 1213
4672476 1213
4673689 1213
4674902 1213
4676115 1213
4677328 1213
4678541 1213
4679754 1213
4680967 1213
4682180 1213
4683393 1213
4684606 1213
4685819 1213
4687032 1213
4688245 1213
4689458 1213
4690671 1213
4691884 1213
4693097 1213
4694310 1213
4695523 1213
4696736 1213
4697949 1213
4699162 1213
4700375 1213
4701588 1213
4702801 1213
4704014 1213
4705227 1213
4706440 1213
4707653 1213
4708866 1213
4710079 1213
4711292 1213
4712505 1213
4713718 1213
4714931 1213
4716144 1213
4717357 1213
4718570 1213
4719783 1213
4720996 1213
4722209 1213
4723422 1213
4724635 1213
4725848 1213
4727061 1213
4728274 1213
4729487 1213
4730700 1213
4731913 1213
4733126 1213
4734339 1213
4735552 1213
4736765 1213
4737978 1213
4739191 1213
4740404 1213
4741617 1213
4742830 1213
4744043 1213
4745256 1213
4746469 1213
4747682 1213
4748895 1213
4750108 1213
4751321 1213
4752534 1213
4753747 1213
4754960 1213
4756173 1213
4757386 1213
4758599 1213
4759812 1213
4761025 1213
4762238 1213
4763451 1213
4764664 1213
4765877 1213
4767090 1213
4768303 1213
4769516 1213
4770729 1213
4771942 1213
4773155 1213
4774368 1213
4775581 1213
4776794 1213
4778007 1213
4779220 1213
4780433 1213
4781646 1213
4782859 1213
4784072 1213
4785285 1213
4786498 1213
4787711 1213
4788924 1213
4790137 1213
4791350 1213
4792563 1213
4793776 1213
4794989 1213
4796202 1213
4797415 1213
4798628 1213
4799841 1213
4801054 1213
4802267 1213
4803480 1213
4804693 1213
4805906 1213
4807119 1213
4808332 1213
4809545 1213
4810758 1213
4811971 1213
4813184 1213
4814397 1213
4815610 1213
4816823 1213
4818036 1213
4819249 1213
4820462 1213
4821675 1213
4822888 1213
4824101 1213
4825314 1213
4826527 1213
4827740 1213
4828953 1213
4830166 1213
4831379 1213
4832592 1213
4833805 1213
4835018 1213
4836231 1213
4837444 1213
4838657 1213
4839870 1213
4841083 1213
4842296 1213
4843509 1213
4844722 1213
4845935 1213
4847148 1213
4848361 1213
4849574 1213
4850787 1213
4852000 1213
4853213 1213
4854426 1213
4855639 1213
4856852 1213
4858065 1213
4859278 1213
4860491 1213
4861704 1213
4862917 1213
4864130 1213
4865343 1213
4866556 1213
4867769 1213
4868982 1213
4870195 1213
4871408 1213
4872621 1213
4873834 1213
4875047 1213
4876260 1213
4877473 1213
4878686 1213
4879899 1213
4881112 1213
4882325 1213
4883538 1213
4884751 1213
4885964 1213
4887177 1213
4888390 1213
4889603 1213
4890816 1213
4892029 1213
4893242 1213
4894455 1213
4895668 1213
4896881 1213
4898094 1213
4899307 1213
4900520 1213
4901733 1213
4902946 1213
4904159 1213
4905372 1213
4906585 1213
4907798 1213
4909011 1213
4910224 1213
4911437 1213
4912650 1213
4913863 1213
4915076 1213
4916289 1213
4917502 1213
4918715 1213
4919928 1213
4921141 1213
4922354 1213
4923567 1213
4924780 1213
4925993 1213
4927206 1213
4928419 1213
4929632 1213
4930845 1213
4932058 1213
4933271 1213
4934484 1213
4935697 1213
4936910 1213
4938123 1213
4939336 1213
4940549 1213
4941762 1213
4942975 1213
4944188 1213
4945401 1213
4946614 1213
4947827 1213
4949040 1213
4950253 1213
4951466 1213
4952679 1213
4953892 1213
4955105 1213
4956318 1213
4957531 1213
4958744 1213
4959957 1213
4961170 1213
4962383 1213
4963596 1213
4964809 1213
4966022 1213
4967235 1213
4968448 1213
4969661 1213
4970874 1213
4972087 1213
4973300 1213
4974513 1213
4975726 1213
4976939 1213
4978152 1213
4979365 1213
4980578 1213
4981791 1213
4983004 1213
4984217 1213
4985430 1213
4986643 1213
4987856 1213
4989069 1213
4990282 1213
4991495 1213
4992708 1213
4993921 1213
4995134 1213
4996347 1213
4997560 1213
4998773 1213
4999986 1213
5001199 1213
5002412 1213
5003625 1213
5004838 1213
5006051 1213
5007264 1213
5008477 1213
5009690 1213
5010903 1213
5012116 1213
5013329 1213
5014542 1213
5015755 1213
5016968 1213
5018181 1213
5019394 1213
5020607 1213
5021820 1213
5023033 1213
5024246 1213
5025459 1213
5026672 1213
5027885 1213
5029098 1213
5030311 1213
5031524 1213
5032737 1213
5033950 1213
5035163 1213
5036376 1213
5037589 1213
5038802 1213
5040015 1213
5041228 1213
5042441 1213
5043654 1213
5044867 1213
5046080 1213
5047293 1213
5048506 1213
5049719 1213
5050932 1213
5052145 1213
5053358 1213
5054571 1213
5055784 1213
5056997 1213
5058210 1213
5059423 1213
5060636 1213
5061849 1213
5063062 1213
5064275 1213
5065488 1213
5066701 1213
5067914 1213
5069127 1213
5070340 1213
5071553 1213
5072766 1213
5073979 1213
5075192 1213
5076405 1213
5077618 1213
5078831 1213
5080044 1213
5081257 1213
5082470 1213
5083683 1213
5084896 1213
5086109 1213
5087322 1213
5088535 1213
5089748 1213
5090961 1213
5092174 1213
5093387 1213
5094600 1213
5095813 1213
5097026 1213
5098239 1213
5099452 1213
5100665 1213
5101878 1213
5103091 1213
5104304 1213
5105517 1213
5106730 1213
5107943 1213
5109156 1213
5110369 1213
5111582 1213
5112795 1213
5114008 1213
5115221 1213
5116434 1213
5117647 1213
5118860 1213
5120073 1213
5121286 1213
5122499 1213
5123712 1213
5124925 1213
5126138 1213
5127351 1213
5128564 1213
5129777 1213
5130990 1213
5132203 1213
5133416 1213
5134629 1213
5135842 1213
5137055 1213
5138268 1213
5139481 1213
5140694 1213
5141907 1213
5143120 1213
5144333 1213
5145546 1213
5146759 1213
5147972 1213
5149185 1213
5150398 1213
5151611 1213
5152824 1213
5154037 1213
5155250 1213
5156463 1213
5157676 1213
5158889 1213
5160102 1213
5161315 1213
5162528 1213
5163741 1213
5164954 1213
5166167 1213
5167380 1213
5168593 1213
5169806 1213
5171019 1213
5172232 1213
5173445 1213
5174658 1213
5175871 1213
5177084 1213
5178297 1213
5179510 1213
5180723 1213
5181936 1213
5183149 1213
5184362 1213
5185575 1213
5186788 1213
5188001 1213
5189214 1213
5190427 1213
5191640 1213
5192853 1213
5194066 1213
5195279 1213
5196492 1213
5197705 1213
5198918 1213
5200131 1213
5201344 1213
5202557 1213
5203770 1213
5204983 1213
5206196 1213
5207409 1213
5208622 1213
5209835 1213
5211048 1213
5212261 1213
5213474 1213
5214687 1213
5215900 1213
5217113 1213
5218326 1213
5219539 1213
5220752 1213
5221965 1213
5223178 1213
5224391 1213
5225604 1213
5226817 1213
5228030 1213
5229243 1213
5230456 1213
5231669 1213
5232882 1213
5234095 1213
5235308 1213
5236521 1213
5237734 1213
5238947 1213
5240160 1213
5241373 1213
5242586 1213
5243799 1213
5245012 1213
5246225 1213
5247438 1213
5248651 1213
5249864 1213
5251077 1213
5252290 1213
5253503 1213
5254716 1213
5255929 1213
5257142 1213
5258355 1213
5259568 1213
5260781 1213
5261994 1213
5263207 1213
5264420 1213
5265633 1213
5266846 1213
5268059 1213
5269272 1213
5270485 1213
5271698 1213
5272911 1213
5274124 1213
5275337 1213
5276550 1213
5277763 1213
5278976 1213
5280189 1213
5281402 1213
5282615 1213
5283828 1213
5285041 1213
5286254 1213
5287467 1213
5288680 1213
5289893 1213
5291106 1213
5292319 1213
5293532 1213
5294745 1213
5295958 1213
5297171 1213
5298384 1213
5299597 1213
5300810 1213
5302023 1213
5303236 1213
5304449 1213
5305662 1213
5306875 1213
5308088 1213
5309301 1213
5310514 1213
5311727 1213
5312940 1213
5314153 1213
5315366 1213
5316579 1213
5317792 1213
5319005 1213
5320218 1213
5321431 1213
5322644 1213
5323857 1213
5325070 1213
5326283 1213
5327496 1213
5328709 1213
5329922 1213
5331135 1213
5332348 1213
5333561 1213
5334774 1213
5335987 1213
5337200 1213
5338413 1213
5339626 1213
5340839 1213
5342052 1213
5343265 1213
5344478 1213
5345691 1213
5346904 1213
5348117 1213
5349330 1213
5350543 1213
5351756 1213
5352969 1213
5354182 1213
5355395 1213
5356608 1213
5357821 1213
5359034 1213
5360247 1213
5361460 1213
5362673 1213
5363886 1213
5365099 1213
5366312 1213
5367525 1213
5368738 1213
5369951 1213
5371164 1213
5372377 1213
5373590 1213
5374803 1213
5376016 1213
5377229 1213
5378442 1213
5379655 1213
5380868 1213
5382081 1213
5383294 1213
5384507 1213
5385720 1213
5386933 1213
5388146 1213
5389359 1213
5390572 1213
5391785 1213
5392998 1213
5394211 1213
5395424 1213
5396637 1213
5397850 1213
5399063 1213
5400276 1213
5401489 1213
5402702 1213
5403915 1213
5405128 1213
5406341 1213
5407554 1213
5408767 1213
5409980 1213
5411193 1213
5412406 1213
5413619 1213
5414832 1213
5416045 1213
5417258 1213
5418471 1213
5419684 1213
5420897 1213
5422110 1213
5423323 1213
5424536 1213
5425749 1213
5426962 1213
5428175 1213
5429388 1213
5430601 1213
5431814 1213
5433027 1213
5434240 1213
5435453 1213
5436666 1213
5437879 1213
5439092 1213
5440305 1213
5441518 1213
5442731 1213
5443944 1213
5445157 1213
5446370 1213
5447583 1213
5448796 1213
5450009 1213
5451222 1213
5452435 1213
5453648 1213
5454861 1213
5456074 1213
5457287 1213
5458500 1213
5459713 1213
5460926 1213
5462139 1213
5463352 1213
5464565 1213
5465778 1213
5466991 1213
5468204 1213
5469417 1213
5470630 1213
5471843 1213
5473056 1213
5474269 1213
5475482 1213
5476695 1213
5477908 1213
5479121 1213
5480334 1213
5481547 1213
5482760 1213
5483973 1213
5485186 1213
5486399 1213
5487612 1213
5488825 1213
5490038 1213
5491251 1213
5492464 1213
5493677 1213
5494890 1213
5496103 1213
5497316 1213
5498529 1213
5499742 1213
5500955 1213
5502168 1213
5503381 1213
5504594 1213
5505807 1213
5507020 1213
5508233 1213
5509446 1213
5510659 1213
5511872 1213
5513085 1213
5514298 1213
5515511 1213
5516724 1213
5517937 1213
5519150 1213
5520363 1213
5521576 1213
5522789 1213
5524002 1213
5525215 1213
5526428 1213
5527641 1213
5528854 1213
5530067 1213
5531280 1213
5532493 1213
5533706 1213
5534919 1213
5536132 1213
5537345 1213
5538558 1213
5539771 1213
5540984 1213
5542197 1213
5543410 1213
5544623 1213
5545836 1213
5547049 1213
5548262 1213
5549475 1213
5550688 1213
5551901 1213
5553114 1213
5554327 1213
5555540 1213
5556753 1213
5557966 1213
5559179 1213
5560392 1213
5561605 1213
5562818 1213
5564031 1213
5565244 1213
5566457 1213
5567670 1213
5568883 1213
5570096 1213
5571309 1213
5572522 1213
5573735 1213
5574948 1213
5576161 1213
5577374 1213
5578587 1213
5579800 1213
5581013 1213
5582226 1213
5583439 1213
5584652 1213
5585865 1213
5587078 1213
5588291 1213
5589504 1213
5590717 1213
5591930 1213
5593143 1213
5594356 1213
5595569 1213
5596782 1213
5597995 1213
5599208 1213
5600421 1213
5601634 1213
5602847 1213
5604060 1213
5605273 1213
5606486 1213
5607699 1213
5608912 1213
5610125 1213
5611338 1213
5612551 1213
5613764 1213
5614977 1213
5616190 1213
5617403 1213
5618616 1213
5619829 1213
5621042 1213
5622255 1213
5623468 1213
5624681 1213
5625894 1213
5627107 1213
5628320 1213
5629533 1213
5630746 1213
5631959 1213
5633172 1213
5634385 1213
5635598 1213
5636811 1213
5638024 1213
5639237 1213
5640450 1213
5641663 1213
5642876 1213
5644089 1213
5645302 1213
5646515 1213
5647728 1213
5648941 1213
5650154 1213
5651367 1213
5652580 1213
5653793 1213
5655006 1213
5656219 1213
5657432 1213
5658645 1213
5659858 1213
5661071 1213
5662284 1213
5663497 1213
5664710 1213
5665923 1213
5667136 1213
5668349 1213
5669562 1213
5670775 1213
5671988 1213
5673201 1213
5674414 1213
5675627 1213
5676840 1213
5678053 1213
5679266 1213
5680479 1213
5681692 1213
5682905 1213
5684118 1213
5685331 1213
5686544 1213
5687757 1213
5688970 1213
5690183 1213
5691396 1213
5692609 1213
5693822 1213
5695035 1213
5696248 1213
5697461 1213
5698674 1213
5699887 1213
5701100 1213
5702313 1213
5703526 1213
5704739 1213
5705952 1213
5707165 1213
5708378 1213
5709591 1213
5710804 1213
5712017 1213
5713230 1213
5714443 1213
5715656 1213
5716869 1213
5718082 1213
5719295 1213
5720508 1213
5721721 1213
5722934 1213
5724147 1213
5725360 1213
5726573 1213
5727786 1213
5728999 1213
5730212 1213
5731425 1213
5732638 1213
5733851 1213
5735064 1213
5736277 1213
5737490 1213
5738703 1213
5739916 1213
5741129 1213
5742342 1213
5743555 1213
5744768 1213
5745981 1213
5747194 1213
5748407 1213
5749620 1213
5750833 1213
5752046 1213
5753259 1213
5754472 1213
5755685 1213
5756898 1213
5758111 1213
5759324 1213
5760537 1213
5761750 1213
5762963 1213
5764176 1213
5765389 1213
5766602 1213
5767815 1213
5769028 1213
5770241 1213
5771454 1213
5772667 1213
5773880 1213
5775093 1213
5776306 1213
5777519 1213
5778732 1213
5779945 1213
5781158 1213
5782371 1213
5783584 1213
5784797 1213
5786010 1213
5787223 1213
5788436 1213
5789649 1213
5790862 1213
5792075 1213
5793288 1213
5794501 1213
5795714 1213
5796927 1213
5798140 1213
5799353 1213
5800566 1213
5801779 1213
5802992 1213
5804205 1213
5805418 1213
5806631 1213
5807844 1213
5809057 1213
5810270 1213
5811483 1213
5812696 1213
5813909 1213
5815122 1213
5816335 1213
5817548 1213
5818761 1213
5819974 1213
5821187 1213
5822400 1213
5823613 1213
5824826 1213
5826039 1213
5827252 1213
5828465 1213
5829678 1213
5830891 1213
5832104 1213
5833317 1213
5834530 1213
5835743 1213
5836956 1213
5838169 1213
5839382 1213
5840595 1213
5841808 1213
5843021 1213
5844234 1213
5845447 1213
5846660 1213
5847873 1213
5849086 1213
5850299 1213
5851512 1213
5852725 1213
5853938 1213
5855151 1213
5856364 1213
5857577 1213
5858790 1213
5860003 1213
5861216 1213
5862429 1213
5863642 1213
5864855 1213
5866068 1213
5867281 1213
5868494 1213
5869707 1213
5870920 1213
5872133 1213
5873346 1213
5874559 1213
5875772 1213
5876985 1213
5878198 1213
5879411 1213
5880624 1213
5881837 1213
5883050 1213
5884263 1213
5885476 1213
5886689 1213
5887902 1213
5889115 1213
5890328 1213
5891541 1213
5892754 1213
5893967 1213
5895180 1213
5896393 1213
5897606 1213
5898819 1213
5900032 1213
5901245 1213
5902458 1213
5903671 1213
5904884 1213
5906097 1213
5907310 1213
5908523 1213
5909736 1213
5910949 1213
5912162 1213
5913375 1213
5914588 1213
5915801 1213
5917014 1213
5918227 1213
5919440 1213
5920653 1213
5921866 1213
5923079 1213
5924292 1213
5925505 1213
5926718 1213
5927931 1213
5929144 1213
5930357 1213
5931570 1213
5932783 1213
5933996 1213
5935209 1213
5936422 1213
5937635 1213
5938848 1213
5940061 1213
5941274 1213
5942487 1213
5943700 1213
5944913 1213
5946126 1213
5947339 1213
5948552 1213
5949765 1213
5950978 1213
5952191 1213
5953404 1213
5954617 1213
5955830 1213
5957043 1213
5958256 1213
5959469 1213
5960682 1213
5961895 1213
5963108 1213
5964321 1213
5965534 1213
5966747 1213
5967960 1213
5969173 1213
5970386 1213
5971599 1213
5972812 1213
5974025 1213
5975238 1213
5976451 1213
5977664 1213
5978877 1213
5980090 1213
5981303 1213
5982516 1213
5983729 1213
5984942 1213
5986155 1213
5987368 1213
5988581 1213
5989794 1213
5991007 1213
5992220 1213
5993433 1213
5994646 1213
5995859 1213
5997072 1213
5998285 1213
5999498 1213
6000711 1213
6001924 1213
6003137 1213
6004350 1213
6005563 1213
6006776 1213
6007989 1213
6009202 1213
6010415 1213
6011628 1213