100
312 923
123 989
103 901
243 867
946 775
554 322
915 363
711 226
346 901
376 636
402 112
571 750
780 585
955 638
63 345
654 531
560 601
596 762
911 145
234 96
163 945
951 347
583 564
302 550
668 674
910 732
569 973
231 876
449 590
734 86
988 728
682 430
728 437
600 846
377 321
860 961
766 852
697 125
590 235
307 72
307 281
195 503
175 450
418 827
420 680
297 308
600 794
897 74
744 609
103 762
828 101
226 806
684 744
616 377
57 297
549 281
79 395
102 134
393 207
797 33
894 520
222 72
787 605
297 426
81 588
809 822
752 141
324 153
619 165
500 919
102 188
438 145
110 593
704 832
97 892
152 569
614 300
51 170
597 674
468 156
521 214
693 593
869 81
266 623
590 955
412 54
239 797
268 735
378 209
809 62
550 601
155 377
636 814
65 417
7 34
880 504
163 159
932 203
292 705
980 251