200
394 489
743 748
823 765
518 989
520 914
624 423
331 37
459 694
667 780
376 929
877 919
726 507
406 142
381 314
744 684
141 662
388 218
96 420
537 495
405 395
198 278
142 607
940 545
237 373
240 869
114 502
864 741
760 359
852 196
321 447
391 341
303 923
685 701
629 519
351 987
901 606
29 638
91 324
388 73
665 122
672 683
908 50
331 202
944 875
967 784
864 311
152 510
40 891
886 113
398 231
226 322
334 294
190 34
773 16
850 589
569 358
228 246
39 854
559 348
20 481
600 180
152 288
605 279
976 422
222 94
675 698
65 282
400 635
577 201
246 473
142 606
371 74
499 815
537 618
4 77
334 871
462 584
386 580
36 817
567 571
111 980
948 881
341 806
91 76
341 731
780 840
954 179
793 459
102 37
347 326
993 525
60 709
218 818
911 41
837 603
101 435
62 268
922 627
237 67
999 499
731 752
328 149
147 444
921 212
604 489
165 922
262 674
208 397
860 172
286 879
577 894
698 311
309 845
747 906
578 323
548 54
946 713
827 552
996 546
445 228
438 441
368 397
725 822
384 70
99 630
590 424
696 257
846 996
644 367
560 268
291 141
762 398
747 596
660 553
874 476
348 978
756 95
546 400
627 40
494 903
975 334
513 122
809 340
562 797
114 579
178 154
17 633
729 922
149 476
962 775
104 538
981 599
965 579
45 163
163 481
577 737
17 358
566 775
405 335
228 985
792 224
631 660
732 456
906 756
729 654
247 499
876 276
530 267
569 179
119 574
931 72
969 220
777 701
404 837
147 211
597 103
773 438
705 930
355 577
43 762
783 364
850 285
790 619
474 126
793 649
242 873
403 821
142 736
599 828
133 813
572 247
182 432
178 286
326 532
447 45
494 309
398 997
947 653
856 734
197 55