400
466 578
539 85
368 849
456 125
327 728
370 392
867 608
935 916
839 919
884 184
642 52
372 756
991 59
417 331
981 403
626 918
959 982
710 51
227 801
839 382
952 582
802 294
532 982
151 860
324 890
100 551
545 291
343 212
839 104
619 964
190 257
370 429
430 626
548 630
95 794
663 477
207 580
920 68
944 733
457 4
169 672
595 480
707 758
750 301
791 738
430 944
886 980
216 745
81 796
614 334
858 674
735 715
979 947
99 169
926 46
725 924
836 688
290 562
778 629
953 65
688 240
739 655
500 469
277 560
711 285
28 68
462 946
40 871
220 715
44 981
285 226
701 973
462 331
432 317
156 968
489 855
899 92
762 482
680 204
233 652
952 85
861 967
762 233
898 337
786 348
714 817
511 694
71 582
480 266
758 194
387 959
302 567
926 276
970 665
290 553
243 340
36 995
514 791
293 745
572 50
61 349
326 683
843 229
163 959
616 123
796 568
70 601
207 410
339 281
92 674
642 468
804 489
27 785
874 301
113 576
966 720
29 192
656 214
433 262
178 625
504 270
561 743
180 87
429 135
768 331
647 911
32 788
587 41
821 421
390 112
725 711
625 910
506 83
735 39
185 272
259 947
71 349
398 719
447 657
600 574
983 153
180 399
436 242
673 487
378 912
765 304
545 718
501 953
676 503
83 416
451 700
424 301
844 734
138 657
582 975
991 568
278 676
26 930
582 142
13 856
794 770
728 653
276 53
953 731
251 899
317 64
32 266
558 608
185 3
638 413
441 521
514 339
855 637
242 385
110 920
736 494
694 938
263 96
0 756
214 739
80 225
5 631
942 346
495 635
285 770
777 769
400 198
490 586
441 202
211 643
412 664
841 56
68 170
145 728
84 522
923 177
73 399
42 926
182 971
707 926
936 388
996 903
515 728
647 82
364 44
39 745
329 509
737 510
509 648
175 878
577 400
129 166
743 615
813 452
433 455
769 337
226 176
454 990
826 949
584 453
552 874
923 121
915 17
8 833
674 597
944 497
973 326
520 529
667 799
725 873
589 300
738 37
147 728
104 62
53 126
78 562
765 838
17 437
139 98
573 848
817 209
765 233
985 284
423 938
19 848
747 318
531 595
470 737
219 834
458 152
669 570
544 122
595 350
33 285
26 785
833 691
492 180
509 198
309 218
343 146
809 697
335 306
588 780
300 462
562 95
979 147
56 19
39 619
466 331
706 111
207 229
755 275
386 173
841 665
554 887
423 912
644 716
736 53
535 718
436 779
664 543
228 936
351 255
27 624
402 133
29 901
369 400
20 823
18 894
145 297
614 404
912 844
963 311
687 472
131 323
728 336
773 714
484 29
139 255
611 14
724 683
786 495
578 224
412 103
438 245
132 222
531 537
537 559
504 859
19 634
818 929
661 789
578 647
820 404
682 579
535 679
654 111
16 427
417 679
122 499
365 867
2 33
559 174
595 751
138 8
749 539
19 457
901 411
757 656
99 197
534 139
488 354
945 511
783 931
918 627
518 100
279 440
748 177
708 251
325 431
569 838
988 884
374 947
984 713
895 715
442 6
621 735
494 319
950 20
712 398
792 284
609 145
796 843
850 334
664 663
608 148
797 236
337 524
971 327
854 55
105 377
225 289
625 286
752 399
387 974
915 917
505 524
507 115
596 462
883 345
333 124
964 768
190 60
419 243
114 876
630 110
633 626
383 37
441 65
639 729
506 749
759 735
968 801
35 569
959 183
608 976
834 464
88 930
948 132
651 289
555 228
768 557
793 485
109 563
413 464
403 757
690 921
173 564
774 693
354 843