600
499 990
572 342
210 348
813 620
603 783
891 832
879 231
481 457
875 563
423 54
725 789
448 366
949 343
127 480
838 646
867 910
197 30
402 575
785 542
93 348
659 69
33 691
368 620
446 235
460 214
443 720
770 199
369 312
553 993
222 708
505 548
757 827
399 38
653 99
917 553
79 89
205 141
724 148
463 222
214 285
961 79
174 745
31 766
606 74
563 626
303 330
646 467
134 978
184 504
747 675
125 855
778 403
521 817
869 378
597 931
826 909
49 29
265 450
44 932
889 197
771 58
419 235
934 185
302 805
353 380
21 111
34 695
870 817
910 376
589 910
841 653
920 452
725 328
580 971
58 289
776 729
992 498
296 893
609 569
933 18
34 545
563 175
443 170
27 365
701 258
754 392
443 908
666 225
708 704
127 99
657 667
125 454
66 617
648 361
622 720
531 66
610 39
909 914
25 382
826 581
477 600
918 360
293 222
903 278
279 278
971 212
136 980
159 123
626 15
633 118
797 128
433 597
954 366
44 802
627 285
905 506
151 697
312 933
381 741
230 161
974 633
782 572
360 683
469 297
24 453
861 462
367 288
805 299
265 655
934 125
202 607
969 611
354 541
223 121
179 313
617 163
584 513
58 564
672 777
409 432
707 386
923 343
972 240
184 828
232 265
997 364
182 155
858 178
511 284
781 50
728 704
863 844
230 359
901 924
521 109
234 328
844 198
859 834
355 873
867 343
334 948
863 278
566 745
709 453
70 311
937 201
12 388
368 196
983 538
937 276
994 535
496 681
394 433
693 823
205 850
820 741
308 921
846 53
531 809
488 421
502 861
19 173
654 220
596 251
11 810
236 827
356 224
347 763
342 868
128 622
850 379
541 422
682 559
545 991
660 788
301 802
303 407
107 456
918 297
611 776
204 400
320 443
511 190
771 277
695 134
318 358
489 517
892 754
239 934
167 982
178 201
10 588
995 812
729 889
246 329
309 508
240 226
692 570
2 459
584 968
486 96
703 584
266 327
803 841
323 742
978 32
716 344
385 739
351 172
629 663
179 271
650 455
823 603
304 545
782 599
970 12
771 545
329 437
430 185
568 594
232 448
385 806
779 361
721 950
942 207
535 859
440 688
730 361
682 304
556 823
210 793
409 393
93 433
301 171
405 316
13 590
123 139
780 551
815 173
217 190
126 102
319 909
155 926
174 938
569 731
600 446
751 233
982 295
93 640
99 394
254 951
865 445
343 64
539 869
607 244
371 627
751 968
909 132
556 104
508 169
259 51
732 876
580 655
599 405
130 975
491 372
682 634
380 743
330 470
718 782
652 884
742 469
690 310
842 970
356 958
21 8
784 521
536 627
210 644
774 916
357 477
390 951
32 989
182 572
244 461
589 131
317 647
258 892
607 630
708 677
67 233
138 909
738 627
740 401
97 327
849 988
413 274
226 868
361 417
495 987
574 373
409 412
611 468
679 39
189 290
245 702
912 752
345 833
430 788
592 950
336 840
466 285
35 263
345 443
292 629
839 854
528 935
344 169
181 756
597 95
149 114
171 541
756 883
500 707
271 577
484 684
895 936
935 207
143 963
73 420
626 650
102 931
105 106
315 905
852 301
436 212
454 388
424 346
102 771
986 733
619 36
97 129
687 374
562 425
520 590
724 591
339 815
236 323
330 703
459 174
319 370
221 278
97 490
386 156
95 943
90 309
394 60
485 167
960 762
786 580
902 57
753 171
510 236
25 29
786 540
590 414
223 608
38 917
629 332
427 61
286 631
398 876
541 81
762 796
674 717
878 281
355 667
135 730
164 873
390 627
10 59
509 722
540 673
576 792
323 680
362 571
636 451
557 74
28 852
414 369
659 469
712 405
660 188
64 186
428 695
9 355
633 164
233 473
957 300
124 1
11 0
687 551
977 796
351 815
310 892
683 893
390 725
455 107
396 549
643 580
375 749
468 30
240 453
689 5
731 233
32 142
548 219
418 985
316 601
396 979
940 113
24 730
745 802
875 202
696 141
960 839
412 627
645 132
511 384
92 700
597 65
718 624
47 122
483 208
70 115
836 717
653 588
340 822
476 334
108 81
187 980
87 477
428 2
254 181
77 180
36 368
164 699
500 983
643 28
562 446
990 665
719 918
282 619
985 538
49 960
354 801
515 546
8 660
647 321
373 433
666 690
168 863
911 815
460 866
265 577
247 41
541 587
389 670
378 137
294 294
261 400
877 226
352 248
995 909
700 344
916 111
959 457
512 2
727 174
580 51
328 409
882 154
826 297
558 101
822 531
51 698
858 919
542 420
164 421
696 328
396 144
90 945
732 953
76 112
676 542
374 424
577 557
259 137
54 292
467 307
982 355
24 173
920 860
579 719
668 329
743 677
414 335
471 701
713 578
388 715
461 538
489 2
475 284
618 926
144 75
258 655
249 624
661 33
7 112
749 426
611 165
289 604
843 616
234 43
956 661
584 681
891 87
101 609
47 710
184 40
353 230
373 714
808 747
626 940
246 337
717 350
758 48
628 36
410 688
853 213
8 225
856 3
485 127
290 804
805 956
627 424
881 886
850 557
330 826
799 679
245 281
673 267
672 795
274 630
252 105
167 418
203 223
308 489
636 209
664 117
820 765
69 838
567 482
795 293
816 895
44 690
181 768
411 761
399 612
489 322
912 962
80 833
902 998
492 139
607 126
199 346
189 345
612 466
892 770
446 701