800
525 441
414 241
190 994
944 202
623 367
708 185
150 530
410 90
43 893
69 644
745 565
495 947
701 509
755 213
246 886
875 164
573 174
171 979
463 687
958 29
792 458
831 962
51 331
114 643
15 935
949 640
996 139
329 224
479 750
197 889
650 42
621 745
95 47
350 628
942 329
566 286
325 883
74 411
232 259
160 941
841 312
990 111
321 465
138 432
520 336
355 161
962 456
408 58
67 410
392 594
292 46
273 46
429 512
317 84
533 825
274 296
81 608
705 407
857 328
298 242
929 220
869 605
575 912
308 401
328 9
415 406
352 48
488 421
801 611
425 885
899 781
482 220
782 264
591 1
380 591
945 136
66 976
524 221
752 506
833 572
207 820
525 248
602 319
378 187
465 140
940 838
450 264
710 33
552 487
822 485
841 895
815 256
778 951
158 825
934 575
255 340
55 673
272 120
164 153
782 927
931 986
623 86
945 185
648 718
256 341
96 34
528 423
780 323
242 110
220 352
736 70
982 977
481 170
426 141
564 160
302 427
202 501
451 894
553 464
119 69
782 123
20 250
211 207
240 720
121 351
679 163
111 720
487 491
420 535
970 857
506 723
905 973
140 893
614 879
313 406
243 844
41 752
185 547
991 519
196 641
640 33
717 666
187 99
72 393
761 918
336 90
31 843
391 126
794 371
754 542
442 554
275 772
970 380
865 998
918 16
14 708
742 908
432 157
35 257
642 932
952 937
171 625
891 759
160 877
539 534
725 742
27 300
769 852
528 551
315 259
376 825
360 354
164 192
207 819
528 626
934 93
0 367
573 526
941 559
675 28
8 678
369 454
101 44
876 590
932 274
543 642
229 458
264 211
970 494
801 190
785 412
514 362
865 377
157 48
445 339
235 809
88 259
205 541
568 571
348 456
725 716
933 274
908 668
56 879
175 654
496 156
31 369
16 195
837 902
915 497
845 580
269 494
996 430
200 684
435 368
466 659
636 974
389 941
557 54
198 766
587 134
19 262
361 561
207 322
921 966
359 367
450 465
970 553
899 271
612 987
191 308
948 143
257 71
495 777
425 224
684 479
808 864
546 636
816 362
150 437
224 593
682 203
215 331
666 267
294 556
304 138
659 269
739 660
899 959
587 807
936 171
409 363
459 931
701 294
308 694
511 277
568 200
58 973
266 984
285 811
933 687
660 944
840 982
687 626
667 54
682 639
153 357
797 35
655 120
628 835
924 788
785 242
801 130
112 693
603 83
284 707
823 63
48 103
141 180
705 960
688 165
242 768
549 329
871 76
834 910
615 748
625 421
68 540
332 423
684 338
403 361
485 137
764 476
980 661
75 913
303 391
579 259
716 812
467 708
25 345
388 637
934 177
10 448
520 579
57 280
63 165
714 796
82 558
350 879
721 19
866 844
59 312
51 72
769 737
428 664
946 129
574 405
609 314
856 501
901 38
895 364
519 855
991 443
793 930
890 223
981 465
841 341
915 384
769 661
511 400
824 140
922 523
600 711
40 7
578 292
803 335
559 731
774 669
99 206
708 181
27 549
457 174
968 157
113 10
725 81
272 241
222 929
74 824
697 210
916 224
233 542
650 620
784 902
994 762
541 997
745 510
887 895
293 372
161 586
259 861
630 548
826 587
830 597
888 600
426 790
371 284
284 354
466 782
331 788
333 637
462 273
658 86
390 696
314 473
433 935
27 576
756 207
935 424
729 258
149 155
834 196
455 628
836 305
339 212
447 765
390 685
181 338
798 814
713 845
862 710
979 353
688 764
401 897
38 14
943 640
473 992
226 171
966 816
169 817
958 40
709 370
980 883
891 270
581 868
592 631
427 971
860 538
346 841
114 618
559 814
367 174
845 425
465 83
922 528
898 629
609 128
181 66
369 863
192 463
23 624
482 807
783 728
87 497
705 119
242 298
906 96
306 444
79 964
672 301
785 563
352 250
878 613
950 13
572 609
555 852
204 500
168 749
84 340
770 15
765 21
383 794
630 324
167 42
289 858
223 48
469 75
962 274
715 63
129 299
749 689
165 454
340 878
153 599
1 288
197 723
662 100
161 425
573 473
607 873
489 627
53 244
869 102
873 835
906 622
621 405
580 94
541 828
175 648
270 591
422 637
762 261
828 717
761 904
719 712
314 152
457 526
354 42
329 37
28 616
65 97
355 810
425 633
148 78
589 896
70 956
146 104
334 349
295 966
319 638
802 330
455 103
104 549
344 449
640 624
620 606
410 338
514 851
860 538
785 852
990 750
434 551
727 996
588 788
695 911
298 195
239 661
71 334
173 422
492 473
116 31
409 879
684 159
539 95
678 89
733 647
690 308
962 463
396 40
673 617
493 890
954 375
966 1
841 462
474 610
833 978
444 473
866 283
303 881
429 502
653 758
375 966
530 937
813 172
137 243
848 260
447 205
497 835
63 696
854 646
414 81
885 61
832 823
568 208
211 328
209 496
706 296
968 161
716 204
404 854
615 574
543 614
454 666
460 462
595 976
837 895
1 306
960 513
937 73
34 128
951 524
391 662
46 417
480 593
290 718
942 614
940 49
294 190
475 815
638 72
840 963
695 456
539 495
627 983
861 567
353 826
669 532
46 279
791 647
214 469
122 519
124 715
745 572
350 276
68 700
613 874
64 591
203 961
468 822
782 349
925 537
860 863
805 617
503 19
47 99
419 773
150 686
205 654
806 935
63 241
859 107
457 539
673 220
546 282
524 736
272 189
433 31
460 109
933 83
345 787
596 844
982 802
444 269
466 781
884 513
424 460
303 787
803 435
133 564
780 372
43 653
737 471
370 520
768 750
694 202
485 110
976 236
664 395
374 586
675 450
721 571
602 925
991 763
771 787
515 149
904 494
194 493
147 89
934 829
737 50
792 214
786 748
170 49
401 240
907 158
391 637
510 494
404 637
45 564
40 818
178 465
791 689
511 448
420 405
543 134
263 512
68 630
441 622
841 877
999 802
843 777
966 780
124 15
815 907
952 686
779 680
932 278
952 843
291 141
268 171
827 499
881 256
888 700
898 42
175 734
213 551
46 971
9 481
186 761
386 359
264 361
715 150
496 781
76 622
271 237
964 601
636 571
768 178
757 406
628 323
499 220
665 346
284 772
384 804
767 707
918 697
901 556
65 235
110 749
722 234
409 368
267 73
265 656
739 487
476 5
360 398
893 57
84 816
85 411
515 203
157 180
779 634
847 49
837 103
694 848
627 733
107 670
731 891
225 640
19 702
211 185
149 669
653 315
677 371
345 161
312 64
323 397
48 193
150 510
62 850
384 860
631 185
523 247
393 285
478 68
7 119
964 441
236 927
755 724
757 266
560 262
18 234
985 694
142 247
994 420
564 269
532 386
285 966
187 242
623 417
735 68
208 114
798 702
956 429
927 594
275 765
290 690
55 722
543 527
188 443
860 994
120 543
706 986
477 298
458 0
509 678
852 888
534 376
609 705
670 357
810 125
360 749
927 693
479 695
149 703
651 973
594 650
138 88
922 732
273 415
296 137
466 549
205 663
72 369
428 848
457 57
794 639
12 337
464 486
763 785
99 152
706 573
341 611
441 713
645 656
142 860
957 469
631 508
618 114
783 867
817 108