1000
551 125
255 139
403 640
844 552
644 718
525 537
421 829
107 722
979 455
947 233
765 340
542 528
453 676
383 946
654 127
115 418
717 319
172 384
909 833
822 709
158 848
862 233
966 42
783 51
571 887
223 561
223 311
289 904
404 275
404 838
562 768
253 663
24 823
48 389
967 336
285 715
677 392
424 675
0 296
105 366
721 545
806 477
380 165
438 789
245 815
407 224
277 445
681 138
949 316
37 513
458 6
1 457
570 208
533 791
470 719
955 684
344 420
378 364
671 724
707 55
856 613
552 976
215 406
82 997
303 639
810 702
902 401
338 25
460 79
260 628
958 677
811 757
838 968
602 31
469 662
114 774
140 455
519 549
895 676
733 126
379 327
487 322
994 468
496 9
996 22
125 284
456 388
987 840
396 37
517 102
257 122
273 826
490 284
900 521
14 662
747 614
500 308
403 558
535 924
739 506
618 139
329 581
597 380
393 927
233 172
989 857
689 633
634 754
625 437
807 354
907 245
300 357
776 743
808 249
268 267
699 348
253 305
822 624
957 955
239 744
358 612
257 160
61 730
12 143
986 248
497 864
87 919
168 450
807 415
5 821
42 840
73 102
158 13
237 405
447 731
868 756
498 990
545 530
78 29
751 81
573 911
744 221
170 191
728 727
523 340
906 584
648 531
923 306
76 457
958 803
156 403
688 699
478 633
829 72
316 923
562 856
873 618
5 480
947 642
186 522
337 926
711 204
215 773
610 302
240 756
514 51
811 444
171 277
73 333
462 243
526 883
991 28
702 184
721 816
618 170
47 444
691 46
301 999
351 541
95 867
745 726
719 502
317 637
157 697
620 506
850 688
333 925
181 892
598 889
242 758
489 446
720 533
49 195
770 337
999 659
936 49
872 112
303 858
450 78
318 136
479 33
546 338
304 145
109 481
886 173
674 954
805 222
140 637
667 869
895 780
279 960
527 631
997 281
440 480
393 407
390 43
801 953
318 544
344 648
45 331
921 172
103 940
457 562
842 35
288 957
972 702
184 587
555 135
447 369
828 311
202 345
477 832
459 770
455 9
301 617
398 946
844 183
995 835
203 539
732 49
216 738
978 601
650 532
611 815
646 137
73 417
878 851
980 959
884 381
619 790
662 549
640 334
58 198
869 649
979 73
9 197
12 260
567 395
717 796
585 200
972 272
1 980
293 37
433 546
765 377
764 831
323 714
843 775
217 367
388 508
362 626
473 40
28 428
917 517
599 689
428 18
894 926
187 73
958 488
901 519
117 510
752 428
518 2
144 516
769 76
738 125
567 208
756 569
335 377
883 126
387 838
996 37
607 875
351 352
562 635
585 775
141 765
665 997
724 773
509 6
187 564
478 403
220 906
858 586
102 99
536 200
343 176
905 224
325 896
965 361
665 686
979 946
133 749
566 841
992 1
44 269
735 304
224 760
350 353
307 89
216 355
630 297
371 185
907 821
824 388
485 995
2 930
717 168
108 766
198 81
311 208
611 761
164 159
736 571
863 188
999 584
358 528
204 170
17 656
818 34
137 216
511 39
181 198
725 313
411 817
59 29
548 690
980 441
251 225
758 27
839 435
198 309
231 698
906 619
230 694
54 576
552 403
163 398
219 634
765 756
873 61
556 813
973 821
982 543
99 222
18 977
998 126
696 240
564 874
207 100
604 177
863 895
916 901
241 790
772 927
196 842
119 354
617 913
498 523
513 729
765 335
389 317
931 606
885 395
877 758
421 188
139 67
558 710
797 358
529 127
671 76
978 419
260 480
314 232
212 795
68 472
865 907
29 902
406 762
526 453
409 681
683 813
243 100
585 943
93 583
260 139
853 393
134 839
201 616
471 491
75 646
745 676
38 747
779 638
368 562
441 901
729 968
274 253
427 626
154 16
953 847
112 672
965 199
290 190
173 937
128 299
454 931
703 52
180 285
928 547
329 519
288 428
892 341
688 445
379 471
143 858
20 46
751 463
224 196
901 296
825 476
5 149
358 50
702 514
749 187
210 78
512 920
785 762
747 447
406 909
732 843
962 901
28 309
519 600
325 563
487 716
437 263
807 356
970 179
102 940
918 277
651 727
550 669
558 63
933 398
356 820
686 956
617 544
897 155
282 59
301 857
937 515
472 189
452 655
811 343
559 19
194 537
881 646
410 911
757 530
43 931
683 404
384 572
950 925
644 568
46 168
360 880
969 261
491 139
541 597
881 573
330 871
567 417
54 106
773 637
136 564
300 245
209 75
611 299
400 682
541 461
805 838
117 511
600 490
773 627
427 391
283 518
37 656
821 756
536 733
422 383
46 374
345 236
48 834
558 751
238 960
347 369
534 175
293 710
750 473
159 628
908 829
993 64
369 733
229 627
145 501
318 462
135 830
914 425
918 33
290 394
570 639
151 60
656 329
319 446
636 524
976 46
698 359
701 949
79 736
390 725
376 811
61 800
955 844
462 331
597 912
46 235
331 567
528 999
45 109
732 998
536 385
113 178
564 781
428 453
285 263
394 210
245 879
890 568
818 66
542 98
235 598
707 59
289 632
311 272
20 674
475 494
100 73
946 318
881 478
913 630
173 955
350 171
448 272
453 779
172 878
889 335
42 37
793 729
580 153
428 666
421 306
133 839
574 108
178 853
315 259
225 154
525 883
396 854
129 752
808 995
529 169
336 809
833 827
231 653
868 259
990 194
232 403
466 712
504 745
697 932
209 748
383 937
727 625
228 206
648 357
113 551
769 28
971 448
480 153
358 319
954 278
437 730
189 718
873 641
801 210
25 333
123 457
41 737
690 795
494 328
349 320
240 399
300 348
369 181
231 622
613 224
468 506
234 377
477 659
859 699
672 229
95 295
65 786
959 860
997 211
704 558
24 457
166 732
434 228
898 790
622 892
149 711
339 46
101 863
494 218
407 501
231 803
710 451
259 718
610 153
226 423
557 87
682 168
42 821
12 498
487 526
333 41
453 668
399 972
781 685
89 507
69 743
349 132
388 128
681 126
338 9
624 255
75 107
9 276
125 19
240 496
552 562
564 967
726 760
473 554
275 426
94 757
343 129
266 919
209 118
451 3
126 667
967 501
539 667
446 958
383 684
160 828
764 236
659 988
272 498
823 105
678 903
22 321
363 212
590 142
206 69
673 922
367 143
399 455
252 814
114 974
887 26
642 303
356 347
250 8
34 170
475 673
503 90
367 903
905 319
225 207
43 398
203 350
324 229
128 151
310 988
883 740
350 29
624 232
583 855
881 285
900 377
52 42
126 661
75 631
154 859
907 331
799 144
810 406
974 102
194 891
299 558
539 792
427 987
176 665
190 881
545 961
863 30
545 963
410 215
73 913
702 783
740 930
419 507
244 489
629 409
773 412
593 355
617 482
879 510
900 688
481 776
984 70
91 817
12 229
476 745
736 348
244 587
125 692
798 688
706 960
776 415
802 489
128 835
564 585
641 749
531 286
15 516
392 226
159 43
340 832
3 474
122 353
189 79
596 505
393 742
613 995
311 622
119 636
25 919
350 462
290 169
869 555
376 310
407 166
980 483
249 36
928 786
38 0
48 380
986 528
915 725
596 890
235 920
93 331
36 222
622 129
42 545
314 719
174 221
655 745
946 297
59 305
442 226
740 945
510 921
728 426
405 550
734 61
492 437
997 327
328 752
708 650
288 429
562 810
38 81
671 477
784 653
690 911
298 801
700 500
366 910
316 63
319 128
861 43
665 379
861 344
933 981
224 513
525 221
677 363
859 579
510 152
166 264
358 557
735 911
838 793
585 868
384 343
512 995
952 261
979 268
855 374
605 774
162 557
424 330
555 115
851 634
678 291
637 457
879 220
786 420
290 607
79 394
858 370
256 384
734 723
298 400
978 377
885 458
802 511
66 11
692 538
950 558
590 926
149 33
437 612
275 121
176 79
559 632
500 287
153 990
153 557
893 917
293 48
344 290
568 919
402 297
648 912
885 128
182 281
525 174
512 949
745 429
528 233
985 503
437 439
824 901
600 779
212 741
466 588
804 916
404 981
561 530
815 181
407 278
838 164
534 306
416 647
301 529
130 677
654 773
93 906
152 133
915 756
272 103
992 701
649 451
399 17
543 601
186 328
526 106
622 502
816 469
366 161
838 227
447 674
270 221
28 808
39 167
690 977
105 12
967 59
984 932
927 930
523 475
351 75
807 940
582 112
650 942
568 684
741 493
461 306
945 236
97 465
413 106
430 819
774 91
319 606
9 561
277 282
549 666
200 876
309 963
982 626
492 853
368 608
417 295
533 307
197 452
758 700
763 287
389 239
824 204
272 485
107 1
954 983
78 229
987 924
877 127
302 100
671 874
708 133
835 223
312 766
421 580
531 611
297 204
736 320
902 831
186 881
527 308
676 298
974 532
802 146
386 240
703 942
691 222
830 891
451 567
356 427
951 181
70 724
14 283
927 797
65 693
253 946
468 3
613 378
740 255
563 744
962 343
327 143
159 191
340 553
976 775
443 313
459 285
560 608