1000
574 827
232 742
69 359
863 829
153 450
489 845
554 581
612 17
97 359
762 66
138 403
341 862
370 551
703 972
300 750
353 303
931 745
978 881
531 297
107 362
352 304
792 57
804 905
521 91
451 37
578 9
834 0
600 374
167 467
950 506
506 363
854 73
548 898
275 64
327 236
422 320
590 108
664 531
278 376
528 479
414 306
357 393
923 209
575 707
295 552
49 241
986 685
633 641
106 205
323 722
191 86
338 846
626 933
472 514
655 1
425 389
16 351
667 239
757 167
585 557
553 62
120 474
958 638
729 152
59 420
289 239
325 440
733 957
836 218
626 511
616 539
195 438
908 258
44 366
617 456
607 563
821 854
93 453
262 285
0 389
714 126
78 328
625 107
840 612
837 5
500 817
232 968
872 114
279 876
760 843
246 110
665 469
988 846
559 985
200 210
188 545
148 739
634 421
377 877
547 876
556 861
975 985
735 175
142 80
635 958
358 769
12 375
207 661
789 327
149 134
470 444
694 756
987 42
565 277
567 224
326 220
769 258
434 590
590 568
46 105
487 782
119 494
748 717
33 464
504 650
0 757
999 469
198 493
702 885
286 377
107 67
536 293
28 196
463 1
652 467
511 668
195 998
291 698
445 583
526 313
726 997
680 966
876 212
339 405
774 179
415 296
603 613
427 847
430 43
916 609
473 176
819 586
664 84
626 782
327 332
495 581
822 922
333 896
580 353
807 547
762 205
606 795
825 680
525 577
150 767
155 63
997 983
368 619
109 354
148 170
706 78
332 751
472 272
766 476
55 20
944 80
306 73
716 961
468 139
87 52
141 632
505 267
169 88
911 398
522 950
80 613
663 380
781 477
205 262
61 889
941 254
447 643
518 728
873 675
925 238
416 247
202 503
33 452
788 443
88 732
743 618
919 816
134 246
242 287
788 406
800 344
271 381
364 677
663 946
636 769
747 513
706 11
373 610
842 339
655 680
891 532
389 165
361 810
821 668
698 654
605 351
72 841
540 642
167 101
12 336
143 938
182 644
267 135
310 714
467 903
424 647
200 655
388 767
910 116
518 318
22 154
49 41
397 635
868 493
375 940
613 336
728 63
406 63
997 516
446 712
718 449
753 177
246 596
978 896
502 814
248 620
207 538
822 788
102 6
144 607
165 626
131 755
464 351
524 650
214 994
524 562
905 232
922 316
614 956
177 392
344 471
195 678
826 431
479 968
485 259
111 638
65 766
237 698
159 35
799 270
822 280
832 826
308 605
673 258
544 278
80 927
382 679
8 45
114 632
809 789
808 722
209 156
491 305
683 636
661 834
960 697
847 958
739 358
713 640
912 249
860 515
96 237
294 591
958 791
654 814
454 59
608 746
575 479
443 130
766 104
249 29
893 692
663 558
620 152
871 200
239 915
274 723
407 658
33 847
782 901
149 825
597 418
925 476
504 609
345 538
325 472
245 155
184 768
536 245
467 31
341 709
180 167
81 901
279 358
982 646
142 808
656 152
966 339
999 544
756 297
900 696
48 475
167 541
41 347
616 830
280 347
116 776
425 292
2 154
288 874
335 141
632 462
119 923
370 124
341 373
484 975
773 181
864 913
808 235
438 303
872 990
372 355
924 873
357 636
573 993
16 268
250 348
772 729
834 908
392 446
201 179
767 290
676 209
315 649
464 380
209 26
159 352
135 609
533 191
289 150
986 875
897 742
89 234
8 688
217 48
696 274
561 899
917 340
209 171
956 685
862 609
649 822
991 178
967 28
910 483
460 842
481 359
907 790
18 327
486 402
571 162
723 174
910 565
102 972
628 564
416 548
308 809
983 210
926 836
886 828
296 989
38 864
26 414
564 278
173 180
973 617
553 471
992 780
471 928
491 946
236 827
641 671
768 661
594 461
949 408
915 594
900 740
119 120
100 416
470 900
660 369
6 828
403 610
567 626
206 533
875 774
762 505
350 244
19 869
330 993
628 843
158 740
200 24
496 962
608 612
1 186
853 189
976 443
785 849
825 10
809 179
743 648
518 85
575 132
269 928
432 741
419 199
496 747
644 459
120 190
806 426
611 959
98 801
971 622
947 868
685 363
18 227
46 745
704 160
429 191
765 822
371 89
361 12
888 695
650 842
640 821
70 156
766 947
777 316
543 973
256 220
379 413
231 525
128 919
872 266
567 182
957 328
707 101
688 154
839 497
208 839
863 85
127 807
313 173
707 639
637 552
969 865
684 488
656 712
493 779
693 810
422 695
331 246
536 825
142 440
163 431
440 834
293 431
363 958
573 495
975 234
892 631
927 706
455 52
471 684
646 614
729 72
272 851
344 631
579 293
428 22
222 306
576 235
594 524
744 359
713 136
407 284
877 466
623 216
556 561
587 130
714 694
122 45
407 675
188 332
715 682
298 765
456 67
745 241
127 474
359 938
213 384
329 765
87 993
372 578
467 143
419 762
521 973
905 825
731 254
791 988
56 454
927 173
311 953
346 76
947 843
416 496
97 592
806 446
946 365
909 617
677 454
120 315
52 153
461 915
386 739
352 728
107 986
77 85
85 339
53 221
270 173
10 241
166 246
638 351
574 484
785 261
753 518
578 14
754 852
64 228
598 884
273 704
299 639
626 822
617 131
504 180
472 226
55 252
67 131
361 759
716 631
209 149
39 191
184 411
3 437
104 548
438 40
760 859
297 219
343 807
292 600
76 16
394 441
653 321
225 863
14 279
883 143
741 257
960 394
836 777
568 955
558 66
451 391
686 393
619 984
812 105
805 618
649 282
36 242
189 42
142 195
143 239
443 267
293 275
251 413
628 712
911 208
290 918
796 417
963 68
19 940
41 723
396 121
71 553
92 500
239 20
100 173
258 525
229 930
433 224
425 834
929 305
963 675
284 577
409 501
238 129
640 777
389 774
618 109
229 198
420 841
963 666
459 679
608 516
0 350
544 75
72 375
611 668
273 284
876 691
306 558
897 851
859 398
570 546
101 718
981 72
571 32
640 330
121 191
481 378
676 654
203 433
330 822
746 936
395 947
57 547
48 865
58 295
675 155
414 430
488 148
381 360
258 361
672 772
536 23
364 304
641 417
498 781
110 253
214 38
968 560
405 610
970 535
346 784
552 151
642 299
264 663
294 734
887 29
577 857
464 317
483 277
672 969
477 773
941 654
558 925
633 163
78 447
257 744
889 428
115 404
557 824
695 663
552 121
565 986
460 393
743 819
100 2
240 85
772 705
126 304
131 270
956 85
196 803
635 268
14 595
683 681
353 158
588 77
722 10
785 633
849 59
223 104
912 278
746 221
366 282
745 315
485 609
131 796
161 62
843 484
323 679
736 430
340 324
599 199
342 912
741 50
855 944
599 812
887 626
285 585
132 80
959 398
676 661
350 521
28 783
998 830
918 861
218 83
952 451
161 158
754 596
552 838
711 543
344 951
265 589
113 66
295 850
239 867
264 242
428 701
972 630
230 347
640 583
466 521
971 147
17 915
503 85
802 739
770 993
241 593
717 504
182 534
964 217
369 97
544 122
645 686
522 677
210 676
529 309
511 302
301 355
455 796
101 964
932 787
734 302
618 410
956 499
837 310
606 748
909 529
549 162
441 350
326 937
690 984
665 295
313 43
968 195
76 891
99 73
381 156
964 421
651 138
895 421
653 698
36 348
732 505
815 949
952 475
920 765
966 110
863 284
529 200
114 660
23 959
19 43
981 8
635 174
525 881
252 447
366 915
725 865
21 130
846 624
475 831
655 687
879 888
909 348
206 286
5 686
288 55
115 226
493 949
349 26
503 40
411 8
105 927
498 786
273 412
418 822
2 169
77 407
117 821
857 512
624 723
255 313
872 533
916 304
140 109
520 617
625 381
30 25
229 152
763 239
526 887
275 965
451 920
544 966
374 941
732 896
920 921
137 987
85 416
150 210
306 991
221 226
780 505
803 977
258 220
584 762
134 460
664 269
904 966
769 115
660 880
61 571
997 967
970 335
322 256
585 907
767 619
108 6
863 77
859 369
641 981
145 528
225 97
338 439
904 938
887 712
62 870
878 706
615 700
268 851
980 437
188 145
300 465
957 53
618 895
62 729
521 962
213 356
541 904
17 739
156 380
620 18
445 975
413 188
767 410
357 439
77 479
201 396
72 681
967 566
566 289
84 840
666 442
445 467
68 511
925 152
523 356
39 475
984 323
708 698
68 296
686 645
868 662
830 693
412 939
619 689
538 185
29 511
613 151
617 264
870 152
21 991
101 610
103 627
935 178
465 707
134 614
127 418
226 938
788 860
343 55
818 903
678 881
504 109
753 496
625 249
321 426
771 823
610 566
893 962
330 564
964 408
438 227
600 352
29 19
291 208
353 597
818 632
675 968
622 955
174 637
717 334
111 229
141 241
235 169
841 71
746 177
383 89
450 57
912 447
239 986
522 841
322 349
763 475
760 406
999 464
428 414
260 608
935 824
300 93
319 273
34 490
606 706
241 989
269 399
761 343
360 285
403 889
827 544
383 601