1000
590 33
249 755
106 993
657 193
175 478
750 66
944 776
269 404
115 949
148 385
679 271
880 167
848 309
942 47
497 372
358 915
50 268
325 259
810 167
234 961
206 432
291 756
722 609
169 394
519 584
866 210
446 954
845 425
908 295
867 610
279 625
164 771
800 104
327 798
121 615
631 742
89 5
682 571
38 236
907 735
426 126
915 641
201 713
619 210
65 880
101 703
251 429
708 758
41 59
889 508
825 177
359 190
281 484
857 735
875 59
243 265
739 521
655 183
390 702
937 507
94 855
460 764
676 112
358 890
149 967
169 261
495 315
148 314
181 933
514 975
778 869
921 178
539 256
350 76
952 232
983 884
484 557
360 42
842 467
466 72
139 972
697 432
965 959
405 242
526 960
20 220
314 691
669 320
777 595
560 296
381 80
693 29
58 401
282 448
366 677
832 792
667 760
832 598
859 196
290 526
764 486
271 439
844 171
128 355
582 651
445 91
661 181
683 517
817 811
304 472
48 158
8 426
567 333
766 143
56 811
411 229
214 511
762 566
447 423
688 373
954 79
230 676
337 399
785 46
632 827
107 33
551 951
691 238
540 2
291 651
229 514
592 144
837 41
823 810
764 487
190 509
68 80
737 5
441 758
815 126
88 498
436 554
260 95
95 75
701 88
30 442
306 948
337 343
232 702
149 810
227 562
923 858
972 396
392 532
28 283
501 462
337 183
633 964
582 719
350 906
32 294
673 107
470 910
902 322
944 589
964 248
987 544
389 29
123 621
681 986
483 85
323 806
242 554
108 695
486 717
102 587
229 564
276 440
233 666
992 393
620 951
628 306
525 25
78 590
385 587
926 526
142 277
209 565
771 596
635 378
660 379
913 558
325 690
189 39
829 871
989 60
317 506
565 601
40 222
156 157
261 508
581 586
131 361
304 269
838 68
824 919
351 385
325 683
528 705
133 705
47 645
30 106
498 824
800 557
61 349
777 1
896 74
864 100
909 539
198 796
688 346
578 956
832 413
564 105
453 792
660 205
938 269
700 740
36 785
419 798
603 17
540 748
610 588
126 741
882 939
469 379
284 278
937 634
398 537
605 697
820 840
922 581
803 718
29 522
907 276
111 219
707 991
492 908
826 131
551 149
19 847
139 674
455 329
236 65
834 756
871 844
63 119
600 143
277 128
35 900
798 33
397 917
205 505
667 810
680 94
155 236
543 785
682 153
908 739
181 401
251 999
236 351
716 143
276 637
710 564
181 137
502 568
395 260
184 718
312 974
877 181
18 650
239 129
784 639
57 826
539 457
482 889
787 381
723 40
832 77
246 553
378 155
218 242
523 888
525 183
123 735
601 640
820 774
610 485
119 149
886 688
678 859
918 978
596 981
669 712
978 983
54 247
524 224
555 422
99 105
131 451
244 783
603 264
609 729
489 391
806 980
93 500
30 429
976 978
647 782
313 609
564 845
326 799
962 273
992 788
973 23
627 930
571 228
116 692
729 139
427 542
645 617
11 214
396 800
560 298
444 73
288 722
965 653
277 215
252 278
186 869
824 489
500 260
144 767
707 805
356 364
769 563
956 367
82 95
406 500
133 273
636 958
634 660
924 905
148 738
402 407
201 431
467 784
423 474
523 216
889 97
802 500
187 773
739 421
458 254
989 632
184 936
157 197
566 270
251 63
202 533
404 107
204 93
16 532
396 67
717 742
278 74
140 914
536 652
674 90
395 44
442 502
688 941
88 901
869 480
121 328
960 394
466 787
308 12
182 485
442 928
180 403
897 88
344 944
0 144
193 39
556 663
891 148
414 946
262 72
574 531
6 939
502 112
708 671
496 894
741 739
841 639
586 605
714 266
456 892
21 586
944 820
245 857
65 651
689 231
957 60
282 437
746 338
395 871
2 335
161 290
373 821
130 250
53 413
803 280
578 871
829 777
255 337
711 914
757 523
794 538
134 802
305 833
245 467
999 552
668 779
566 225
982 764
405 201
454 475
873 882
416 656
144 910
207 614
770 664
358 315
336 773
42 426
58 820
775 7
699 426
11 51
688 873
680 337
17 90
342 23
583 136
40 65
15 871
22 26
485 557
555 781
949 536
304 340
365 120
904 142
135 766
13 390
838 885
571 345
343 751
716 481
691 883
52 184
209 246
445 606
721 280
710 943
982 353
295 911
459 228
801 560
738 698
876 85
505 522
128 263
783 407
327 88
133 275
419 998
287 779
437 739
53 602
174 562
885 682
377 788
980 720
0 380
965 816
782 80
817 58
189 602
760 747
841 973
486 774
709 835
601 140
100 622
930 66
435 902
58 371
821 43
671 949
566 300
760 408
829 439
309 844
123 377
722 82
673 848
733 158
554 455
990 467
596 418
975 600
813 195
996 498
883 868
989 578
700 446
162 920
399 809
158 776
435 573
142 956
919 849
964 978
186 122
87 520
692 334
917 837
692 408
916 73
35 503
726 583
896 219
163 730
254 728
947 831
923 910
516 842
659 695
976 635
133 603
315 289
211 465
428 23
592 551
58 495
965 147
617 253
788 987
316 373
673 386
133 992
757 612
595 834
189 460
676 303
59 635
355 392
355 28
283 953
561 830
221 861
41 282
38 419
534 389
661 618
384 256
115 91
936 638
924 31
717 102
373 705
460 994
143 444
611 591
203 960
783 190
461 961
615 346
238 225
664 267
333 856
562 770
398 505
755 222
838 918
739 470
558 638
128 888
174 686
379 610
779 462
202 615
91 749
255 60
641 592
537 499
421 711
601 640
662 152
648 794
162 913
895 228
589 216
223 565
664 53
43 892
12 882
202 288
215 105
977 568
310 287
113 934
804 200
108 769
458 267
110 291
512 127
578 928
466 558
738 472
926 177
667 135
773 260
928 131
192 372
782 365
950 86
184 156
155 33
139 646
283 855
237 921
759 832
858 777
598 632
263 866
992 82
67 385
879 877
122 334
711 286
580 533
440 381
70 253
402 852
735 879
736 542
421 91
567 997
792 800
569 183
920 900
685 257
739 275
250 860
898 594
644 511
36 574
765 805
763 816
496 689
614 428
826 959
190 483
625 517
653 910
66 802
731 67
86 349
163 629
749 649
894 39
958 176
31 577
84 605
551 638
181 343
249 373
736 51
136 743
645 984
623 368
186 89
786 530
66 471
500 86
344 925
656 837
109 568
123 750
966 270
786 552
458 702
792 218
755 305
683 24
826 615
176 329
968 725
235 720
522 125
660 640
412 519
255 659
346 135
858 420
619 135
956 355
351 118
612 746
346 825
855 982
697 857
927 832
789 701
832 340
374 977
236 705
273 735
898 378
173 22
227 269
890 80
845 586
907 408
523 166
382 419
973 241
274 318
475 964
200 249
928 527
797 691
37 282
815 726
323 370
653 835
437 631
268 297
838 284
199 779
95 38
607 48
491 696
596 535
406 238
162 521
939 457
759 321
85 955
404 186
401 515
803 809
914 427
416 523
149 992
90 599
574 42
940 911
698 213
263 507
983 518
275 606
649 506
486 317
854 500
515 358
68 197
502 869
297 465
871 37
595 455
933 469
658 977
174 288
179 158
596 858
454 788
10 976
138 857
991 895
567 508
258 791
860 0
583 409
906 137
344 967
57 225
872 380
794 997
508 772
884 636
707 676
747 384
552 877
86 360
317 589
359 924
153 351
377 315
669 212
813 722
652 450
781 518
842 788
109 372
551 730
599 486
267 210
774 529
420 871
773 669
989 473
352 117
666 213
819 199
945 991
770 390
323 933
545 126
268 773
181 263
550 610
170 822
437 403
895 800
311 61
311 641
866 474
881 37
826 562
218 748
547 921
745 659
988 944
28 504
133 648
105 182
394 405
815 186
632 896
222 893
328 863
108 868
290 217
962 756
379 964
206 794
706 802
922 634
920 556
437 149
910 117
121 761
147 186
581 700
829 719
11 392
680 6
244 750
629 557
363 700
709 461
480 672
143 434
470 74
566 616
118 525
862 114
989 983
976 265
812 146
260 603
39 465
286 993
792 350
45 438
300 179
536 709
566 920
369 10
235 861
782 820
478 368
278 201
613 721
762 338
756 348
948 201
760 167
171 177
958 5
183 804
669 626
827 370
362 112
617 881
514 225
530 408
757 382
469 401
417 967
952 878
421 868
173 867
79 908
767 684
552 555
253 760
886 593
118 958
826 25
446 95
124 752
944 397
259 775
4 130
505 297
475 364
951 233
473 112
653 982
913 956
908 344
487 337
512 448
122 761
520 475
209 165
23 912
568 882
424 722
11 37
198 711
594 893
322 474
709 376
584 38
322 976
268 148
373 727
625 751
727 377
298 478
442 994
925 65
819 272
988 672
105 929
798 257
750 336
342 128
700 28
890 843
649 41
167 551
654 355
218 877
156 952
154 553
312 646
988 389
57 518
55 809
927 7
290 174
22 877
883 467
355 667
874 287
655 758
204 336
402 500
804 92
114 478
143 493
171 186
590 714
209 348
794 285
676 933
875 751
667 12
417 266
541 981
751 376