1000 1000
692 691
231 230
609 608
393 392
826 824
561 559
273 271
660 659
462 461
821 820
167 166
71 69
111 110
898 896
206 204
544 543
369 367
368 367
330 329
590 589
641 640
312 311
670 668
559 558
682 680
924 923
102 101
443 441
772 771
963 962
469 468
585 583
99 98
530 528
283 282
159 158
709 708
207 205
941 940
522 521
373 371
674 673
804 803
24 22
788 786
446 445
315 313
3 2
62 60
47 46
767 765
785 784
538 536
908 907
54 52
815 813
356 355
146 145
205 204
997 996
467 466
831 830
479 478
703 702
505 504
227 225
639 638
677 675
822 820
611 610
588 586
722 721
765 763
861 859
32 31
387 385
995 993
169 168
272 270
382 380
890 889
543 541
578 577
225 224
541 540
820 818
762 761
65 64
325 324
948 947
311 309
297 296
524 523
678 676
371 370
714 713
990 988
696 694
690 688
741 739
358 356
781 780
655 653
784 783
566 565
956 955
947 945
879 877
201 200
744 742
927 925
307 306
773 772
774 773
46 44
81 79
363 361
802 800
222 220
680 679
564 562
440 438
507 506
133 132
526 525
527 526
338 336
968 966
798 797
860 859
487 485
743 742
958 956
248 247
481 479
161 159
404 403
895 893
555 553
257 255
87 85
755 753
894 893
562 561
355 354
127 125
808 806
563 562
698 696
136 135
352 350
667 666
931 929
856 854
454 453
878 876
570 568
332 330
26 25
115 114
194 192
449 447
746 744
289 288
148 147
992 991
989 987
282 281
999 998
38 36
103 102
395 394
285 284
987 985
180 179
31 29
286 285
628 626
988 987
728 726
264 263
2 1
213 211
350 348
579 577
433 431
423 421
134 133
281 279
364 362
740 739
245 244
711 710
516 515
70 69
904 903
811 809
100 99
403 402
993 992
113 112
888 887
337 336
280 279
474 473
952 951
199 198
512 510
889 887
290 289
335 334
719 717
847 846
195 194
597 595
803 802
602 601
269 267
925 923
885 884
594 592
574 573
932 930
322 321
523 522
787 785
789 788
770 769
321 320
499 497
215 213
183 182
713 711
20 19
179 177
151 150
737 735
840 838
935 933
786 785
120 119
238 237
892 891
546 545
291 290
612 611
398 396
912 911
918 917
14 13
694 693
121 119
587 586
61 60
582 580
89 87
432 430
466 465
693 691
405 404
468 466
377 376
410 409
67 65
170 169
510 508
59 57
13 12
362 360
891 890
735 733
390 389
650 649
94 92
275 273
817 815
998 997
595 593
254 253
630 628
688 687
954 952
498 497
768 766
515 514
662 660
567 566
186 185
819 818
288 286
131 129
659 658
428 427
42 41
27 26
28 26
221 220
874 872
666 664
17 15
202 201
525 523
258 256
436 435
204 203
920 919
616 614
302 301
589 588
496 495
130 129
109 108
542 540
643 641
172 170
361 359
76 75
255 253
776 775
243 241
909 908
518 517
631 629
217 215
219 217
758 757
8 6
604 603
434 433
351 349
960 959
748 746
242 241
441 440
359 357
328 326
939 937
517 516
270 268
86 84
376 375
807 805
409 407
378 376
413 412
760 759
372 370
617 616
764 763
489 488
906 904
209 207
56 54
540 539
635 634
284 282
695 694
35 34
22 21
16 15
380 379
193 191
5 3
41 40
568 566
107 105
752 751
823 821
234 233
408 407
653 652
177 175
944 943
152 150
83 81
766 765
278 276
751 749
178 177
74 73
537 535
165 164
349 348
105 103
911 910
705 704
23 21
738 737
975 974
88 86
673 672
745 744
370 368
605 604
686 684
727 725
484 482
246 244
875 873
176 175
949 947
592 591
649 648
345 343
80 79
654 653
974 972
501 500
470 468
778 776
192 191
651 650
839 838
482 481
229 228
353 352
365 364
859 857
458 457
973 971
742 740
305 304
108 107
625 623
867 866
976 975
560 559
661 659
203 202
606 605
407 405
116 115
141 139
769 768
132 130
929 928
862 860
926 925
679 678
813 812
872 871
495 494
529 528
296 294
256 255
310 309
689 688
850 848
96 95
75 74
632 630
936 934
647 646
188 187
548 547
581 580
406 405
633 632
771 770
464 462
10 9
153 151
279 278
806 804
385 384
114 113
871 869
399 398
34 33
712 711
477 476
753 751
475 473
366 365
782 780
640 639
344 343
558 557
453 451
672 670
565 564
972 970
500 499
877 875
72 71
591 589
119 117
391 389
869 867
914 912
266 265
452 451
49 48
580 578
780 779
844 842
326 324
852 850
417 415
314 313
938 936
174 172
864 863
621 620
519 517
549 548
63 61
147 146
636 635
671 670
509 507
293 291
583 581
437 435
157 156
37 35
15 13
112 110
916 915
346 344
294 292
483 481
93 91
44 42
937 936
66 65
301 299
397 395
185 183
122 120
791 789
980 979
994 992
251 250
933 931
907 906
334 332
430 429
934 933
967 965
593 591
235 233
556 555
726 725
733 731
19 17
953 951
797 795
402 401
40 39
887 886
43 41
618 616
750 748
899 897
613 612
957 955
853 852
139 138
224 222
374 373
51 50
521 520
189 188
143 141
794 792
110 108
884 882
173 171
92 90
239 237
676 674
292 291
502 501
940 939
930 929
870 869
572 571
331 330
917 915
415 413
876 874
494 493
427 425
721 720
465 463
4 3
736 734
90 88
488 486
447 445
652 651
347 345
534 533
191 190
85 84
675 673
313 311
757 755
977 976
710 708
295 293
792 790
919 917
812 811
259 258
600 598
620 618
341 339
855 854
216 214
309 307
833 831
156 154
9 7
491 489
893 891
492 490
624 622
814 812
642 640
340 339
520 518
775 774
73 72
715 714
260 259
247 245
226 225
584 583
535 534
210 208
241 240
545 544
252 251
303 301
645 643
367 365
858 857
873 871
648 646
732 731
729 728
21 19
396 395
244 242
697 696
36 35
419 417
375 374
965 964
459 458
389 388
476 475
863 861
601 600
168 166
190 188
485 483
683 681
339 337
416 414
84 83
657 655
866 864
691 689
135 133
69 67
504 502
50 48
448 446
950 948
598 597
240 238
747 745
82 81
25 24
250 248
805 804
144 142
903 901
699 697
536 535
725 724
824 823
623 622
261 259
60 59
438 436
212 210
149 148
810 808
101 99
456 455
626 624
702 701
793 792
386 384
497 496
91 89
379 378
575 573
756 755
730 729
187 185
420 418
979 978
951 949
412 411
137 135
596 595
969 968
569 568
777 776
274 272
783 781
790 789
58 57
837 835
444 443
663 662
306 304
439 437
276 274
128 127
539 538
704 703
271 269
237 236
984 983
422 420
962 961
471 470
841 839
707 706
220 218
846 844
849 847
832 830
881 880
717 715
551 550
669 668
955 953
236 234
857 856
277 275
196 194
701 699
547 546
638 636
838 837
508 507
68 67
208 207
533 531
964 963
421 420
52 50
946 944
158 157
300 299
360 359
223 221
106 105
414 412
910 908
637 635
145 144
200 198
392 391
800 798
394 393
324 323
978 977
455 453
610 608
53 51
18 16
763 762
442 440
503 502
214 213
681 679
125 124
218 216
154 153
78 76
724 723
961 959
287 286
267 266
181 180
796 795
48 46
451 450
684 683
723 722
384 382
232 231
896 894
615 614
381 380
644 642
981 979
117 115
880 879
97 95
401 399
942 940
12 10
550 549
915 914
985 984
799 798
480 479
716 714
586 585
64 62
29 27
457 455
754 753
299 297
1000 999
486 485
57 55
829 827
828 827
739 737
327 326
233 231
608 607
268 267
656 654
228 226
761 760
943 941
573 571
945 943
253 252
528 526
184 183
818 817
45 44
298 297
490 488
614 613
834 832
514 513
318 316
357 356
33 31
905 903
854 852
706 704
886 885
319 318
160 159
554 552
461 460
155 154
868 866
317 316
323 321
577 575
11 10
959 957
198 196
435 433
424 422
425 423
123 122
472 471
553 551
197 195
138 137
400 399
664 662
77 76
883 882
795 794
140 138
342 341
900 898
845 843
827 825
843 842
816 814
571 569
996 995
463 462
493 492
923 922
848 846
445 443
473 471
263 262
983 982
162 160
986 985
734 732
304 302
320 318
902 901
163 161
607 606
354 352
343 342
970 968
383 382
506 505
175 173
882 880
124 123
426 424
830 828
991 990
265 263
825 823
629 627
182 181
329 328
576 575
30 29
779 778
921 920
865 863
336 334
126 125
720 718
164 162
7 5
55 54
842 840
928 927
901 899
603 601
142 140
511 510
171 169
150 149
411 410
6 5
622 620
687 685
552 551
646 644
211 210
718 717
418 416
118 117
913 912
129 127
333 332
98 97
619 617
731 729
700 699
104 102
478 477
897 895
809 807
95 94
749 747
658 657
531 529
230 229
668 667
262 260
759 757
460 458
166 165
801 799
627 626
308 306
851 849
966 964
922 920
836 834
971 970
532 530
39 38
513 511
634 633
79 77
450 448
316 315
348 346
665 664
599 597
835 833
708 707
429 427
557 555
431 430
388 386
249 247
982 981
685 684
290550949 936725591 185147692 334092857 264638251 891637377 501311993 642614600 772064526 766642185 997248649 660340772 421620138 344334172 170222424 555515992 543032988 106257189 380289828 290144690 793799617 731652691 370136298 815640127 213885750 596301330 17847781 500386379 872077144 583805391 329593749 462262373 153676484 620449592 652447669 681995096 500725848 722540089 233619010 879568946 898502447 292380415 712331642 609871423 769471655 804317687 48606682 261762830 831566941 159052751 249109022 822930026 968375854 886899059 486960451 451923041 268724791 200712720 66267783 434417983 788256469 227837203 335803751 604881299 201166501 68561450 669084063 336077352 606421125 451974465 728657708 301479948 806030224 684932741 892289612 503203980 271410980 757235300 487923580 818474804 211396318 569822089 330502520 13949395 802912923 219778275 157720382 863794804 944774265 899745183 272186890 733630308 768650451 710838568 271924058 456372530 221268551 689618733 732240106 385671337 769007027 442593690 294191799 976838871 536764978 10301597 528790784 894899977 576918818 558229153 454901311 799049420 83449377 208507989 29268788 142274540 602208010 138978981 367280345 145262712 866483707 926729919 989921902 853899450 930674002 173632014 282463597 520331074 232850346 837178433 497493398 549497052 762701794 729599813 263475428 186204308 541992725 86501189 247731604 211350968 315630754 1014960 791668772 585558997 982750244 114831410 240722768 448754871 144899962 654730424 181728278 772663916 338519231 420773232 531689906 589786433 650348114 407641029 889480098 617468355 765677262 408251751 687060899 287949503 843307794 378550336 575435697 675907905 59641913 51085439 332106761 786086039 738863010 5827727 437761833 901209678 310194408 865189152 691764174 453948467 878725098 345819932 890188532 543486034 206552260 152301490 760518616 56393977 750251474 697163342 495479800 619928245 562223539 951846557 800385297 540682835 637592387 846068364 713128223 266085088 513864606 650418761 943683167 415820200 385451555 586937920 267629391 52003385 764133486 108039966 340188844 148763744 676383324 883962833 621073266 55869993 585771017 283134341 306816223 192669155 979695060 966376871 953783407 997812761 594745433 337198564 243948512 662157720 259060341 119355946 617936174 485748591 952849221 658025124 243324055 773114089 16575525 102512578 489649815 618247061 777881268 249813038 83538412 995213629 404805326 993072343 80277906 348789745 877810832 97536745 522096839 653200381 642514007 221123025 542670087 847454189 68490944 383539516 35641872 817801871 597093544 190002968 35365854 885648111 141816108 110691729 907473071 507362908 726393257 78302996 409844991 951879777 363428796 768161359 522258828 168563916 932820802 689743917 495599954 712129450 174472280 852129245 13413775 398193992 340797787 747893452 542036928 62026290 999970024 842623653 969168289 433561910 499655644 76857175 77442351 552823137 830076244 710456590 923286696 951866367 552411821 137382968 582180488 679688863 195674500 168677248 356050317 449018636 979811254 523750869 545002676 445119828 538268000 881632867 837889849 325845956 187278560 321188504 146717850 770759400 794819281 64975904 402878611 891542926 202186257 474380008 980548897 968220867 909303741 3459357 990465154 46985684 508272946 713858860 217902899 402067533 482224142 704916419 696296432 385068029 570577452 195789774 318027191 668934895 935088042 444927610 310132676 620459889 269919461 50590005 780248980 23374351 471644283 676505515 907635942 354913175 937231175 152965065 344934836 514011927 882071655 523257276 221131837 614506969 564418361 429999090 792655102 12896621 974746456 788337431 314183347 15044510 931528354 108183064 435409498 26872955 39961909 800762402 438197551 928529999 703777644 563049123 261273264 170396071 260764134 599098183 189237402 668780882 256136062 35106811 844817128 102782043 718887250 767793389 680667610 865827856 732132032 206712968 884071403 382767614 857459555 774213499 31411672 110894065 738367770 254171315 894011039 292392440 477331968 793309019 195885948 904448094 793617524 166120162 222589421 862739376 128298257 919079156 111483311 798348989 690991286 985267070 152029373 387771024 893906559 853722798 432999255 860984951 5341640 763238128 726308344 379815935 190649392 772224753 883877725 934463221 642573714 526246815 872889476 893601125 287030285 683674149 397865130 655805854 435566589 482713074 184028491 605151275 919787006 479978674 742013989 538269657 30175471 23033427 454758196 921791415 403185644 598863105 587892405 302023440 178719313 992066857 677356326 89182066 409889213 531093368 34153796 425504426 803719180 158160091 561619979 362314436 653340507 947284096 987810489 521292815 422613510 753035731 140356298 800190742 897935020 248610434 457721339 23778982 683844137 743514744 740029003 449046478 986428826 410317796 703700468 690789337 996900444 691302706 239146870 528711766 15459852 874570000 939688331 353671439 772442758 825758825 1579827 391670804 838901737 186117228 423097768 900979121 407008913 302705797 32726634 705834098 952831259 824660578 615279923 496564517 815892580 357328878 809186819 791158486 226725769 276677464 544765717 287452884 699300327 96569101 988607206 55157930 682325275 397920184 297889332 102712870 809896706 907277896 716379131 389324117 222059961 196181481 760784249 299742852 573200285 148927496 850620971 611801663 733694283 764072019 480295372 553149268 191541152 595101878 651745884 547040976 329324473 459788638 665596950 932636159 685327603 462070456 406697335 903109232 934055659 118348146 98271037 811027950 420108159 786531448 724007525 787893895 770486986 920261367 22802475 658954376 863919402 796677212 26671628 213327485 402389308 295565909 61595590 257414452 732491741 510937294 962789206 855118778 582543914 289146356 498126584 206351196 415528321 443167797 480475434 869510054 547227005 293895741 38339752 514656871 274262012 258885881 428589167 303716778 521722651 714206102 293238206 241068989 537129784 625060737 87488015 349259052 998551790 853281384 83853601 282077382 234025243 174747703 904830705 780759958 410503389 660143900 640508347 903151849 49246095 881066370 492739581 746465358 217669327 310505496 865795699 911832977 584384635 825217994 624468507 959314110 298083502 251407302 762570289 471967779 535595974 189379448 483707443 214475852 441015393 205450893 462805469 886601224 930914138 552639730 154346797 679066722 370940368 782633684 156570720 135823016 478155038 256484001 120031729 552181351 153152227 203576069 351890592 828730219 99309306 601508589 600737128 81148867 724110210 597265799 952725382 441179066 410153174 159253055 308708472 136246237 85674901 762760386 96634362 697864443 789114010 608460541 164135946 127857183 864750340 183329054 454924005 917855384 449372207 291074449 621088007 666372592 715536311 914274051 24942893 371453431 754832763 161796705 462583381 469066424 180473750 936850649 300311484 627835522 739372135 14626775 89067742 595320800 507977866 219029768 728142200 146037663 456553179 921475161 460997000 652332238 496052857 219500536 449686347 414002360 368475840 45588561 816031037 934114539 552560461 774452241 531878940 67233588 279399932 839316518 453063396 85401503 146457836 674174908 740418258 118498939 730760313 112960576 79840613 554774099 577008960 857069919 301514839 733130741 317681693 15437575 375826344 926728813 520748591 982287204 59527570 76433674 497941202 709647075 989171348 882900311 726664611 805859377 406210411 401471266 246971519 134499900 115264787 897707639 394054019 998826544 707197642 30597029 230185740 130619770 107181069 106386743 235605431 110214599 244034711 327344635 651584096 29421317 73521256 870279934 664859174 773951840 31670202 238449036 68696165 106424645 517571853 385351475 495910586 481662306 582443804 480172992 747186946 384320163 445538532 755415360 375320922 605299765 506128291 301491712 375962143 736418693 352307925 802362508 891433966 382535233 425631800 234786738 431125413 615853652 223557577 349090943 352602207 28797421 943879620 233380928 488636794 71022457 568094374 376865409 293612179 12584355 833893677 295799568 648974215 453978970 385811030 789569530 984250483 242892747 839137117 315678604 34823604 165948001 514312639 605841490 627938791 566334667 278847290 183174938 103171050 563905781 161507275 698786545 189813464 394477324 51178414 854139684 650013199 797612925 762313057 532156736 915017516 827473142 521072032 232781073 135162892 922263651 340173672 92526757 68740813 193742066 202864119 913648713 810215370 581603342 514058954 804219017 537084321 238815078 352832925 429712948 248616752 699037414 171884654 810889813 630836626 471515835 764370809 215153722 762081829 323723091 848091964 186981231 125445255 286722394 560389235 352837571 859523219 656504253 863069724 163075393 516654183 278730153 59203955 650539575 80647265 707199628 728504310 286758705 997118236 511077906 956164961 207666430 517519223 377032232 316160434 579281577 638798989 250697468 20962597 894175616 890085309 224197370 206743608 575927568 851050658 941697743 598097320 204328229 320240411 208288616 133425776 436965326 148047683 611480050 612730320 714525014 472821113 534490587 979225411 315347019 319485016 158265039 469547142 410110841 580257983 393256636 173750679 675808238 891623881 993967053 303236787 292310264 609700565 322112113 756460118 226456097 592147326 217598804 674899261 758716729 316983203 715950436 661562470 655269452 375270752 474030028 28340494 186062758 489277201 562191867 306859697 661890005 812826453 168999837 150903052 52698021 331440904 129068704 852292637 144126501 863919430 662074160 161124897 770567328 205270894 724279226 245616020 345380004 192212764 450731755 174367028 909851134 718908973 144109489 168177149 78256314 597764797 125227319 440510764 39451943 828236075 516377836 581173311 438498256 217259027 19546749 556228339 296598915 471540818 792159701 249229636 580824908 
1 864 33028899
1 667 10214280
2 792
2 723
1 335 254319988
2 988
2 916
2 996
2 678
2 807
1 605 408102546
2 249
1 916 204020828
2 852
1 404 711350432
1 100 103350718
1 91 126253210
2 346
2 181
2 731
1 669 79320256
1 962 970214114
1 210 433549593
2 12
1 747 116927465
1 4 179462254
1 464 560096690
1 749 305176185
2 202
1 834 228019549
2 317
1 76 503431085
1 368 455505614
2 622
1 787 491722855
2 486
2 862
1 608 42541696
2 371
1 341 94157100
1 345 408871895
2 400
2 75
2 382
1 838 51686368
2 417
2 388
2 581
2 949
2 401
2 924
1 988 994670123
2 547
2 10
2 308
1 814 366089936
2 131
1 776 116586219
1 889 933863940
1 987 474062581
2 729
2 198
2 224
2 356
2 839
2 656
1 859 907216227
1 58 313247899
2 273
2 696
1 331 635688735
2 161
1 182 804079428
1 667 574166834
2 518
1 229 783955291
1 683 25246263
1 430 934875492
1 704 965153469
1 810 97291195
2 35
1 397 463229414
1 14 36382731
1 153 771888159
2 943
2 932
1 946 254372035
2 267
1 180 302537195
1 476 633065714
1 727 926616743
2 116
1 501 182952491
1 627 726218757
2 77
1 726 368349013
1 230 641214707
1 929 737557533
2 869
1 175 660101594
1 612 880423622
1 714 894595179
1 674 155577742
1 754 356943108
1 692 369826194
2 438
1 397 118083745
1 991 480481141
2 629
2 923
1 101 649979265
1 415 879823391
2 690
2 724
1 622 718211119
1 854 915086882
2 189
2 133
2 268
2 952
2 446
1 727 786822028
2 596
1 622 711038699
1 384 572027612
1 466 521266797
2 365
1 831 630298573
1 354 827979078
2 587
1 85 651329223
2 712
1 520 556142327
2 274
1 897 854330964
1 340 215916517
1 202 350984822
1 282 22180546
2 191
1 546 921270267
1 623 560682476
1 867 334520114
2 47
2 237
1 195 645873178
1 635 444588137
1 63 366309295
1 768 379207171
1 688 638424917
2 907
1 269 758946451
2 861
2 490
1 753 677631098
2 813
1 188 751029479
1 695 371765982
2 457
2 959
1 260 525123957
1 389 531623763
2 650
1 332 904343381
2 976
1 680 571812209
1 70 427034731
2 785
1 122 640984183
1 394 200176925
1 730 420527494
2 150
2 324
1 151 73775589
1 37 400839774
1 849 984274169
2 812
1 456 114643214
1 619 66273522
2 237
2 885
2 972
2 288
1 972 404660146
2 550
2 948
2 143
1 852 798115721
1 789 819211808
2 843
2 391
1 219 790223152
2 890
1 614 620043643
2 2
2 574
1 80 228601265
1 823 152702112
2 406
1 426 382626698
1 191 374773483
2 682
1 831 723456970
2 148
2 573
2 945
2 641
2 659
1 675 805887976
1 15 810470688
2 848
1 480 344267771
2 854
2 936
1 909 862195709
1 627 812285718
1 972 19906295
2 368
1 7 257237249
1 323 264887263
2 659
2 63
1 351 231476158
2 268
1 374 344714107
1 633 541184856
1 393 554951244
2 591
1 900 940035535
1 53 374342272
2 579
1 392 329811209
2 142
1 968 160756610
1 117 809047791
1 739 738518552
1 881 305586776
1 358 353123243
1 528 808152463
2 423
2 803
2 820
1 573 177094871
1 555 557117370
2 495
2 747
1 537 812736278
2 205
1 220 718445825
1 803 10748961
1 926 389522065
2 378
1 986 333611026
2 379
1 213 568422760
2 810
2 871
1 540 906254809
2 734
1 468 444511507
1 368 163376627
2 846
2 406
1 792 876804461
1 745 459745612
2 589
2 487
1 51 64753432
2 563
2 947
2 52
1 643 585350744
1 21 290230791
1 552 403457962
1 242 826992931
2 472
1 172 267868275
1 84 355523006
1 132 832296796
1 763 636748360
1 348 166712885
2 365
2 108
1 117 727425049
1 315 888268327
2 792
2 577
2 735
2 912
1 676 821163277
2 890
1 378 571469910
2 369
2 112
2 274
1 700 350025211
1 127 299377104
1 314 820576689
2 131
1 32 966771314
2 229
1 141 259022919
2 633
2 937
1 538 450931682
1 101 843967787
2 899
2 535
2 154
2 318
2 860
1 730 526856638
1 92 890436469
2 547
1 831 408494046
1 663 50054354
1 92 125555226
2 442
2 295
1 624 141142568
1 755 631822472
1 445 104761732
1 16 199517548
2 658
2 913
2 353
2 340
1 2 796450408
1 604 876746575
2 212
1 448 392468219
1 449 833070843
2 688
2 764
1 901 705592360
1 736 127023686
2 268
1 235 94562397
2 814
1 50 563953953
2 179
1 782 395251230
1 309 752187882
2 144
1 132 236766396
2 588
1 134 236061241
2 980
1 448 221339666
1 315 593940217
2 389
2 199
1 972 793798157
1 641 123825184
2 999
2 600
1 245 808570111
2 348
2 512
2 19
1 775 475525127
2 85
1 375 339881210
1 961 892529502
2 994
2 369
2 264
2 885
1 218 886883330
2 824
1 212 669968092
1 253 323978271
2 222
2 730
2 130
2 497
2 574
2 998
1 269 506573951
1 969 466623798
2 590
2 507
1 130 923933964
2 102
1 758 495006225
2 19
1 188 599946945
1 128 426732841
2 355
1 875 139584182
1 273 80412796
2 276
2 294
2 442
1 196 773229057
2 776
1 580 547123367
2 368
2 1
2 198
2 363
1 331 560540071
1 23 534449940
2 79
2 532
2 723
2 427
2 976
2 321
2 353
2 266
2 86
1 936 956658716
1 708 757960330
1 32 188139289
1 234 671425345
2 641
1 483 993016321
1 3 434067071
1 174 920065513
1 977 800119328
1 544 545742150
2 269
2 7
2 551
2 931
2 36
1 560 226756400
1 844 372911983
2 763
2 899
1 980 404431071
2 816
2 213
1 921 218507946
2 601
1 692 206715865
2 902
1 332 930807899
1 23 517439857
2 1
2 12
1 64 5903968
2 925
2 664
2 341
1 54 393647079
2 861
2 674
2 820
2 720
1 81 223411965
1 523 559722039
2 400
1 179 538637132
1 301 149657305
2 973
1 490 337065243
2 184
2 845
1 784 534465950
2 481
2 458
1 590 183055910
2 59
1 165 114184242
1 64 115833658
1 979 136115910
2 219
2 51
1 133 967291243
1 228 470748340
2 881
1 280 243515852
1 704 818486979
1 34 667107444
2 903
2 175
1 493 844349820
1 970 138369989
2 977
1 794 620991588
2 940
2 131
2 416
1 407 940625717
1 139 608956260
1 148 298801816
2 280
2 747
1 676 962844492
1 650 839366193
1 734 544599054
1 549 519830810
2 903
1 513 983241998
1 661 877223812
1 664 606673093
1 406 865936646
2 30
1 298 495011078
1 411 155035883
2 734
1 586 24201529
2 361
1 951 783301699
1 753 7983686
2 41
2 657
1 580 566802846
1 545 570545391
2 386
2 294
1 815 62175389
2 970
2 561
1 842 64044952
1 133 787078149
1 493 177466154
1 218 431623445
2 430
1 237 758096778
2 624
2 541
2 829
1 734 120877017
1 347 584746934
1 428 51567261
2 481
1 194 468515426
1 261 581155880
1 474 933677590
2 986
2 599
2 660
1 223 505532377
1 136 232887063
2 364
2 439
2 789
1 145 359170845
1 844 770662203
1 960 212787200
2 818
2 344
2 699
2 841
1 660 135909748
1 336 169667964
2 393
2 389
1 374 482066921
1 663 546684560
2 758
1 535 246293117
2 559
2 505
2 762
1 29 543353336
2 852
1 885 687299306
1 986 7841807
1 338 768800044
1 757 425564534
1 203 544750099
2 767
2 341
1 919 367063443
1 327 999519294
1 159 297804360
2 192
2 296
1 856 430579553
1 653 186221460
2 528
1 77 591180979
2 534
1 279 159754440
1 639 515121436
2 808
1 435 244848568
2 959
1 825 674334532
1 165 957879905
1 699 725391577
1 833 353527817
1 144 342929606
1 23 737529077
2 946
2 516
2 357
2 171
2 584
1 6 49771065
1 498 127032855
2 289
2 403
2 666
1 767 615831770
1 628 890152381
2 196
2 853
1 268 374449976
2 850
1 754 232244272
1 117 126980325
1 849 283244655
2 184
1 302 769076807
1 564 613048855
2 593
2 701
1 706 485278179
2 423
1 582 588669790
2 266
1 214 40519497
2 493
2 441
2 681
1 216 925620010
2 46
1 29 532555090
1 153 409441187
2 276
1 285 764442947
1 301 726559185
1 237 808621846
2 967
2 413
1 260 381847982
1 492 967760840
1 777 56138989
1 744 109604710
1 379 219973445
1 16 489379523
1 492 821819611
1 125 690178598
1 854 42219512
1 127 608371644
1 547 688685708
1 300 244409620
2 280
2 769
2 118
2 10
1 832 194419045
1 475 773869053
1 775 372981169
2 723
2 752
2 175
1 855 618488678
1 918 665806669
1 979 53868966
1 914 213228317
1 861 888515814
1 152 35110741
2 214
1 854 813551064
1 810 27916056
2 146
2 484
2 370
1 825 856930162
2 335
1 545 813987798
1 883 886453568
2 268
2 53
1 644 184329145
1 398 60726589
1 322 37664155
2 286
1 206 71376657
1 845 653455535
2 14
2 173
1 139 866131630
1 805 269866467
2 657
1 462 765433295
2 198
2 828
1 897 492851698
2 447
1 528 220123731
1 637 488554901
1 551 552387826
1 125 663099656
1 393 46034908
1 466 138679669
2 802
1 632 394350196
2 53
1 926 636446416
2 279
2 524
1 489 947952890
2 302
2 532
1 970 122635742
1 763 468919935
1 855 731413368
1 435 419372193
2 724
1 690 849054523
2 934
1 867 889140928
2 262
1 529 778443872
1 871 753180549
2 55
1 58 851057726
1 168 470318913
2 400
2 916
1 670 67807301
1 471 920676899
2 716
1 171 236146603
1 878 329497230
1 913 782592669
1 770 725748568
2 868
1 578 931167662
1 975 370847749
1 213 649840025
2 906
1 674 123267378
2 469
2 37
1 383 835222947
1 744 259591727
2 26
1 940 350040384
1 114 11114781
2 136
1 786 359721249
1 419 494400220
2 415
1 215 459089580
1 259 176860758
2 95
2 3
1 281 381513513
1 521 869078850
2 861
2 426
1 79 997308680
2 238
1 312 238803343
1 815 311394686
1 881 115727558
2 227
2 954
1 604 351093331
1 731 199936722
1 637 606038349
1 2 151323752
2 88
2 952
1 330 126758503
2 502
1 753 451225890
2 750
1 131 752733143
1 354 237878029
2 199
2 46
1 137 418590941
2 616
2 140
1 326 655320495
1 933 850780504
1 318 346134246
1 943 914931772
1 263 144169038
1 91 328398134
2 513
1 124 932883315
1 985 165721194
2 806
1 938 452269300
2 792
2 958
1 801 211321002
1 250 128921788
2 560
2 332
2 977
2 926
1 959 17084448
2 96
1 270 152393387
2 805
1 753 362680285
1 345 514759119
2 6
2 549
1 762 531588280
1 677 861538479
1 424 22041235
1 215 829509883
2 377
1 614 268259000
2 658
2 412
1 981 732419371
1 175 881667616
1 232 366046779
1 533 895148960
1 652 507874186
1 267 656624099
1 624 906026791
2 121
1 798 898418003
2 436
1 354 448206426
1 403 407741456
1 356 234627310
2 829
2 898
2 317
1 170 399473048
1 266 245431365
1 510 412764612
1 708 754505307
2 694
1 260 616400002
1 705 923210563
1 660 356113960
2 63
1 512 783220768
1 708 911264638
1 914 244680885
1 994 606541443
2 909
2 703
1 728 373993821
2 666
2 960
1 509 268282925
2 120
1 753 759840550
1 826 557187616
2 48
2 726
1 596 466914710
2 172
2 410
1 985 31808185
2 416
2 607
2 788
1 584 266240303
1 95 456904786
1 668 980382481
1 894 600784024
1 480 173712046
1 73 102348505
2 410
1 84 380228782
2 484
2 202
1 598 645242411
2 407
2 738
2 324
2 46
1 521 628768669
2 632
2 113
2 639
2 154
1 438 87529509
2 53
2 824
1 787 753310287
2 842
2 644
1 854 887160672
1 272 331928241
2 623
1 857 497054582
2 615
1 854 512416238
2 307
1 108 482618226
2 174
1 815 639721022
2 469
1 358 835069738
1 738 251455578
2 272
2 748
1 401 182677083
1 748 282727870
2 633
1 809 568138151
1 713 958607526
1 416 32570969
1 886 198789916
2 824
2 611
2 718
1 657 865507958
2 678
2 913
2 808
1 247 805387205
1 889 459254442
1 945 322889097
2 953
2 302
1 956 366699574
1 195 337446208
1 507 318500589
1 690 919478313
2 327
2 624
1 64 967231399
2 68
2 453
2 965
2 273
1 922 877267636
1 598 402398085
2 908
2 776
1 880 691864837
1 130 42563107
1 40 668837392
2 463
1 161 948331590
2 228
1 936 935936590
1 426 337006271
2 932
2 27
1 652 501737370
2 281
1 679 542451662
2 435
2 643
1 106 283561561
1 829 561949655
2 499
2 501
1 597 693715080
1 197 690591251
1 190 465779653
1 120 726702966
1 460 561836257
2 677
2 473
1 814 977734988
2 59
1 720 604373044
2 824
1 47 362441099
2 995
2 901
2 352
1 354 603644784
2 343
2 991
1 733 423633952
1 711 46236613
2 922
2 60
2 698
2 123
1 394 952187914
2 874
1 561 595824288
1 612 914369583
2 419
2 990
1 186 20941342
2 764
2 430
2 798
1 807 555576249
2 481
1 822 555179452
2 381
1 375 907123141
2 981
1 31 840219924
2 36
2 36
2 446
1 14 258344765
2 725
1 151 997394432
1 805 578584873
2 182
2 362
2 107
1 588 488730030
