1000 1000
82 81
168 165
57 55
95 91
814 810
123 122
766 765
150 149
762 757
769 767
999 995
603 601
985 981
83 79
161 156
254 251
386 384
486 481
797 796
808 803
40 35
876 874
116 114
93 88
256 255
237 234
344 341
327 324
216 212
459 456
420 419
626 624
379 378
844 839
143 139
810 808
426 424
239 234
119 116
285 281
760 755
135 131
536 532
348 347
227 224
190 186
953 949
676 675
74 72
134 131
750 746
848 847
609 605
996 995
966 961
522 521
651 647
571 569
772 770
225 223
198 195
467 466
586 582
869 867
989 985
601 597
418 413
311 308
864 859
717 714
659 654
528 523
110 107
652 649
993 989
843 839
751 748
837 832
818 817
789 788
20 19
541 540
90 85
188 184
147 144
744 740
117 116
27 23
799 798
708 704
213 209
559 554
801 799
853 851
585 583
376 375
967 962
390 389
725 722
875 873
447 446
740 737
715 710
25 21
354 351
306 305
385 381
798 794
218 216
17 16
22 18
145 143
556 551
222 220
645 640
521 516
463 462
594 589
975 974
873 871
214 211
399 398
707 705
120 117
13 9
849 845
757 753
726 724
955 954
139 135
432 427
419 417
852 851
959 957
939 937
678 676
899 897
98 93
342 341
802 800
220 218
636 632
416 411
203 202
784 780
334 332
42 40
549 546
615 612
197 194
381 379
583 579
538 534
18 15
207 205
202 197
460 456
73 70
408 403
36 34
79 76
206 205
191 187
105 101
175 174
332 330
465 463
64 61
904 903
372 370
51 49
972 969
392 391
313 309
730 728
56 53
2 1
893 888
252 247
896 892
961 958
485 482
39 34
674 671
309 306
813 808
71 70
643 641
201 198
778 775
878 875
711 707
267 265
898 893
702 699
192 187
588 586
841 836
978 975
491 488
284 280
257 253
770 765
525 520
231 229
774 773
576 573
138 133
377 373
458 454
949 945
564 559
417 414
888 886
278 273
637 636
886 885
593 588
535 531
752 750
221 219
242 240
375 370
487 482
21 18
846 845
951 949
240 239
54 49
461 460
504 502
654 652
91 89
53 52
453 452
658 653
462 458
170 166
288 286
673 668
474 473
401 399
901 899
109 108
508 503
298 293
429 428
545 543
781 778
991 990
900 898
301 299
158 153
804 801
540 536
66 64
894 893
500 495
885 880
124 119
456 452
568 565
384 381
733 732
260 259
484 480
621 619
861 856
633 630
779 778
587 582
235 232
505 503
602 598
153 150
976 973
980 975
563 562
871 868
956 954
965 960
470 466
226 222
75 74
987 986
882 878
948 943
661 656
97 92
250 248
33 28
537 535
943 939
969 965
67 65
737 734
970 968
759 758
78 73
518 517
723 719
510 507
477 473
160 156
290 285
441 438
806 802
709 707
86 84
933 930
241 236
627 626
720 717
151 146
677 673
791 790
194 192
450 448
867 864
614 609
745 742
265 261
236 232
115 113
163 159
749 746
305 302
300 295
855 853
529 528
714 709
165 164
412 409
310 307
819 815
356 355
274 271
171 168
276 273
37 33
915 913
130 126
108 103
728 726
960 958
963 960
144 139
174 171
780 776
333 328
212 207
786 785
575 570
122 121
26 21
322 317
941 938
89 85
696 693
325 323
118 113
826 825
647 646
299 298
182 180
746 744
922 917
476 472
776 774
554 552
710 708
932 929
642 637
183 181
258 253
87 86
566 564
731 727
328 326
41 39
177 174
929 928
133 132
788 783
387 383
530 528
589 585
7 6
275 271
694 690
812 809
612 608
28 24
345 343
279 276
569 567
364 359
604 601
921 918
253 249
940 938
319 317
919 914
905 903
209 205
856 853
974 969
114 109
785 783
727 724
638 635
616 614
687 686
660 656
383 378
479 478
764 763
259 255
129 124
519 518
512 510
172 170
433 428
125 121
644 640
544 540
346 344
889 888
582 579
520 519
865 861
211 206
140 138
691 689
45 44
471 466
297 295
293 292
667 663
928 927
65 63
369 367
697 696
304 303
918 916
195 192
156 152
596 594
16 11
716 711
693 689
686 683
986 981
833 829
857 855
70 67
719 716
173 168
11 6
493 488
204 203
142 139
360 355
688 684
699 698
523 519
443 438
403 402
8 3
44 42
193 191
49 44
141 140
363 361
565 561
979 977
352 350
548 544
169 165
670 669
532 529
747 746
84 81
895 892
4 3
132 127
800 795
199 196
700 698
954 953
581 580
816 811
515 514
439 434
574 572
15 14
824 819
330 325
736 732
606 605
498 495
817 816
308 305
489 484
851 850
421 420
262 257
492 491
457 456
809 807
735 731
513 508
758 756
831 826
611 607
200 197
912 908
234 230
936 933
152 147
266 262
19 15
579 577
112 110
61 58
277 276
445 442
405 401
367 365
232 229
646 641
840 836
828 826
968 967
374 372
370 366
337 334
945 943
246 245
683 681
413 412
382 380
329 325
977 974
404 403
449 448
50 47
217 212
362 359
178 176
635 632
326 323
931 927
925 921
101 100
210 208
10 5
698 697
935 934
937 935
88 85
706 703
81 80
430 428
136 133
911 910
414 409
406 402
435 431
847 845
189 186
628 624
340 338
395 394
632 629
755 754
43 40
388 385
350 345
862 857
371 370
934 929
196 193
501 499
336 331
434 431
320 317
946 944
410 407
704 700
378 375
55 51
6 4
359 357
734 731
634 630
12 7
868 863
316 314
294 293
440 438
595 590
312 309
597 595
874 870
249 247
238 234
323 319
721 716
820 816
914 913
488 483
829 825
502 497
292 291
682 680
617 616
96 93
393 388
146 142
748 747
729 728
883 878
205 203
684 680
448 447
34 32
610 608
526 521
964 960
623 621
782 777
741 738
495 493
164 159
908 906
248 243
509 505
339 334
264 259
30 26
268 267
572 570
23 22
391 390
104 102
649 647
838 835
562 558
113 111
722 720
705 704
765 761
662 658
270 268
811 808
286 284
261 259
619 617
997 992
983 978
365 363
361 358
957 952
887 882
669 666
215 211
99 94
690 686
570 565
47 44
903 901
271 266
555 552
184 183
718 715
768 765
823 821
754 749
251 246
664 659
315 314
992 987
680 678
255 253
287 283
62 59
14 13
653 649
870 865
407 404
557 555
732 731
761 760
825 821
497 496
517 514
550 547
223 218
76 71
560 558
742 738
273 270
830 829
366 364
613 612
514 513
584 583
845 844
185 182
920 917
827 825
94 93
815 813
866 865
592 591
318 316
92 91
743 741
317 313
984 981
605 602
527 522
794 790
29 25
31 29
481 480
423 421
552 547
415 413
950 945
478 473
600 599
962 958
542 539
534 531
553 552
496 493
425 422
48 43
973 971
773 772
373 369
263 259
958 953
272 271
307 303
995 991
303 298
166 162
233 228
353 348
244 243
685 683
990 989
102 97
795 794
503 498
655 651
558 553
162 161
157 156
469 465
466 463
289 286
850 848
944 939
368 364
511 507
506 501
111 109
490 489
60 55
994 989
666 664
630 629
591 586
32 30
243 240
792 787
879 876
629 627
832 828
821 819
431 428
998 993
314 311
281 276
283 280
573 568
681 679
910 908
46 41
790 789
282 281
631 626
942 940
738 734
324 320
180 176
499 496
159 155
622 619
890 886
938 933
3 1
695 690
775 770
881 880
347 345
577 576
428 426
739 734
446 444
436 435
689 688
358 353
422 418
451 447
507 505
72 70
625 623
516 514
657 653
859 856
656 652
836 832
930 925
85 83
860 858
397 394
618 613
578 573
665 660
1000 995
148 144
884 879
343 338
464 463
63 60
580 578
672 671
880 876
663 660
103 98
475 470
127 124
80 78
208 206
35 32
923 919
927 925
551 546
803 802
394 391
296 294
438 437
763 759
671 670
648 644
590 589
380 376
483 478
411 406
668 665
424 422
137 133
771 766
107 104
675 670
712 707
783 781
981 978
77 76
224 221
547 544
480 477
341 336
230 225
355 351
280 279
396 394
902 901
640 636
724 723
924 922
302 297
952 948
767 764
291 288
753 750
349 344
357 353
247 246
68 65
834 832
52 49
807 803
988 985
473 470
269 264
892 888
9 4
546 545
187 183
839 838
106 104
598 595
179 178
531 529
835 833
982 978
245 244
427 425
858 853
472 469
692 691
155 152
947 944
822 818
650 648
787 782
639 637
338 334
482 477
620 619
703 702
331 329
907 903
872 871
351 350
400 395
402 401
121 118
468 465
913 909
176 171
842 837
442 439
154 152
494 492
131 127
897 896
756 752
24 22
854 853
777 774
454 450
126 121
624 622
229 227
38 35
701 696
59 55
181 176
891 887
100 98
863 861
186 182
567 565
916 911
524 522
444 441
926 924
607 605
599 594
971 969
335 333
917 914
437 433
561 559
543 541
389 387
877 875
793 790
805 800
409 405
713 709
58 56
398 395
167 162
69 65
295 292
539 535
228 225
906 901
679 674
149 146
219 214
909 906
455 453
452 447
796 793
321 318
608 607
128 123
5 1
641 640
533 529
97548127 765264802 291067255 210722607 407038631 720435484 220941121 80929679 816545501 350845744 23151316 457980332 365174982 346051634 196729621 321649145 119324007 859191992 200169768 607268140 680465926 446513046 534387315 410593850 251180582 206244833 471067290 443830360 192978830 15195887 861628291 624889083 51078210 323491412 981269843 855779800 786771591 831043558 890231919 539239651 148557538 114530233 500002683 694315091 172382232 542679586 751773020 348534427 832574766 249548215 739707705 445405297 858924394 794973516 217239668 764473546 304977999 745686006 87953077 947566811 26275748 610275083 38907359 184028185 912386925 116270623 174944280 943720505 830342639 794216200 682720709 627071792 410317743 266276826 987206026 184271666 640575347 988327658 598262349 136249014 524473406 113663694 241089842 86067823 766929751 916037722 261985695 230676820 894359618 793354916 249560889 361597080 759168708 402189056 476876772 40213425 504988898 647531779 594091462 316372052 774363873 669741187 880053060 19802742 131080518 974230932 600145666 753578571 78461143 601947276 773430246 165032522 182634647 53038591 767961365 692044070 375323597 482724546 148170739 775866838 668262397 217112555 263216166 872129933 190337772 285178574 509988754 275009473 326532767 127381760 349551197 481749543 922388827 155413591 279520492 679996084 761817510 395182311 523603427 483997085 814460483 81555718 29141545 472968535 824609849 839238984 67001056 130448022 232301772 241627267 839380336 928479825 911396737 35459530 923852667 472733115 989717021 53457525 520793833 154434635 200565926 861646358 651614173 180742580 487674719 905474692 485609661 456152044 27463375 325538772 189059118 959671080 479512505 805040729 646531348 857911773 733655332 267218603 299628693 224879808 867184212 793768348 868516885 680531141 321603278 700054595 734443322 758973731 808601176 672654325 618808809 126375757 43931381 553536069 542057542 531656441 458477804 807328522 726641847 213773853 42826432 611442777 926289377 776036588 694614840 403452550 711663272 381104092 192254808 253734950 992008242 34289058 539682917 228937743 759000036 263459634 909720549 5851477 638112610 41156547 247763355 794816333 334002322 185304265 114107278 554748301 380784024 275380728 292639233 858380266 750101211 972134726 256553339 731719799 705683709 535497449 819126976 277935499 561216230 449309012 775672533 36192699 383849401 382177597 288025343 657988058 285415132 10054041 822235332 998451968 579511795 798879644 979397095 481899647 46730980 249490109 380101743 250714606 638439380 65187504 685033120 406515490 700863783 964703593 446418175 992968238 194078595 909527326 474013777 250766698 474740172 834766917 819774875 750286184 289603368 771563921 300535843 465100543 289241852 596463608 187886956 173126979 423573741 411707055 290603325 309855626 161380575 160440107 979684762 919649128 529865976 452324640 579530951 817753779 755184028 128593541 939067212 798074239 659090289 380814733 264665579 678705697 666815324 64558255 752276906 972032303 580176001 289238686 295312335 514291581 421002310 595509328 441259997 792895520 454236240 578271994 362960795 297119342 719662723 984006161 607894285 554923003 582740229 209968970 261648504 30111901 862388794 316790938 390503521 388895848 621558472 643991605 80051598 451605425 149249428 517507218 660080386 56127758 708116931 878411876 779190788 699900243 498854073 270210209 645999640 408061846 178276891 654849150 995182338 136966955 173321680 248722800 15082698 614422951 325675003 959007020 790355378 372541152 668350209 392506791 906209856 555835114 27063689 82656022 771494714 50518043 572400758 403826158 24283043 168491271 643619053 555973347 644788418 772462723 295221332 341001963 571366939 523098533 191177296 974260028 297459059 921546177 516036294 723058505 749478607 692976236 597897690 451684040 914006644 720544636 381033970 785112494 65929448 946198278 693770674 365891120 465671406 468395357 367814656 817208003 982177165 78396696 278683649 772776475 857170441 183703308 826875673 336320815 428326887 621604941 705422062 700878130 118796012 542838320 541129573 816094618 72437534 78272586 198992034 135788573 557605056 595138673 827766539 514398894 327437913 386781370 762645316 345130883 163844268 253963641 913464371 355413776 35248832 947185475 114056957 253258252 362500569 21185261 181564167 393570155 281140604 464301965 956209141 746267745 567288687 794991736 239824300 685302373 98735029 855557441 486601299 812436778 993116821 650630080 504676941 422029478 86928530 914600455 220595264 325297422 118946931 279661165 689798928 349005527 468981052 693940102 71833571 574051510 923130418 547220520 228574749 794415520 48196315 730469223 301181797 398996682 805679866 281831577 43064221 202438568 669078166 653719889 961406189 323095537 290834418 923295079 234572728 80825240 686371733 441959661 717938852 782439123 445113411 677534266 30465173 448518167 930018561 39868899 650369201 114654745 662322964 432502972 714717277 676096462 866851842 874024922 533761341 743628907 144359822 577049747 14199607 115681637 604827583 848322683 252891760 26364528 415790297 602374503 912388940 293323651 574479713 358200685 194906737 245057745 598435868 709632737 459465924 719778000 288560143 634635864 501665641 696343094 492238464 499080360 873637318 348308982 239103730 936051942 305949567 363601221 741617964 480020581 729234554 630790554 896367922 120773821 833766620 644035241 143309640 945661376 305225481 775343207 303828982 308501381 184466855 195685128 248337918 488656480 387251099 857475330 926409318 906774247 442433545 798780171 552363124 931550702 232978519 874488854 666503595 907793034 703908394 216382297 78584786 414758417 156135270 377911881 169543405 672280600 916580913 117863579 238167361 671882354 455533808 329454147 528006483 746203958 744298567 670210936 170950121 591001785 872050460 147984045 518084614 945975694 956769939 532111513 828792049 305832589 415520274 121848367 922215470 604393672 523056446 467052709 412227969 668960150 432226811 293320560 684058865 524991628 686174831 72613445 427655875 925959037 674444031 334316825 962850682 860483712 944563279 51814433 208466397 594434538 859346245 140966865 415329007 867101263 277646086 182612704 633304055 884270724 223517942 84662337 803399801 875873695 194363067 83729706 419325498 258834164 619478073 300034833 186082623 960598041 359420822 768264617 824061901 374099169 188699447 360656616 946520170 787100516 720841664 521478402 644143065 485449204 413334039 95441518 373177633 412356392 150221153 933460448 55898502 92975061 130007810 362944076 663895181 197148431 27314848 104876265 917327867 951369259 292275232 802329386 181448661 261701823 747803558 96740037 829650017 85161119 95012248 992008623 635052067 832587232 361812635 711477789 299373535 185551576 327435155 932035716 59305116 576762907 3015590 486254489 962091422 70704767 324021304 480781905 60221034 194690840 913880303 203740640 850106566 714544443 764204464 179028413 775934645 7220862 163258527 711606683 342354558 47322805 965574690 803486064 829477028 109447157 561381086 489123185 823670766 341340820 109167031 6382611 951973728 374204199 318639571 365010443 468112447 175993985 161204375 992251982 416280593 886935993 744541095 640047632 37502617 153770020 508615913 55694024 747059677 841494870 204948097 694298153 55497251 643180324 105354454 341785130 957542895 783467940 289969290 572492542 181392902 776409898 157623941 529237787 852731757 136153163 551064042 879391542 412573033 934312413 118784542 154276420 800205184 577417460 221689544 967330170 492581237 911931622 251289547 963218508 693468495 126895431 892034380 970059377 551080786 791947244 145356210 237661149 129342467 62026475 50411936 125861060 24345127 480489112 201552379 48102812 258611907 123271049 223741417 970898714 550508316 90256018 42891471 278745139 543218360 621539016 578872914 320608284 159213915 104368001 128836182 766423626 969706761 581573201 185777920 915324018 399784969 357541645 220416183 16780424 97618655 542071243 903263774 382992579 978207825 587851487 326210587 194676630 309100386 81476831 600253906 923646391 256786777 394328223 556206249 60381211 146937273 355285301 245351492 542023159 564468297 919612917 644130442 630488256 35299085 323119220 127824798 519855147 326577226 311852679 662183909 763641389 433149573 564040260 404100613 630804219 77207172 19740672 228017891 832195849 775776074 976529999 182860195 558909709 938315806 788868102 580725164 175366653 188780163 916708410 894124192 261112588 431019584 221748289 493427815 784427952 830174041 432522160 75949348 436571038 835910164 348863579 388818236 61844683 33935092 625660503 101898070 393311595 539053759 155917305 440007764 881229813 162417275 363319255 569268574 815930140 442482540 382501574 958066135 152072151 880524567 877175257 445000549 516470617 311484225 100662375 11311597 906553112 733372399 100411397 581281171 995877065 403557222 390014599 828839612 846178401 470556716 521787394 916458511 710693909 762167556 56719564 459861615 452893274 822928117 253442937 849420034 490466789 973677379 414218462 531935532 637351850 843200883 844997137 129301139 126536927 974441802 551468134 582624539 622458618 663760077 930513779 368047851 116239790 704135234 347511564 363278950 428401393 5208108 808049478 689203249 964133112 328584018 988872823 572413746 53007416 823920312 856431923 551698062 601668966 748091299 870742608 687339946 548677494 25265048 290125538 161095722 34973599 903216733 486411326 897459699 994971476 148503029 883428346 399572780 738453068 167644327 317988330 305525816 947436666 706086134 107887652 28652988 926674964 419783593 328300283 528089247 378784143 669041092 607597831 349330948 15131040 96306316 115094298 386050384 389709116 334489478 988547148 921415209 10405783 597166712 580763119 900690548 210202152 617503077 26330010 862890070 271532706 593406100 578008353 27547699 218396923 
1 921 486282906
1 505 811353609
2 863
2 931
1 86 404611731
1 178 305650208
1 58 3114574
1 161 656966556
1 287 109683060
1 242 139096169
2 657
1 749 799268470
2 718
2 90
1 176 967936371
2 345
1 281 982713919
1 985 211818009
2 370
1 50 160695091
2 649
2 601
1 474 758159717
2 450
1 33 919806698
1 757 599281364
1 458 238938015
1 503 900317342
2 924
2 192
1 183 595604577
2 111
2 192
2 981
2 77
2 938
2 75
1 591 598275355
1 780 399953811
1 471 215724895
2 157
2 695
1 43 857868738
1 530 38244741
1 187 785033709
1 157 167362367
2 176
2 724
1 821 464757047
1 980 345863610
1 796 773075565
2 266
1 921 727515556
2 567
1 449 674829721
1 853 765861113
2 851
1 360 271972296
1 16 237316064
1 583 308639793
1 156 604295999
2 859
2 384
2 888
1 350 550846435
1 697 483529481
1 784 908861481
1 984 862016917
2 555
2 470
2 449
2 985
1 31 199773799
1 17 347380323
2 963
1 728 925783276
2 621
1 588 111108370
2 907
2 226
2 593
2 412
2 124
1 115 675639198
2 495
1 246 484306293
1 647 404718908
2 973
1 90 521075592
2 535
2 939
2 307
2 543
1 865 549929332
1 417 438112330
2 150
2 678
2 498
2 791
2 582
2 347
2 222
2 381
1 767 80655824
1 960 35443788
2 723
2 691
2 368
1 889 574946527
2 220
2 765
2 155
2 514
1 583 762681647
1 916 556639538
2 413
1 967 328146439
2 609
2 30
2 235
2 585
2 332
2 572
2 871
1 631 462776140
2 857
2 13
1 209 330384249
1 827 838809795
1 540 832160978
2 16
2 728
1 505 10886302
1 352 453256730
2 249
1 212 276576450
2 701
2 905
2 903
1 96 180785553
1 334 721946092
1 202 540127004
2 304
1 314 472979745
1 294 904727161
2 16
1 852 994724495
1 392 635162936
1 55 12008536
1 753 319966245
2 168
2 631
2 136
2 783
2 869
2 846
1 810 600021187
2 21
2 283
2 915
1 110 762461903
1 250 992623624
1 526 311274771
1 287 34846327
2 19
2 927
1 819 569692236
2 393
2 813
2 558
2 35
2 450
1 349 139804913
1 758 786921730
2 25
1 431 132482853
2 880
2 864
2 954
1 907 351833469
1 220 314885695
1 956 976011969
1 118 939692243
2 72
1 295 15843121
1 119 306085412
2 205
1 730 93400908
1 407 849613110
2 482
2 602
2 509
1 317 363410693
1 51 985462548
1 496 762833498
2 489
1 366 231700106
1 855 822212940
2 761
2 845
1 322 474201047
2 654
1 269 681824502
1 501 826675623
1 772 619625663
1 606 405097436
1 742 161437309
2 806
1 307 798712695
2 793
2 875
2 256
2 987
2 626
1 494 774592743
1 21 515504479
2 175
2 74
2 805
2 490
1 613 43573609
2 356
2 894
1 567 370877311
1 488 449125099
1 964 876011469
2 538
2 945
1 378 971119976
2 401
2 949
1 636 590293836
1 733 503709503
1 689 556695070
2 410
1 809 195192089
1 331 397376584
2 575
1 829 24313629
1 508 354840243
1 766 729362222
1 861 642428840
2 771
2 597
2 901
2 403
1 507 165019329
1 281 337696085
1 743 458499734
1 165 673498603
2 920
1 721 207991045
2 136
2 507
2 15
2 636
1 719 148840744
2 325
2 346
2 369
2 336
2 451
1 504 59683999
2 155
2 985
1 953 563322904
2 324
1 297 911848406
2 7
1 280 268410697
1 438 21539249
2 678
2 69
2 493
2 545
1 577 176622493
1 867 709292899
1 280 363075962
1 192 598440869
1 319 692167748
2 590
2 285
2 768
1 699 545764709
1 578 850922038
1 152 735790196
2 429
2 859
2 836
1 34 891883084
1 215 310851966
2 152
2 339
2 752
1 741 726110619
2 9
1 306 184364705
2 743
2 678
2 228
1 789 371752881
2 776
2 773
2 475
1 597 965306109
2 626
1 797 382162347
2 655
2 557
1 228 448968019
1 763 977582233
2 855
1 857 763200676
1 947 535769958
2 533
2 4
1 666 111474493
1 160 594180763
2 98
2 993
1 411 56103065
1 118 739475704
1 121 845853622
1 851 960008643
2 537
1 45 837330131
2 283
1 507 581975753
1 782 7319568
2 858
1 675 890291921
1 829 243987606
1 953 835688329
2 418
1 138 701550477
1 767 253872527
1 573 766139000
1 376 46586716
1 792 355551698
2 242
2 740
1 153 485455538
2 30
1 193 93806757
1 45 188490527
2 639
1 900 51432174
1 933 78384212
2 663
1 917 975001967
1 218 832676600
1 104 472262757
2 435
2 747
1 970 889021059
2 260
2 412
1 969 148033913
1 447 562577793
1 369 589578930
1 55 89141808
2 427
1 692 29723410
2 256
1 752 216529039
1 382 310706653
1 895 810349890
1 212 682568157
1 279 60742583
2 868
1 612 431431754
2 664
2 219
1 904 36440800
2 181
1 74 413977797
1 903 29824631
1 297 337686098
2 186
1 182 593476410
2 569
1 364 163791661
1 526 393277905
1 432 55675419
2 191
2 995
2 164
1 368 65492871
2 656
1 453 263339063
2 117
1 83 825313419
1 651 775141688
1 949 983022643
2 22
2 410
2 302
1 596 897561278
1 181 159661855
1 142 863589565
1 373 758612744
2 432
1 274 313951414
2 76
1 468 632168498
2 362
2 229
2 64
2 32
1 290 766902313
1 755 352339187
2 773
2 546
2 441
1 182 405055940
2 867
1 238 885275729
1 139 53370940
1 836 206065734
2 775
2 923
2 679
1 469 622212461
1 40 171540002
2 670
2 360
2 287
1 82 219217452
1 766 666148320
1 627 134807382
2 382
1 247 589221065
2 673
1 693 953640311
1 514 950432591
2 361
2 766
1 715 488721327
1 670 804534841
1 167 343352444
2 29
1 927 631746552
2 97
1 925 104349276
1 285 181061847
1 223 293199996
2 689
2 277
1 573 148739915
1 380 750496074
2 980
1 574 458349008
1 180 118605758
2 689
1 724 878559029
2 715
2 928
1 389 867331873
2 105
2 949
2 291
2 182
2 921
1 578 358324229
2 847
1 868 105827544
2 580
2 411
1 577 979522236
1 151 610997796
1 735 259673855
1 93 247932737
2 241
2 490
1 439 385187545
1 944 755355803
1 249 826426292
2 244
1 84 144786868
1 529 766294079
1 585 572088335
1 445 924759886
2 933
1 473 674851073
2 70
2 322
1 9 678264837
2 785
2 896
2 100
1 213 613268184
1 657 716686630
2 94
1 384 481932814
1 5 26720014
1 343 713628149
1 627 187825023
1 362 518693987
1 901 227569867
2 888
2 476
2 648
1 127 989564598
1 504 23536600
2 892
1 865 876150902
2 871
1 861 20107462
2 892
1 107 674745993
1 227 973397716
2 393
1 157 453673944
1 877 603229297
2 548
2 559
2 175
1 633 428243379
1 735 407059218
2 760
1 120 515046895
2 709
1 218 339774539
2 46
2 358
1 203 733628841
2 346
2 546
1 962 288888246
2 544
1 189 222922908
1 212 489227364
2 514
2 321
2 523
1 492 989706703
2 258
2 512
2 187
1 239 253143323
1 152 867794570
2 28
1 442 289776646
2 53
2 627
2 795
2 694
2 757
1 775 459630440
1 126 93573703
1 10 575798001
2 251
1 80 753999083
2 386
1 578 415635270
2 981
1 199 733044239
2 751
2 682
2 75
2 825
2 398
1 66 297859385
2 149
1 476 554250908
2 161
1 827 463734257
2 200
2 889
1 144 120568717
2 618
2 492
2 114
1 359 442850657
1 501 286120142
2 388
2 445
1 255 254471159
2 637
2 39
1 101 565833504
2 148
2 433
1 124 390245733
2 382
2 728
2 297
1 117 613724440
1 170 761926597
1 286 645583579
2 416
2 352
1 242 121118020
1 776 914644398
2 913
1 471 119058689
1 572 262559641
2 816
1 617 286264102
1 973 833795618
1 728 926002614
1 128 863885417
2 114
1 420 604404275
2 255
1 204 230453173
1 212 339636326
1 521 320923122
2 538
2 736
2 202
2 953
1 227 620420053
1 74 406625974
2 388
2 653
2 263
1 948 256618331
1 457 142830389
1 111 797703541
2 325
2 516
1 929 934650796
1 460 205921734
2 954
1 252 322679772
2 224
1 664 729958776
2 326
1 812 384904551
2 87
2 223
1 131 404370028
2 210
2 491
1 507 40369399
1 751 547085219
1 257 334455320
2 984
1 210 774055504
1 805 425791092
1 822 55693403
1 119 507839834
1 881 509366086
2 608
1 51 785426552
1 580 860555547
2 94
1 354 407073835
2 541
1 840 552105621
1 299 304382492
1 608 862450659
2 261
2 18
1 782 345564811
2 447
1 454 380121944
1 205 3172253
2 297
2 705
2 319
1 789 860864817
2 723
2 23
1 282 579555239
2 211
1 596 483948020
2 879
1 649 381406609
1 502 103202462
1 656 44477423
2 886
1 526 287995249
1 7 706354766
2 746
1 19 418670485
2 901
2 789
2 512
2 326
1 929 725363404
2 285
2 158
1 938 111107918
1 684 58419232
2 731
1 824 930666748
1 570 781300576
1 840 779148393
2 941
1 838 823646226
1 465 772217463
2 162
2 397
2 311
1 852 924631048
1 721 477444826
1 309 246672086
2 908
2 125
1 784 508745219
1 958 703162718
2 836
1 759 706051282
2 782
1 864 916577521
2 159
1 451 849839527
1 192 846545083
2 435
2 681
1 478 977503812
1 685 958569079
1 686 911162539
2 847
1 470 960522837
1 131 142047518
1 477 616491065
2 93
2 89
2 986
2 231
2 219
2 877
2 446
1 968 516390095
1 361 964788087
1 74 18787293
2 613
1 766 218490201
1 434 245006519
2 962
1 508 274039616
1 265 534665243
1 853 875667674
2 706
1 864 745802801
2 258
1 825 354538935
2 170
1 917 423024431
1 832 923087256
2 982
2 914
2 534
2 536
1 665 684807220
2 854
1 761 439086573
1 94 382553253
1 897 102377557
1 353 291362194
2 483
2 974
2 24
2 289
2 7
1 847 83843408
1 839 152732293
2 154
1 828 988054732
1 427 799676216
1 721 16115373
2 367
1 44 372196763
1 244 847507800
1 457 222850697
2 323
1 219 408843283
2 538
2 371
1 196 477777379
1 289 992147627
1 401 912401528
2 334
1 974 969986662
2 470
1 319 653070312
2 404
2 451
2 661
1 45 620947640
2 549
1 1000 580323883
2 648
2 899
1 578 650617749
2 799
1 44 111832973
1 618 68714996
1 303 263081425
2 360
1 90 17488078
2 318
1 557 705394840
2 859
2 489
1 912 350999972
1 852 212231421
1 823 409717080
1 67 21779189
1 750 504152785
2 483
1 829 143433350
1 265 132593705
1 268 887099098
2 376
2 621
2 316
2 129
1 253 476040669
1 17 796220527
2 437
2 340
2 616
1 535 182472715
1 323 80853593
1 177 261822398
1 756 162096432
1 14 794410293
1 88 845190566
1 205 652870567
1 38 618878438
1 882 566309651
1 885 572191391
1 570 210130871
2 755
1 579 722308340
2 828
2 849
2 317
1 989 557518714
2 673
1 55 416223588
2 516
1 305 198101736
1 127 24722509
2 503
1 786 729575872
2 944
2 281
2 880
2 843
1 895 580205526
2 881
2 778
1 654 514449946
2 15
1 60 277084787
2 9
2 734
2 442
2 274
2 854
1 967 405079204
1 915 407783159
2 161
1 398 730960258
2 456
2 426
1 184 633793361
1 478 222934142
1 934 980135991
1 281 224607533
1 700 86352572
1 117 738676577
1 943 959108990
2 572
2 298
2 70
1 18 519367905
1 296 174556616
2 218
2 477
2 829
2 412
2 878
1 347 961671315
2 95
1 417 341062061
1 945 868608210
2 143
2 290
1 43 571948713
2 999
2 505
2 69
2 869
1 713 586364876
1 39 319927091
1 691 505254665
1 779 496532586
1 382 628650368
1 592 854630331
2 368
1 428 626991817
2 410
2 776
1 154 303395303
1 592 19093054
1 747 768856555
2 10
1 420 78623384
1 561 927091031
2 9
2 155
1 804 44911372
1 696 383953410
1 200 23740713
1 397 151451265
1 348 778899159
1 891 416572928
1 531 167365460
2 109
1 520 704037390
2 376
2 651
1 875 336136834
1 938 174722404
1 909 409399552
2 30
2 283
2 405
2 515
1 653 454953456
1 757 504786406
1 873 298519726
1 427 972991032
1 814 106574696
1 232 916469145
2 236
2 958
1 675 937277323
1 278 408323017
2 262
2 820
1 463 371836490
1 536 737789009
1 395 733843769
2 129
1 941 472665041
1 121 197789635
1 846 371923918
2 549
1 505 582891258
1 762 923918390
2 207
1 843 178417669
1 551 678625259
1 645 95540140
2 982
2 442
2 219
1 161 757902606
2 398
1 168 931078225
1 674 261418590
2 984
2 847
2 970
2 359
2 457
2 654
2 769
1 122 73530665
1 877 103525589
2 387
1 821 178013048
2 398
2 289
1 19 280871706
1 932 213918355
1 734 819912466
1 359 712120578
1 430 582695148
1 373 648998575
1 47 556063487
1 419 862564640
1 111 731699426
1 576 120005343
2 620
2 999
1 206 627373659
2 76
1 699 301735562
1 683 230468583
2 24
1 815 540246190
2 493
2 661
2 400
2 138
2 580
1 568 205051203
2 525
1 421 939507088
1 741 366266661
1 727 717845976
1 354 445717640
