1000 1000
865 864
544 539
902 901
621 616
305 304
24 20
103 93
467 460
551 543
358 357
574 573
295 285
532 525
137 127
877 873
420 419
624 615
713 711
541 540
996 986
929 923
282 276
308 299
345 339
669 666
241 240
234 233
277 271
937 934
919 909
113 111
975 969
454 448
525 523
921 914
215 209
883 882
357 349
476 474
734 731
162 155
120 110
152 142
166 158
331 321
568 561
840 839
148 142
447 440
288 281
330 320
787 783
871 861
912 910
302 293
938 937
892 883
45 41
396 393
232 224
819 809
617 612
678 675
430 424
380 371
9 8
520 511
112 110
832 822
70 60
170 161
731 725
39 37
22 17
67 66
526 525
817 815
144 138
561 552
385 382
942 939
121 111
369 361
643 639
324 315
789 788
928 922
673 664
661 654
199 198
940 932
334 332
481 472
95 87
3 2
869 862
379 376
187 180
458 457
473 463
951 948
348 343
185 177
98 93
214 208
276 268
611 609
813 804
346 340
509 499
387 386
945 940
986 979
846 843
128 122
76 70
614 609
250 248
168 163
740 731
57 47
543 538
867 866
175 171
118 114
925 922
370 360
845 838
876 875
498 497
378 373
949 943
55 51
745 739
208 205
10 9
989 986
790 788
814 811
633 628
682 678
660 654
412 405
480 476
895 887
622 619
774 771
275 272
27 20
343 339
146 143
654 644
758 753
983 978
313 307
493 491
236 228
260 252
890 888
494 489
36 34
839 832
754 752
739 731
686 676
953 950
821 817
415 405
143 139
962 954
841 839
583 580
363 353
315 307
160 156
806 801
392 387
825 816
203 199
657 655
881 880
720 716
769 766
655 653
293 292
446 440
697 696
388 382
270 264
606 600
770 767
584 578
797 793
253 246
292 285
486 485
782 779
226 220
438 434
777 776
706 705
861 851
562 554
312 307
328 326
354 352
537 533
978 974
502 495
830 829
557 548
274 265
656 650
684 675
457 454
542 535
783 780
68 62
153 152
51 42
545 535
659 654
186 185
566 556
383 381
243 235
411 401
21 13
570 566
1000 995
299 291
733 725
495 494
637 636
718 710
74 64
717 707
634 625
608 604
29 25
184 182
641 638
18 16
325 322
30 24
129 123
613 605
597 588
17 15
729 727
591 586
449 440
653 644
223 216
959 952
475 474
426 423
267 265
163 161
836 826
533 526
950 944
788 778
671 669
307 301
150 145
693 685
352 343
577 576
86 76
518 508
582 576
730 725
793 786
213 203
794 790
716 707
650 645
760 751
677 671
65 63
158 148
508 503
914 907
222 220
53 43
258 256
931 926
982 977
710 707
572 570
211 209
952 945
64 57
887 877
598 589
131 130
436 431
571 570
721 715
903 900
340 331
600 592
535 527
609 604
62 52
410 403
553 543
549 542
460 456
689 681
304 299
824 819
20 16
151 150
147 146
453 448
578 574
499 492
801 793
32 29
539 538
28 25
42 40
507 499
8 5
550 547
968 961
992 991
933 931
668 666
692 688
822 816
531 524
360 354
418 415
245 240
132 127
795 791
384 374
607 601
206 203
115 105
190 183
645 635
239 238
479 476
616 610
767 762
471 467
675 671
683 676
820 811
896 891
828 827
489 488
367 365
342 332
472 466
510 508
594 592
109 101
762 756
971 968
75 70
217 211
224 218
994 988
100 99
350 343
831 827
273 271
548 544
284 275
238 237
872 871
944 935
87 81
976 970
750 744
382 377
826 825
269 266
393 385
800 799
808 802
804 794
726 717
279 276
546 539
672 668
497 489
714 712
470 461
323 313
287 284
2 1
695 694
752 750
647 638
691 684
399 389
879 875
849 842
948 945
193 186
180 177
569 566
398 390
603 597
432 426
878 873
927 919
37 29
757 749
93 83
969 967
377 369
320 314
466 461
108 107
864 854
755 749
381 374
419 414
136 129
705 703
843 839
847 842
56 46
82 77
627 625
837 829
623 619
441 437
492 491
364 355
907 901
727 724
576 566
735 726
946 940
848 845
149 139
439 431
34 25
565 564
356 350
590 586
680 671
943 935
854 849
463 457
281 277
908 905
91 83
500 490
130 122
628 618
522 521
11 10
585 576
891 882
751 744
899 894
126 125
967 960
452 449
615 607
916 912
632 629
905 900
868 866
791 783
514 510
317 310
670 664
963 960
516 506
803 796
314 304
620 614
536 534
866 857
256 247
188 180
409 405
99 97
501 500
764 756
159 151
139 135
704 701
818 809
529 528
917 907
827 817
619 612
105 101
724 716
198 190
605 598
252 244
209 200
906 904
373 366
58 57
196 188
786 782
183 175
219 211
300 299
756 748
885 877
322 313
372 363
732 731
981 971
723 715
915 907
707 699
338 333
442 432
283 275
749 746
521 517
910 900
141 133
235 232
202 200
145 144
429 424
853 851
709 701
266 256
468 463
886 885
178 172
264 261
799 794
761 758
134 132
934 925
366 358
630 621
511 508
932 929
19 13
306 305
332 326
648 647
194 190
503 493
977 969
33 26
703 698
177 172
83 79
558 551
997 990
922 916
407 404
257 249
722 719
207 197
855 850
336 330
995 993
844 840
7 2
296 295
421 414
124 119
736 727
802 801
490 483
101 94
842 840
448 439
189 187
440 435
285 280
527 524
771 765
459 450
218 217
233 232
592 585
599 592
728 724
838 831
829 821
297 293
796 787
73 67
955 953
179 174
116 114
161 159
642 636
748 746
851 842
860 855
744 740
431 429
391 386
519 518
138 136
417 414
81 79
711 710
602 600
859 852
362 359
119 118
991 988
538 533
998 995
347 346
980 975
685 677
528 523
135 128
41 32
658 655
874 870
386 379
979 970
763 757
665 661
870 867
197 191
164 158
618 612
23 22
993 987
807 797
984 975
759 749
376 375
772 767
254 244
13 6
89 88
857 852
517 513
246 240
107 102
157 153
416 410
225 222
191 188
835 833
700 696
488 482
371 368
240 231
403 395
889 884
301 295
397 394
404 399
15 6
474 472
639 635
765 760
712 702
957 954
365 356
117 107
875 867
242 235
359 355
809 808
780 779
999 995
349 343
523 520
923 915
926 922
205 198
333 331
414 408
985 976
805 801
662 652
268 264
766 761
900 898
888 883
462 453
326 320
966 965
785 780
375 372
424 417
49 41
5 2
743 733
173 170
327 322
939 935
638 635
555 548
810 804
674 668
816 811
265 263
588 587
437 434
122 112
216 208
71 62
965 963
329 320
54 53
4 3
394 391
230 226
309 304
911 903
92 88
311 301
775 768
262 260
833 826
664 654
368 361
746 736
450 443
882 880
351 345
84 76
374 365
390 380
114 113
38 28
696 695
25 18
862 854
321 317
958 954
133 130
200 194
974 964
631 625
742 741
339 334
954 945
918 916
483 474
880 875
31 24
823 814
401 399
335 330
47 38
773 768
464 455
78 74
579 578
353 345
46 36
318 311
66 59
96 89
552 545
204 197
337 335
294 291
249 241
140 130
154 144
815 814
547 541
698 689
936 932
52 50
221 218
48 39
59 54
94 87
798 789
694 688
505 504
85 79
361 354
310 305
485 477
909 903
280 274
405 396
50 43
850 845
554 552
389 381
719 717
272 267
255 246
425 423
408 398
715 713
220 210
701 692
423 413
491 489
102 96
589 585
212 202
291 282
534 530
210 208
422 415
667 658
444 439
484 478
884 883
478 468
465 462
504 501
355 350
595 591
123 115
341 331
690 684
77 72
433 427
575 569
626 621
960 959
812 806
172 167
263 256
402 398
559 550
156 150
776 772
640 638
244 237
231 227
182 175
142 135
496 486
930 927
564 560
961 951
14 6
988 980
278 271
567 560
427 423
901 896
990 985
97 87
973 967
834 827
487 485
964 957
778 772
195 185
40 35
104 102
60 55
16 9
400 394
513 511
708 702
970 968
428 418
72 64
395 385
784 783
63 55
90 89
779 775
406 400
676 666
586 581
904 898
666 656
127 117
167 165
646 638
894 890
856 852
461 456
251 244
737 733
556 547
512 503
456 454
563 554
873 867
781 777
702 696
612 611
247 246
79 70
227 217
413 403
604 594
601 599
629 627
699 690
753 749
248 240
530 529
852 850
455 448
111 107
725 720
610 600
181 174
893 889
920 910
593 585
289 280
972 963
88 78
515 514
792 784
316 312
580 576
43 42
237 236
863 859
935 925
747 746
12 7
174 166
451 448
228 226
469 468
687 685
560 559
344 342
587 584
858 853
261 251
897 891
106 96
573 565
35 33
201 192
625 620
171 166
155 152
286 277
652 644
741 736
651 650
924 914
947 941
681 679
956 953
61 54
169 167
987 986
581 580
192 184
540 534
259 253
635 625
319 311
26 20
811 807
768 761
596 595
271 262
663 657
649 639
290 288
636 630
435 427
80 70
644 643
898 888
69 61
303 300
913 908
434 425
445 437
738 732
298 297
688 686
6 3
482 475
125 117
524 519
44 38
941 935
679 675
229 221
506 499
176 168
443 439
165 155
110 100
477 475
271685709 493339348 758544911 121092866 247816349 4045550 926437012 130468471 310895030 273759713 770255721 162991188 374407477 917943388 203045706 576490600 180805880 347629899 772544820 505784510 748075290 241234907 50401382 928825763 255662585 802698618 241417306 919571878 992371762 602290132 575203023 517482386 184103587 489307350 428949954 473943669 192410215 458004141 888804719 566537628 810485468 792933319 991453268 24536212 54346144 82628816 164803373 270282537 839630478 402808501 318608120 62862697 504986053 483826339 816184561 739783073 719108512 922498056 320808598 900452958 750698173 339066512 222399395 651406957 485604858 489412648 696852502 66226394 973990514 30215421 496171052 100276467 667675012 514100093 778349664 590862405 393088715 881156180 708900722 66624668 799760934 58840688 836405341 818750470 374650800 96808700 547105886 97491664 498477000 694295911 635233523 230169991 344341769 446844253 752630232 625126648 413155922 437114059 821826827 137277999 487321790 686177247 515170505 966306426 872684972 189047045 96258958 541367142 210921656 61271274 610237463 416815808 123775422 156119163 73191778 33650836 813129437 19121894 774253740 135124784 24789617 251906967 170132337 534763297 229231382 723314747 723207022 673459508 442228651 102196416 380832929 721422454 328848716 392572241 282960199 7345203 76377429 931200605 303269852 594672121 372254053 294178961 566319902 359960981 973211480 104655576 775180809 456213267 76800331 48391777 484948442 110691521 948103066 248505496 163473424 74501420 445199076 574677802 390704741 152896289 713494533 478640133 778734809 9125805 227081754 797348693 298982822 776369180 340263040 308633991 635700043 623497212 291694803 716627784 9754757 231619354 315839218 426684294 397018192 415291267 937687801 809820525 309532650 288232323 157733701 405614186 995049679 475424681 298496115 259911723 650602173 784350912 752108896 436191387 104268209 744493013 115590953 624930281 799523302 484710455 72977707 296451714 739834332 860335473 707297539 54921489 367215694 582540625 361392782 507276933 318496825 857375716 559078377 292804106 770227931 114723702 962997617 226467597 608438192 698282646 146405827 353540412 681825910 392412175 403808700 691828355 762264362 747626735 897340537 742234895 652153864 829960834 799676759 734404941 338563981 590257239 296187379 957453291 385079927 305800249 243830826 165154773 240902083 63057974 782897178 51091512 667672237 248500378 697888798 357461633 622789810 399183348 955047636 88960606 68238224 550280975 782098713 532239291 693811524 914025721 141936138 535073989 996609546 508061439 753580292 3119082 9176671 631211181 194582437 388135893 571080962 97404882 788600264 899131765 6906093 170828409 797848459 755887607 61116767 429082863 353302859 160509638 525004757 420877251 889901990 386341777 18997259 446262208 288038263 658624068 796647935 282565620 625822684 840297741 529853421 951540652 125743155 244051031 132984915 609106549 859053079 702720209 959052269 952009243 154304870 267377511 755660729 947275949 202956862 179845447 555584755 822029941 943424762 696362460 936493337 90534403 324894265 849921749 58511335 311034403 698072278 299703839 959441243 85739489 65925616 71493093 22940593 931695755 437483234 199858838 479013735 270406062 181371723 67504862 80246074 150302998 698424582 553712042 203449893 755833553 549666354 438814760 649811816 537192748 92893482 834962883 674346110 455616180 718311053 535899691 740549412 676000822 659998006 58065738 784634712 168590014 943919172 920286030 880669527 70664090 1888530 719160485 628774813 462248023 516529471 812888572 313813735 390322882 239398567 86686782 127556659 47858407 805550438 517738138 750921406 837026580 158959579 567226492 564717060 161582038 890850978 366835601 785783234 771263994 553844887 784076742 508611574 551353485 349953241 917679433 875778781 215682267 75468484 620644486 689938163 28122738 590646260 418751018 921556214 934079263 88160840 785895203 177232354 449496302 157250524 168173213 606679284 4480557 644261645 905707525 862628778 516215658 904993911 576027912 773720001 57218927 859538169 45580692 729558325 291938124 74796975 759883732 705709124 359276620 330796534 817643576 532171626 566138365 954426219 40775018 354209125 670744620 157186027 666314841 609051953 170461414 932689299 720453168 937206796 612886647 371116223 869417567 557497202 996430190 316119566 790839952 692190497 959845014 56361564 741913778 706852629 117099772 993606342 367578865 848938892 780420591 544448681 599098298 781568259 629238522 962991522 384005051 847860789 814099947 469951886 131820511 272393250 394343119 811349642 239971669 642468869 802765298 644287731 814074762 279861595 37137379 914767718 217377833 265703906 713730925 349595840 567406369 822036375 356424606 42243614 704101534 149750965 178899906 309188829 539087630 331085244 210047848 436464795 753965340 295697767 965219931 328675635 468557239 710540467 945894057 415414467 764288523 46517982 146806942 825643944 874266502 187684197 333636809 85545087 897811412 483840004 970531317 688207909 221097185 163845305 880405808 949120952 885779165 236334016 523886023 306883219 507390514 755718038 52441926 513965140 312311695 471132921 671887740 968253656 564852192 700776678 810639988 418393661 992442450 973412505 787955324 728529118 264586323 881345424 726871584 573381977 164700559 166550407 155996206 427961483 37740019 991919228 799568820 626844050 44494764 361451179 265158140 987199945 322662696 441363602 296529046 356454094 71729427 411837165 634563405 112324223 246197850 528159418 444489776 642472695 600026154 583243061 2217354 883259029 997588465 229059036 409723880 661718004 400922971 429704811 728457753 748654066 614761557 97570528 424022312 216117165 296641293 742551415 376341091 22909056 169849326 668527790 176897879 367283210 684547495 912253249 893838800 556364838 308026149 325102126 844586972 832581875 210047891 407327410 300476873 110120140 357767264 616178761 223169569 834486864 324229432 846713520 777280436 988798554 478751240 625373669 306578829 728898569 462394110 632397860 767250682 310870713 386087558 717205995 414462344 954924550 997393741 480376823 417300228 634238415 276729920 109496132 188260218 735163952 592934029 529751311 763289913 718264709 262292896 735535318 839218891 658870893 195759398 358697558 21020416 722545092 480010509 219386763 336665828 256956070 605692801 295018163 504669123 936048754 301645039 265970250 243778347 646858436 997273604 295068941 873054953 892326776 581418925 188503546 862290185 343406765 864534296 845960782 21758938 403555519 945014193 851247493 250941415 254544459 129103142 883685213 818624509 698504750 677161826 774891986 533812523 399995780 203483284 305211170 67153084 185144236 610950440 936394697 169115199 431688258 307195339 889808517 379984766 572749603 677032811 941950034 681462409 890432108 355149108 343884910 309929388 938115194 715325587 656211541 353835891 269337578 21009718 439698885 402421932 756277657 918855944 39786170 739282531 563490468 565808696 213065074 55842791 96378472 381656883 330988137 913351363 542601345 314555556 8006237 488872133 759016654 15872378 584992331 984466426 747884 471011041 678806383 224520879 45647542 124625478 899909446 912938864 888175434 927940439 308829582 938069771 15538181 752136192 953160259 408828045 321433604 340387950 840156579 949294914 611029156 773291790 808035883 77816505 25526658 347526286 545042583 747336381 542895739 248079834 444138980 952566620 789542316 201548831 370621776 368827619 862337906 114080458 236169816 217970654 444443242 405969289 262197944 904026395 167695730 778915400 702971501 509393831 812368293 567871284 178186678 666840783 576385633 146248891 115336461 869232671 818585923 545213833 296912689 51550566 791219241 635272331 833833759 16706223 513193774 148675310 540452371 880509000 86341296 750800415 159209355 162105021 291776332 640008652 215671107 798202076 818520544 214363105 940089145 932601267 4444039 580013196 145825193 49004172 51050399 538022456 895428369 621639415 544158662 894656404 811412525 884524736 349527511 777201548 930907642 314701299 773051889 937625422 49000887 748279518 148875887 533500998 887216863 826408461 35715567 796389920 894399791 103803471 542680399 798779596 383049381 643718831 593111466 832015476 435935613 309474939 764856927 912492423 704340021 937886016 978689801 757898417 34214793 985910474 398488967 176558815 247776887 762982184 267140596 46183231 210874939 696668325 112290479 967708989 504409171 527768014 224869459 809574022 20699260 734903154 498975679 768364295 611202738 174077084 182490126 483307246 874063154 853647514 333891231 337311911 437419130 928334073 866978574 147526879 665085255 615910790 863519031 578764931 767720597 186104909 330292025 880581313 866356129 207231389 896027503 558466309 659396073 837864961 486712440 235634940 24340778 322865734 123045168 680776339 75153760 491105659 51507892 260768248 33421512 817012971 126216288 607814551 8849377 949769252 665052115 810842653 983920997 15375091 782255849 929060472 341800019 32467300 561465279 625863124 203565544 67751366 74080433 103326 616230816 479100068 320752734 381419907 699636025 436340428 961074082 617796465 453605551 117778762 928675226 174051732 537745984 118261101 50724259 248363097 850464872 45586112 601513305 27533421 738586085 680019729 166526619 288130750 31616947 272753260 999752581 200036984 140433168 593333536 637508724 455015688 44520312 956220344 133341189 436582427 86515369 779730178 6283029 402723231 711197855 947911691 700983489 950070208 431420312 821914655 975570534 303288555 221872656 763731660 233935777 528349134 776395461 433824735 815620687 647722325 18455732 991166821 489272973 423887021 5792536 868987307 724626104 621633347 420483441 943495485 138082157 335550660 933648250 753943273 372209545 439438622 81792304 853615548 315781673 89058941 335920337 111694083 
2 223
1 649 995597898
1 607 962406919
1 437 925143612
1 115 704957654
2 775
1 499 540351567
1 55 614774422
1 598 399538817
1 742 605993570
2 36
1 671 786606615
2 652
1 666 642802803
2 720
1 480 967427445
1 777 907186271
1 618 709775956
1 26 339760582
1 983 302946378
2 468
2 421
2 932
2 767
2 678
2 575
1 334 352973053
1 903 257182834
1 22 138654075
1 849 997094065
2 665
1 858 662447137
2 942
2 661
2 26
2 446
1 723 700970524
1 176 564615805
1 720 923562857
2 441
2 263
2 536
2 406
2 493
1 961 684754641
2 844
1 720 994192915
1 838 556884323
2 299
2 573
1 133 359306363
2 905
1 200 983273045
2 696
1 38 287759110
1 364 961866882
2 409
1 876 529452201
2 859
2 214
1 954 407629532
2 402
2 104
2 659
1 511 414991488
1 199 737743138
1 129 815358781
1 639 908701420
1 322 475481807
1 674 750546148
2 913
2 169
2 546
2 295
2 169
1 854 256971987
2 713
2 551
2 489
2 476
1 760 527842900
2 727
2 83
2 180
1 411 62939068
2 872
1 8 612415437
1 196 803616374
1 336 362538782
1 292 689666199
1 645 39506423
2 119
2 257
2 807
2 232
1 82 441730744
2 514
1 930 308777948
1 774 297243762
2 485
2 773
2 302
1 755 386328639
2 431
1 409 649810971
2 806
2 428
2 174
1 126 16447
2 779
2 780
1 721 685644488
1 47 247648992
1 815 356266965
1 483 80818240
2 607
1 43 693635724
2 826
2 369
1 624 97668489
1 728 315921381
2 215
1 697 5917973
2 503
1 931 176803079
1 735 606994248
1 322 814654065
1 229 602093668
2 98
1 716 552510073
2 572
2 896
2 620
1 165 14104739
2 854
1 796 774896559
2 54
1 331 794066295
1 310 140109945
1 555 355772005
2 331
1 195 27156344
1 740 207771592
2 142
2 68
1 519 785437822
2 839
1 430 511515443
2 721
1 595 878151649
1 932 501169479
2 819
1 854 843425677
2 756
1 540 260197976
1 982 763164354
1 344 17243336
2 756
1 269 890745832
1 982 741179908
1 199 529454891
1 530 591550353
2 921
2 129
1 260 760530855
2 349
1 742 491605454
2 537
1 265 9684423
1 314 642437061
1 604 23614987
1 15 828824918
2 558
2 182
2 672
1 161 373072974
1 243 133800580
2 21
2 906
2 530
1 796 590192752
1 483 89987660
1 112 680800498
2 563
2 921
2 446
2 124
1 766 911137072
1 393 806369164
1 903 204318140
2 7
1 406 554864412
2 703
1 467 498582613
1 237 273012170
2 463
2 524
2 293
1 391 823628422
2 784
2 413
2 139
1 316 509143770
1 59 629479917
1 863 86952592
1 275 997897656
1 556 874321763
2 687
1 10 743846888
1 657 74977071
2 432
2 764
2 115
2 583
2 508
1 267 510829805
2 727
1 138 745194453
2 913
1 756 559259993
2 898
2 592
2 385
2 340
2 693
2 764
1 878 747641861
2 861
2 375
1 282 95101159
1 474 147568061
2 325
1 121 732450348
1 752 599427734
1 796 203441981
1 668 188966969
2 718
1 853 280775527
1 730 733824497
1 743 123984612
1 122 303428804
2 366
2 770
2 889
1 134 16608135
2 552
2 487
2 297
2 242
2 401
2 122
2 742
2 342
2 204
1 496 486797187
2 774
1 363 838549980
2 32
2 293
2 915
2 628
1 535 484206795
1 907 984461781
2 657
1 770 320543922
2 634
1 401 299021605
1 614 715601575
1 527 446953564
1 251 950103011
1 55 911097381
2 314
1 562 306416785
1 54 665648862
2 830
1 168 80196362
1 307 653945201
1 588 255817244
1 492 195656063
2 799
2 962
2 485
2 890
1 951 230201795
2 692
2 228
1 709 711674197
2 730
1 787 294724348
2 792
1 260 471666647
1 778 874964868
1 600 562874318
1 729 147270615
1 957 135180257
2 560
2 578
1 112 44865198
1 910 183001966
2 183
1 983 334961695
2 897
1 829 532399447
2 219
1 439 767521274
1 12 209102361
1 629 940298179
2 78
1 940 64627615
2 949
1 96 974442212
1 989 153224657
1 164 555270771
2 331
2 16
2 47
2 819
1 132 444764097
2 939
2 215
1 256 424148829
2 1
1 278 861175441
1 354 516259765
1 196 808180595
1 425 554630648
2 254
1 43 973141402
1 241 81581077
1 991 656249516
2 34
2 589
2 83
1 339 31329531
2 340
2 832
2 854
2 334
2 22
1 992 747524184
2 634
1 30 265066423
2 552
2 288
1 323 836100128
1 424 305887579
2 80
1 703 960458630
1 808 405072691
2 810
1 533 964961913
2 197
1 359 82033455
2 681
2 747
1 73 318870992
1 332 325642073
1 795 42512362
2 657
2 950
1 430 977959333
2 881
2 976
1 303 202482142
2 117
2 487
1 173 526865749
2 217
1 718 614837089
2 31
2 734
2 691
2 969
2 856
1 556 73640196
2 722
2 871
2 12
2 711
1 688 916818683
2 208
2 865
1 467 433145476
2 434
2 583
2 847
2 36
1 340 826040163
2 195
2 193
1 278 597304968
2 970
1 328 140938263
2 458
2 428
2 730
2 186
2 33
2 495
2 638
2 663
1 852 480050254
2 566
2 820
1 279 304863440
1 98 982306705
2 864
2 841
1 585 650973340
2 811
2 769
1 500 492660249
2 526
2 464
2 131
1 718 597969429
2 918
1 173 205056615
2 680
2 227
2 569
1 1 734543398
1 715 559439623
2 787
2 775
1 187 214535350
1 347 901357226
1 838 184112937
2 293
2 8
1 666 380392120
1 342 226539515
1 932 599538104
1 310 467521932
2 159
1 534 109142720
1 2 286868037
1 474 470245742
2 94
1 555 744611983
2 636
1 340 172015068
2 745
1 114 648208895
1 552 664065728
2 507
2 813
1 396 825270168
2 621
1 413 586933469
1 906 677533021
1 190 329522867
2 951
2 190
1 245 315739824
2 460
2 263
2 569
2 873
1 938 771142987
1 866 256668196
2 48
2 600
1 417 969635240
2 239
1 953 997953503
1 890 386612207
2 326
2 177
2 273
1 635 311757863
2 1
1 543 808731580
1 216 615216753
2 925
2 460
2 230
2 678
1 736 828920947
2 155
1 861 521030368
2 669
1 183 681211949
2 621
1 554 320424873
2 861
2 573
2 295
2 786
1 327 647295354
2 556
2 725
1 68 142605618
1 982 402572037
1 907 780422276
1 943 869875995
1 658 822313156
2 676
2 823
2 377
1 196 503940695
2 411
2 983
2 788
2 941
1 638 152939037
2 914
1 900 442772318
1 953 942189456
2 508
1 258 744459622
2 140
2 831
1 656 681624542
2 783
2 7
2 831
2 643
2 635
1 764 101488210
1 63 201422382
1 397 889743945
1 894 676819529
2 92
1 432 130870203
2 489
2 454
1 224 821634095
2 112
2 242
1 193 508157058
1 54 24618103
1 151 687805558
1 186 63734720
1 932 513524682
2 462
1 280 494663726
2 723
2 660
1 442 118774398
2 514
1 221 738255590
2 513
1 333 546939181
1 998 874287945
2 782
2 460
1 351 874925052
1 315 881280264
2 478
2 17
1 587 43927596
1 259 974717190
1 986 620479699
1 322 213192410
1 213 67420235
1 126 828069534
2 298
2 255
1 316 346184319
1 716 286246204
1 621 820798221
2 60
1 695 731230631
2 646
2 775
1 246 469526071
2 101
1 786 227651909
1 306 628489952
1 322 141036134
2 707
2 152
2 942
2 613
2 384
1 660 753935999
1 427 648828769
1 693 328803579
2 748
2 995
1 827 772271414
1 423 609409338
1 79 159862452
2 735
2 455
1 891 544569209
1 929 702962591
1 978 723000914
2 456
2 188
1 125 369303324
1 859 58512593
2 753
1 966 333611873
1 660 293478263
2 853
2 216
1 453 795972957
1 146 152536344
1 582 214304137
1 744 110607549
2 127
1 37 317817148
1 347 412984365
2 28
2 225
1 271 228839837
2 436
2 252
2 144
1 643 767333042
1 398 258226182
2 843
1 729 286096022
2 235
2 101
2 785
1 11 17785636
1 35 276909586
2 917
1 268 211605478
2 180
2 545
2 280
1 923 790430655
1 642 543833084
1 835 908835456
1 398 692043144
1 682 440867817
2 334
2 93
1 671 578283597
2 772
1 395 479848396
2 29
2 903
1 516 969586536
2 680
2 737
1 678 118063227
2 286
1 92 691735906
1 674 135701929
2 932
2 144
1 855 381086089
2 878
1 288 74740974
2 114
2 44
2 71
2 946
1 520 644702927
1 685 202422985
1 905 358508550
1 742 989335369
2 763
2 997
2 220
1 129 15344256
1 405 664625145
1 352 374820349
2 185
1 695 733575237
2 979
2 79
2 557
1 502 516626764
2 435
1 107 492718331
2 810
2 865
1 773 358548853
1 123 502289237
2 962
2 982
1 77 278618584
1 727 192826740
1 497 101952501
1 482 247992385
1 229 130779665
2 204
2 419
2 84
2 608
1 19 38673977
1 402 51239873
2 685
2 306
1 76 571258390
1 802 22634469
1 264 983521134
1 28 905745337
1 584 577883537
1 429 750741087
2 783
1 3 294765528
1 296 615839718
1 814 200360098
2 836
2 76
2 324
1 474 875247556
2 12
1 505 205821629
1 725 846567566
1 266 476066472
2 264
2 940
2 908
2 393
2 585
2 222
1 943 999441341
1 29 833302827
2 292
1 332 19394541
2 812
1 46 894130949
1 211 906591762
2 555
1 93 794878529
2 597
1 462 65998270
2 669
2 188
2 267
2 87
2 31
2 974
1 468 6657868
1 808 899420436
1 828 987464433
1 319 460967380
1 422 591241192
1 806 626657264
2 351
2 335
1 562 540871883
2 19
1 606 882832481
2 401
2 541
1 943 279689814
2 642
2 919
1 229 996507986
2 904
2 993
1 746 185920848
1 379 344130817
2 730
2 838
2 466
2 566
2 437
1 337 603896575
2 827
2 917
1 332 881311404
2 324
1 356 10724744
1 67 335640776
1 382 608929204
1 155 571327231
1 601 134076037
2 250
1 66 293816686
1 753 825725539
1 805 405921816
1 81 439349610
2 402
2 521
1 779 158392904
2 223
2 520
2 214
2 781
2 949
1 936 782698281
1 137 586802131
2 47
1 343 36141512
2 974
2 311
1 644 171689171
2 293
2 442
2 179
1 626 97026509
2 377
2 679
2 764
1 636 328439671
1 455 352875376
2 573
1 403 1829014
1 886 771674256
2 157
1 432 2768991
1 731 238391418
1 178 627792222
2 917
2 284
1 143 796137920
2 607
2 456
1 378 122526919
2 772
2 195
2 509
2 336
1 583 663097776
2 195
2 996
2 857
2 266
1 33 904739991
1 242 196086411
1 686 105971655
1 16 263169329
1 683 491369644
2 685
1 16 692455418
2 301
2 768
1 244 564589284
2 368
2 145
2 256
2 535
1 463 387470983
2 817
1 11 609434352
1 657 970749106
2 129
2 381
1 24 525168282
2 288
2 673
2 735
1 572 277867488
2 526
1 742 243551466
2 812
1 572 677195153
2 626
2 821
2 823
1 586 128480028
2 328
2 557
1 958 907963662
2 880
1 498 343522987
1 386 402575252
2 428
2 999
1 495 340865116
2 611
1 305 157312083
1 591 78824654
1 890 296923055
2 753
1 924 56124528
2 145
1 272 328683847
2 586
2 983
1 951 216671296
1 52 539139489
2 989
2 49
1 857 386775014
2 602
1 6 283531108
1 779 895246319
1 136 181810956
1 29 351958416
2 697
2 298
1 173 142040313
1 137 121780738
2 566
1 998 761192478
2 492
1 935 552254783
2 706
2 636
1 537 993730708
1 710 200240494
2 220
1 756 620875917
2 563
2 82
1 234 990282640
2 151
1 604 366688393
2 875
2 801
2 490
2 202
2 228
1 990 54027404
1 411 740681865
1 227 223390595
1 234 711527909
2 873
2 80
1 825 541523329
1 555 343501670
1 976 916021227
2 922
1 489 967289898
2 580
1 472 908170135
1 803 18456158
2 860
2 466
1 841 93147555
1 785 346116629
2 965
1 555 577857586
1 820 593276127
1 938 544562288
1 209 526436260
1 739 165594798
2 116
2 796
1 773 408809150
2 38
2 613
2 65
1 403 1113475
1 84 177313080
1 897 258436956
1 997 597860952
1 574 24614206
2 592
1 592 587341024
1 722 914525553
2 392
2 947
1 39 280856308
2 987
2 845
2 655
1 544 951261975
1 401 993286132
1 803 408371947
2 937
1 675 409831176
2 375
1 666 400397765
2 948
2 76
2 190
2 273
2 906
1 534 860329958
2 307
1 800 704649601
2 732
1 917 911422253
1 304 170252623
2 60
1 89 942991677
2 82
2 288
2 738
2 791
2 441
2 502
1 330 482118
2 657
1 818 966729549
2 722
2 818
1 361 505079812
2 459
2 4
2 660
2 590
1 610 856136795
1 52 321965949
2 405
1 751 252467525
2 22
2 841
1 643 907391792
1 32 781381525
1 956 385303801
1 736 244982332
2 165
2 588
2 219
1 146 531382028
2 755
1 738 362192103
