1000 1000
768 767
358 356
399 397
147 145
442 440
966 965
340 338
218 216
344 342
691 689
538 536
932 931
521 519
318 316
637 636
975 973
836 835
104 103
240 238
478 477
280 279
581 579
580 579
548 546
149 148
547 546
530 528
171 170
586 585
828 827
271 270
348 346
259 257
906 905
161 159
638 636
244 242
795 794
81 79
842 841
725 723
164 163
814 812
950 948
607 605
533 532
443 441
215 214
761 759
525 523
2 1
508 506
504 503
183 182
571 569
32 30
483 481
575 573
118 116
970 968
34 33
174 172
441 439
979 978
417 415
839 838
891 889
680 678
134 132
569 567
230 229
101 99
350 348
4 3
735 734
726 724
214 212
3 1
62 61
188 187
195 194
20 19
876 875
315 314
861 860
487 486
69 67
739 738
971 969
211 209
396 395
1000 999
626 625
528 527
955 953
611 609
644 642
84 82
119 118
856 855
498 497
945 943
656 655
625 623
275 274
65 63
678 676
831 830
793 792
300 298
458 456
885 883
636 635
711 709
826 825
61 60
50 49
915 914
805 803
31 30
780 779
369 367
633 631
383 382
732 730
467 465
901 900
794 793
408 406
67 65
379 377
109 107
391 390
486 485
166 164
272 270
76 75
851 850
273 272
897 895
403 401
630 628
148 146
601 599
122 120
738 737
165 164
694 693
439 437
804 802
301 300
440 439
239 238
406 405
577 576
647 646
57 55
774 773
791 789
169 167
311 309
394 392
903 901
827 825
404 402
972 970
619 618
654 652
158 156
632 630
951 950
763 761
859 858
595 594
790 789
133 132
797 796
505 503
585 584
889 887
519 518
15 13
949 948
995 994
956 954
600 599
812 810
537 535
854 853
583 581
198 197
80 78
977 976
376 375
515 513
801 799
565 564
255 253
737 735
362 361
703 701
716 714
184 183
177 175
499 498
850 849
420 419
260 259
21 20
967 966
278 276
591 589
45 43
18 16
554 552
983 982
428 426
981 980
846 845
860 859
666 664
643 642
651 650
160 158
734 732
923 922
213 211
182 181
317 315
89 87
187 186
808 807
361 360
231 229
974 972
242 241
608 606
815 814
602 601
769 768
257 256
450 449
414 413
475 473
905 904
497 496
162 161
284 283
385 383
44 42
722 721
156 154
621 620
143 142
5 4
796 794
924 922
562 561
714 712
8 6
355 354
629 628
853 852
973 971
999 997
491 490
561 560
42 40
964 962
382 381
429 427
787 785
663 661
465 464
454 452
886 884
72 71
13 11
698 696
424 422
997 995
191 189
870 868
405 404
206 205
546 544
914 913
578 577
471 470
299 297
468 466
125 124
606 605
310 309
543 541
96 95
302 301
110 108
25 23
258 257
52 50
153 151
899 897
223 221
652 650
825 823
564 563
544 542
287 286
100 98
324 322
23 21
929 928
41 39
615 614
295 294
129 127
124 122
767 766
661 659
136 135
168 167
741 740
175 173
941 940
847 846
536 535
684 682
771 770
865 864
75 74
438 436
645 643
128 126
121 119
481 479
762 761
919 918
673 671
436 435
985 984
208 206
95 93
992 990
359 358
236 235
433 431
588 586
265 263
683 681
371 369
116 114
909 908
159 157
185 183
38 36
368 366
477 475
140 139
531 530
277 275
988 986
542 540
210 208
730 728
858 857
864 862
473 471
276 274
146 144
930 928
844 843
704 702
671 670
314 313
751 749
702 701
179 178
462 460
268 266
196 194
942 941
373 371
570 569
209 208
937 936
11 9
816 814
709 708
224 223
28 26
918 917
49 48
770 768
93 91
74 73
835 834
686 684
189 188
452 451
986 984
688 686
563 562
495 493
718 717
512 510
624 622
717 715
963 961
849 847
720 719
940 939
510 508
509 507
953 951
622 620
895 894
527 526
105 104
71 70
946 945
810 808
618 617
308 307
463 462
496 494
375 373
431 430
750 748
746 744
584 582
401 399
345 343
120 119
904 903
328 327
40 38
186 184
19 18
961 959
390 389
922 920
943 941
190 188
589 588
745 744
987 986
927 925
677 675
290 289
541 539
39 38
70 69
701 700
279 278
962 961
235 233
550 548
243 242
811 809
252 251
830 828
660 659
800 799
320 319
367 365
444 443
155 153
207 205
221 220
347 345
675 673
464 462
779 778
157 156
869 867
765 764
126 124
247 246
79 78
26 24
639 637
360 359
216 215
911 910
434 433
333 331
757 755
228 226
593 591
46 44
723 721
351 350
775 773
254 253
555 553
696 694
453 451
341 339
616 615
97 96
980 978
707 705
832 830
47 46
802 800
958 956
249 247
773 771
650 649
759 758
892 890
78 76
349 348
880 879
68 66
139 137
668 667
245 244
325 324
107 105
430 429
935 934
316 314
724 723
55 54
144 142
151 150
526 524
43 42
994 993
410 409
232 230
674 672
872 870
721 720
976 975
819 818
220 218
330 329
6 5
875 874
908 906
965 963
194 192
944 943
246 245
77 76
676 674
879 877
103 101
803 802
73 72
648 646
845 843
511 510
397 395
998 997
131 130
655 654
834 833
551 549
560 558
764 762
758 757
205 203
549 548
594 592
172 171
573 571
389 387
657 655
821 819
137 135
329 328
708 707
130 129
356 354
233 232
534 532
715 713
665 663
687 685
266 265
102 101
863 861
658 656
867 865
60 59
788 787
902 901
29 27
377 375
337 335
370 369
574 573
92 91
251 250
679 677
597 596
372 371
66 64
479 477
455 453
582 581
485 483
306 305
614 613
400 398
386 384
393 391
567 565
289 288
669 667
9 7
217 215
990 988
294 293
365 363
984 982
559 557
728 726
304 302
326 324
913 912
884 882
270 269
170 169
756 754
64 63
334 333
682 681
474 472
261 259
781 780
931 930
518 516
916 915
612 611
523 522
58 57
699 697
713 712
327 326
285 284
291 290
448 447
449 447
226 224
991 989
274 272
141 140
693 692
307 305
506 505
445 443
782 781
492 491
760 759
432 430
777 775
398 397
535 533
202 200
640 639
748 746
30 28
56 55
996 994
960 958
789 787
446 445
256 254
204 202
978 977
848 847
866 865
106 105
451 449
114 113
402 400
113 112
117 116
545 544
447 446
862 860
422 421
407 406
27 25
262 261
727 725
502 500
592 591
363 362
700 698
641 639
488 486
112 111
35 33
522 521
843 841
83 81
664 662
154 153
293 291
181 180
938 937
381 379
959 957
952 950
413 412
871 869
63 62
634 632
969 967
596 595
253 252
267 265
926 925
425 423
374 373
993 991
48 47
296 294
818 817
579 578
167 166
298 296
248 246
587 585
309 307
822 821
706 705
754 753
150 148
841 840
890 888
99 98
85 84
917 916
24 22
653 651
313 311
7 5
710 709
282 280
552 551
234 232
173 172
460 459
176 175
557 555
893 892
878 877
281 279
887 886
729 728
933 932
948 946
772 770
16 14
881 879
36 35
490 488
968 967
733 731
798 797
749 747
500 499
609 608
529 528
631 629
37 36
731 729
898 896
466 464
852 851
421 420
91 89
672 671
934 933
896 895
203 202
613 611
17 16
312 310
352 351
667 665
297 295
319 317
98 96
989 988
954 952
744 743
705 703
503 501
53 51
201 200
288 286
824 823
123 122
813 812
192 191
662 660
241 239
868 867
742 740
513 512
692 691
292 291
642 640
982 981
418 416
343 342
806 805
670 668
331 329
392 390
87 85
461 460
459 457
719 718
620 619
336 334
132 131
10 9
426 425
695 694
135 133
792 791
339 338
920 919
783 781
517 516
152 151
873 871
263 261
627 625
697 695
342 341
817 816
840 838
86 84
145 143
649 647
180 178
59 58
743 741
380 379
576 575
590 588
936 934
384 382
335 334
566 564
553 551
354 353
939 937
604 602
635 633
305 304
353 352
838 836
833 832
346 345
539 537
264 263
900 899
115 113
423 421
193 192
910 909
472 471
524 523
823 822
22 21
484 483
269 268
51 49
766 765
482 481
857 856
520 519
947 945
874 873
685 683
378 376
888 886
412 410
540 538
364 362
82 80
321 319
416 414
603 601
357 356
617 616
753 752
200 198
689 687
387 386
286 285
427 425
912 911
572 570
222 220
33 32
212 210
323 321
925 924
516 514
957 955
138 136
219 217
476 475
437 435
568 566
456 454
229 228
882 881
556 555
250 249
646 644
435 433
12 11
928 927
14 12
94 93
303 301
127 126
610 609
409 407
332 330
108 107
820 818
598 596
163 161
225 223
415 414
776 775
494 493
227 225
829 828
883 882
877 875
283 281
740 739
90 89
469 468
747 746
197 195
855 853
623 622
558 556
419 417
501 499
54 52
237 235
480 479
837 836
238 236
690 689
784 783
489 488
599 597
395 394
736 734
411 409
178 177
532 531
628 627
366 365
322 321
457 456
388 387
894 893
111 109
88 86
199 198
605 603
755 753
752 750
514 512
712 711
921 920
786 785
493 492
338 336
809 807
807 806
659 658
507 505
799 798
142 141
681 679
470 469
907 906
778 776
785 783
653405754 509734581 748125258 506265297 319458085 886414274 865798035 923182341 371107680 434110551 635121118 461980731 637371488 867628664 421909696 81384600 549430746 75655786 383761422 221350016 707706306 880023218 679390686 146601113 180482639 875457045 319763076 694175688 797001204 381231512 990878358 959279921 577775975 757336193 942902504 89253946 31978397 404522580 325283984 590081160 44860363 636140245 130914017 839084031 855710054 762256395 995133811 744500933 202852899 421292602 274236440 609835326 974299127 811241448 230397671 524901905 435443478 919887832 90307125 482286624 255772663 675888400 283102358 310641299 671451981 29589718 883483871 935241933 221539855 41607342 878138917 361903220 943044464 788647517 337871294 965724012 443006182 895735784 943038783 536455131 724279846 934905748 789234811 746720806 514472229 789406182 455362442 298757361 889862679 641761700 153409726 189436194 393977715 13172689 63303342 857950685 122096620 343692724 737274926 39905417 395483257 768772305 614054484 158523592 841030733 709017325 437624436 274808962 971406558 235162125 323736100 178953178 453475297 141205111 963035448 890395446 427989835 723907758 444074949 357876538 802849105 76693369 32379425 583234764 348148840 744729051 252790496 421632273 331823428 125644059 903488215 123018605 882406108 523143357 500342556 895200134 727999075 414833799 446316291 825235777 285410128 65442428 599598626 854484674 423971158 32324322 155455565 225601135 769184363 662423615 749295513 599519469 90551492 293488471 501008988 776945440 451173078 453300014 280064298 599394350 73776470 657894667 593815769 931227515 724615992 518757491 966243453 952963757 646964147 993064233 675064171 342915497 137131066 549319475 167481145 607177363 970750083 209645271 186290619 137854929 241306244 664021657 384750854 837331976 915018352 717733693 962315632 787470876 473974973 126401994 792594830 630913843 410717216 718932869 215728179 893857970 911901581 330707953 462676086 688881725 973849147 118161620 231754156 159909818 806073758 41568308 561275241 278387021 643573098 344883797 846008194 905966940 664045461 670922683 119878669 41670796 463945301 345877805 259894622 188522946 359600669 777198511 661169674 675934242 212791715 782370951 880045287 686102801 530477532 653934392 911179017 534408246 44507644 439062921 696889286 97350004 918441850 877315453 696087730 228245744 364456458 259812699 134109090 205902609 392871328 776230823 632144044 938859129 968640114 456698150 706637860 146812944 805163766 667817693 680742560 819975929 298950111 522629138 577335540 396317850 60583459 435242056 81569333 720798359 483892983 923027270 305549241 826172119 437840848 383502096 218845460 812202876 973518434 677303787 424158747 79406318 684705956 525718620 787953892 292316112 520503497 896998696 996331972 575208199 362586440 790393172 622945102 886422458 662891220 52256294 498424921 621635404 176141923 664570658 598060538 266539874 915347754 999923724 898559365 388022243 943994014 409191659 858078351 482002673 831414388 366519811 713496814 510896884 586598049 672161754 333259958 565141647 37138265 583589683 24933948 658392232 387272467 667375380 770988054 474600035 412337282 457964739 627745048 162116902 550878876 112660932 820024920 234407062 476013206 708628444 224903466 90127511 965370341 993129232 110740771 450228047 217714238 757526437 36402201 279700771 81434006 786108960 800532512 836464311 19879458 116602695 75556237 636814577 166302807 51572765 359983862 262059254 469533929 881755113 204187440 128798762 250456782 648159279 564834638 79143475 816457020 209624756 618273959 241489653 219439014 611795325 827526864 927169687 806818242 646711504 266563485 346881915 967265157 104368944 689594147 811897929 190780708 804679012 551923128 641736164 737662740 246531695 39662064 913442673 872368137 362208664 167864480 586616407 432634618 41904739 971281630 791363129 661535514 227912853 16498174 225366268 677892575 15195700 528647574 466085575 617299711 127787907 855194490 312440828 215044205 889037065 645622719 185314627 301890655 466919818 345152187 206255999 505561418 99128842 507777794 39333846 539149794 57647568 339180394 745926060 579944222 237899873 296962311 825809576 191557169 802139520 926333742 173018284 108525202 876099891 896086901 687364576 613941748 744268736 302248880 759218343 952980045 77213611 668250101 584005542 947060178 755294136 526517912 879080388 608987384 892587758 925705262 430992932 434053236 518461586 51958669 351114283 96856891 150498855 924505545 535738239 571471490 92886387 94537783 785959941 134705085 842934396 301216365 584587234 371347107 2191749 556804159 425569658 402673447 29606677 547845571 971326835 829441407 120059376 497164621 771245745 404117024 639973659 869428594 616129114 209872831 425266140 808346888 467378643 486358353 677060022 602319139 160767680 205717003 677702768 534228249 151905543 96195938 760794125 766184574 418500301 28883722 944682708 895332647 405947510 155781370 125898569 639105834 857120936 786918757 362927665 491628763 413526087 99577537 626095249 257997520 240647290 805915588 130412975 866746845 942878883 102267233 317549838 512577815 56445546 16408269 571880565 773225428 750531506 51240319 399129576 574876584 691938465 184476459 483293100 974367849 152868763 108876742 625957958 278722602 368705862 283319172 517254267 938954051 379633287 322647259 161277264 250526790 447903874 165358721 649357835 316241419 57197725 620798313 720872496 86139812 15996541 450010825 252031363 758387304 888999430 331172886 69752331 812052971 610647902 611072773 492798988 901926915 389821161 521841034 883754508 751491780 140151118 230075868 16071374 297034371 322374511 503247982 722164056 618615254 251703924 671512567 47841520 463494545 997303744 81966954 662418714 707055306 398812921 649933821 300256155 132632277 752116739 931886373 761049720 471117639 47983364 373857431 397038070 964056054 4928609 579403336 209580186 18621174 351555774 936884845 190124842 185531549 230589185 139813754 784594601 673274750 173856334 823583782 922190942 57424497 657392140 159761252 199605709 166466185 97570269 822545002 651297467 303430939 213114281 107977902 587535149 420153788 18333075 609971683 559076201 271064642 168648705 442099711 351790066 877192897 436560791 805859639 472217487 111746447 800729403 570457599 491152707 476592448 822750738 516527374 317889621 696663209 637496192 332194135 866305097 217200864 663398187 915573265 348444900 531379002 745374968 975624367 732536364 650305866 561280267 62466279 208688740 960972007 888787914 103556270 565708307 345609254 335495129 443791929 386515965 432157530 756924447 104233981 465193766 240325915 991677374 522780335 416450773 641773627 122226718 639412036 700554895 502046673 135781602 888681200 259539479 221654833 171870192 402103594 188730227 393687025 986435436 509036965 754911465 561500133 817315260 17016919 41335549 923889443 966419333 960021877 389309043 720934399 16050091 311573364 572332114 416232206 717861716 952389897 967880158 641065254 589073381 460370217 497125021 578348379 994338562 540627208 985387090 583763714 850275985 619397661 360699140 427220401 305318582 738409499 578002678 404121916 777778135 754661113 667575471 65310137 903241881 125565162 935373043 581358972 205940704 696266852 904662727 923459355 773662419 455858204 522403697 658038121 959999700 130116871 100599924 773537662 546354571 862588506 174924695 802362028 916306651 720394121 93603549 199630986 875704041 503470667 446410893 654723309 680857115 194991252 902334763 618240488 798540566 369538200 572838268 121219027 488023231 449887437 795158149 704346432 173591610 685881320 93086604 975870214 712462573 198314718 86302228 935342137 879478396 724776676 845834724 628018735 772154061 157662575 914511104 824063612 910207493 887271988 523108269 566454518 618778249 146472743 346353776 549861297 982321405 467246207 28898830 435727106 920421958 216702127 252364684 383041407 424590731 19796589 234928688 4291580 909269039 997818030 665943934 909007758 206260183 335210151 765013306 560654731 120950377 849505741 329419627 493636487 252469770 497443285 240321621 768616792 486443807 512285876 865279614 549669650 229129804 966157983 704103081 242993930 181427319 255925258 324090844 194558422 343239364 472201643 573446493 487701578 248901273 667517048 246104752 344256892 979184027 172032932 74468250 471188672 319599022 566042789 494431776 91136427 720852216 122743088 100244103 104327699 564890590 400349498 209530196 278010892 354871044 908646647 450003277 584751084 42756432 70575326 728434549 422206535 505574375 62278562 488355091 585247730 796556845 927781946 741368235 690659843 188863944 665199577 787232002 668445646 134485660 491059189 574640925 738097384 965837007 686124099 456812610 854604071 187051206 995392696 975497972 841284255 185417510 671309705 881401850 668204454 811662035 949861675 139947095 203972304 391913714 655621715 946749778 535854323 808234218 90404341 876636271 88389923 73366110 884242760 504077683 919571125 462097715 208221119 804406884 176797502 319427471 635505936 742352261 233364628 343481303 462528816 452437853 232252108 386898608 179162708 342692527 536696378 456215806 268089585 428787330 212900211 601452519 414312380 763756058 83953484 837453519 751016873 277720316 187274971 57366364 616532463 44780782 314256757 661729139 41286657 805499891 743123117 994232121 407712662 389057106 740661339 512239378 597451425 992034446 414381713 588799395 4516184 619712878 103114150 912607186 750246448 633634806 1593902 152809668 355338718 353059691 344982271 96601054 48954711 174906195 735493421 525740228 150636495 424633201 921459214 158664540 59886781 332346316 324445493 758130635 404085204 480056999 542314618 566589045 18918667 587055753 555078639 369992192 503546517 685687862 170833387 324192592 875864808 85202611 72390403 517174155 199005369 410078022 453927947 282161686 853820669 682295154 795832344 686551701 
2 374
2 350
2 669
2 990
2 534
2 73
2 933
2 21
2 983
2 662
2 865
2 907
2 785
2 302
2 554
2 335
2 387
2 601
2 456
2 58
2 934
2 862
2 362
2 755
2 321
2 22
2 968
2 619
2 741
2 760
2 731
2 930
2 305
2 133
2 995
2 503
2 814
2 260
2 15
2 882
2 428
2 646
2 800
2 781
2 274
2 283
2 190
2 565
2 377
2 410
2 840
2 813
2 776
2 107
2 22
2 339
2 344
2 624
2 17
2 799
2 216
2 838
2 921
2 874
2 241
2 24
2 69
2 356
2 730
2 876
2 54
2 676
2 445
2 690
2 331
2 923
2 447
2 91
2 565
2 664
2 450
2 847
2 964
1 937 125554260
2 954
2 698
2 274
2 599
2 417
2 93
2 139
2 8
2 454
2 959
2 61
2 742
2 360
2 513
2 314
2 950
2 744
2 706
2 335
2 747
2 685
2 796
2 590
2 234
2 64
2 764
2 207
1 784 132244694
2 496
2 604
2 927
2 872
2 954
2 219
2 382
2 273
2 159
2 55
2 555
2 907
2 119
2 616
2 223
2 500
2 425
2 381
2 858
2 503
2 278
2 383
2 387
2 10
2 878
2 45
2 699
2 894
2 912
2 592
2 657
2 978
2 676
2 232
2 934
2 119
2 124
2 276
2 130
2 84
2 853
2 644
2 916
2 866
2 106
2 305
2 84
2 984
2 472
2 611
2 651
2 927
2 322
2 153
2 73
1 361 949980959
2 953
2 471
2 773
2 613
2 339
2 624
2 217
2 38
2 132
2 876
2 97
2 709
2 821
2 905
2 413
2 826
2 149
2 887
2 172
2 60
2 45
2 231
2 223
2 556
2 869
2 425
2 77
2 114
2 268
2 36
2 223
2 453
2 602
2 457
2 20
2 365
2 25
2 47
2 653
2 811
2 190
2 63
2 121
2 55
2 275
2 632
2 721
2 408
2 728
2 603
2 501
2 431
2 525
2 448
2 276
2 747
2 641
2 814
2 271
2 13
2 132
2 213
2 685
2 436
2 407
2 231
2 431
2 913
2 370
2 665
2 365
2 20
2 228
2 214
2 206
2 116
2 198
2 108
2 186
2 226
2 671
2 211
2 674
1 545 952174093
2 550
2 274
2 835
2 845
2 205
2 767
2 440
2 172
2 441
2 970
2 453
2 93
2 457
2 467
2 243
2 817
2 814
2 204
2 849
2 288
2 256
2 971
2 40
2 425
2 510
2 56
2 479
2 925
2 368
2 980
1 591 216593439
2 712
2 341
2 988
2 45
2 661
2 444
2 783
2 896
2 745
2 53
1 506 506637927
2 909
2 704
2 494
2 508
2 462
2 162
2 786
2 847
2 633
2 248
2 782
2 570
2 262
2 58
2 424
2 278
2 911
2 817
2 120
2 98
2 801
2 349
2 927
2 55
2 943
2 501
2 21
2 68
2 855
2 538
2 505
2 962
2 793
2 851
2 540
2 673
2 726
2 785
2 381
2 384
2 726
2 612
2 197
2 496
2 872
2 763
2 995
2 768
2 412
2 158
2 304
2 865
2 292
2 454
2 404
2 731
2 382
2 907
2 110
2 541
2 474
2 124
2 327
2 191
2 17
2 810
2 798
2 962
2 682
2 29
2 796
2 278
2 694
2 84
2 592
2 786
2 549
2 727
2 203
2 223
2 14
2 799
2 236
2 844
2 690
2 324
2 740
2 226
2 600
2 597
2 163
2 577
2 305
2 987
2 360
2 8
2 237
2 469
2 764
2 280
2 395
2 220
2 230
2 128
2 571
2 552
2 591
2 624
2 398
2 496
2 526
2 810
2 148
2 620
2 612
2 252
2 204
2 341
2 249
2 726
2 343
2 267
2 260
2 209
2 245
2 669
2 934
2 693
2 789
2 804
2 694
2 761
2 119
2 992
2 189
2 933
2 964
2 296
2 42
1 752 30741835
2 600
2 197
2 234
2 937
2 69
2 536
2 205
2 151
2 593
2 692
2 916
1 426 114585883
2 261
2 105
2 797
2 796
2 508
2 439
2 589
2 856
2 591
2 500
2 854
2 519
2 815
2 335
2 351
2 433
2 348
2 177
2 537
2 421
2 325
2 906
2 443
2 860
2 226
2 529
2 438
2 349
2 796
2 942
2 610
2 97
2 771
2 242
2 46
2 143
2 886
2 93
2 402
2 208
2 174
2 46
2 367
2 84
2 867
2 758
2 573
2 634
2 308
2 396
2 195
2 187
2 289
2 249
2 122
2 438
2 523
2 285
2 913
2 532
2 42
2 63
2 321
2 260
2 581
2 215
2 506
2 143
2 645
2 735
2 435
2 500
2 465
2 180
2 997
2 948
2 994
2 465
2 551
2 535
2 151
2 564
2 537
2 644
2 154
2 701
2 277
2 644
2 592
2 261
2 521
2 198
2 747
2 507
2 581
2 187
2 499
2 777
2 938
2 698
2 759
2 756
2 64
2 204
2 616
2 38
2 254
2 729
2 766
2 175
2 244
2 128
2 575
2 727
2 20
2 1
2 430
2 901
1 584 923662779
2 505
2 176
2 314
2 32
2 830
2 214
2 171
2 590
2 556
2 557
2 439
2 465
2 625
2 807
2 743
2 202
2 981
2 105
2 418
2 137
2 634
2 926
2 545
2 605
2 341
2 595
2 108
2 614
2 793
2 699
2 42
2 254
2 147
2 284
2 291
2 362
2 310
2 886
2 808
1 892 311220869
2 995
2 431
2 487
2 269
2 392
2 123
2 573
2 704
2 970
2 151
2 612
2 213
2 160
2 784
2 284
2 317
2 259
2 329
2 28
2 696
2 555
2 80
2 821
2 957
2 383
2 357
2 950
2 197
2 384
2 833
2 368
2 583
2 253
2 860
2 707
2 860
1 806 366835639
2 688
2 718
2 387
2 281
2 852
2 293
2 768
2 47
2 212
2 314
2 797
2 933
2 320
2 645
2 73
2 894
2 103
2 749
2 509
2 992
2 850
2 891
2 769
2 779
2 352
2 550
2 348
2 992
2 353
2 935
1 529 889364206
2 899
2 451
2 3
2 4
2 295
2 235
2 746
2 531
2 834
2 315
2 947
2 495
2 459
2 413
2 839
2 216
2 867
2 894
2 741
2 597
2 169
2 625
2 526
2 231
2 975
2 948
2 577
2 157
2 674
2 151
2 919
2 560
2 996
2 595
2 327
2 903
2 557
2 440
2 282
2 563
2 756
2 197
2 904
2 211
2 514
2 491
2 368
2 808
2 807
2 49
2 715
2 602
2 298
2 312
2 432
2 432
2 867
1 104 487221559
2 623
2 479
2 650
2 218
2 939
2 766
2 72
2 129
2 414
2 351
2 282
2 198
2 897
2 218
2 55
2 649
2 955
2 831
2 24
2 713
2 453
2 637
2 37
2 511
2 302
2 500
2 813
2 442
2 463
2 893
2 705
2 251
2 967
2 496
2 904
2 137
2 927
2 732
2 403
2 549
2 295
2 226
2 817
2 750
2 126
2 297
2 899
2 766
2 557
2 738
2 961
2 2
2 147
2 180
2 618
2 268
2 769
2 288
2 78
2 924
1 719 412299926
2 640
2 235
2 50
2 531
2 881
2 540
2 917
2 923
2 985
2 174
2 139
2 400
2 167
2 248
2 59
2 289
2 444
2 210
2 807
2 391
2 160
2 894
2 644
2 618
2 729
2 641
2 508
2 281
2 362
2 302
2 279
2 69
2 809
2 867
2 932
2 861
2 791
2 960
2 684
2 794
2 587
2 758
1 405 247746295
2 866
2 548
2 3
2 677
2 394
2 342
2 291
1 891 133867053
2 879
2 684
2 318
2 466
2 357
2 796
2 730
2 422
2 874
2 485
2 945
2 606
2 574
2 566
2 843
2 483
2 904
2 544
2 88
2 652
2 728
2 811
2 983
2 970
2 272
2 534
2 344
2 436
2 941
2 10
2 716
2 443
2 922
2 390
2 971
2 767
2 477
2 59
2 652
2 599
2 742
2 752
2 264
2 444
2 886
2 110
2 614
2 229
2 277
2 133
2 559
2 419
2 770
2 492
2 571
2 613
2 166
2 739
2 593
2 204
2 624
2 996
2 969
2 983
2 729
2 396
2 492
2 79
2 64
2 14
2 146
2 484
2 366
2 735
2 634
2 861
2 99
2 594
2 493
2 587
2 182
2 349
2 474
2 629
2 952
2 680
2 146
2 660
2 24
2 109
2 141
2 799
2 631
2 153
2 674
2 399
2 204
2 999
2 754
2 156
2 624
2 956
2 108
2 757
2 778
2 563
2 209
2 667
2 339
2 738
2 128
2 781
2 347
2 169
2 122
2 668
2 281
2 945
2 278
2 839
2 374
2 682
2 709
2 455
2 545
2 243
2 551
2 307
2 459
2 309
2 291
2 236
2 788
2 7
2 250
2 762
2 618
2 290
2 771
2 124
2 920
2 37
2 999
2 339
2 636
2 713
2 69
2 862
2 711
2 662
2 614
2 966
2 624
2 187
2 746
2 450
2 120
