1000 1000
105 100
927 925
722 719
707 705
822 817
782 778
381 376
313 308
923 922
310 305
593 590
30 27
464 463
365 363
72 68
489 485
340 337
430 426
809 805
359 354
132 127
267 264
700 699
290 289
218 213
753 749
848 845
440 438
439 438
363 361
185 184
407 404
323 319
766 762
411 407
94 91
585 580
800 795
969 965
852 850
261 258
289 288
134 129
931 927
181 178
342 337
497 496
777 774
884 880
549 544
287 282
466 463
372 371
378 376
157 156
128 127
592 589
963 959
176 171
699 698
913 909
662 658
764 763
750 746
437 433
545 541
48 47
230 226
747 745
418 415
16 15
429 425
655 654
220 218
130 129
941 938
207 205
962 961
237 234
584 583
477 473
626 624
276 274
225 223
821 816
520 516
140 139
642 640
926 924
974 973
398 396
687 685
796 792
164 163
737 733
201 197
156 152
981 978
599 594
84 83
682 679
902 901
524 520
454 451
425 424
208 207
539 538
870 865
349 344
292 288
370 367
451 446
859 854
40 37
912 909
351 346
85 84
409 404
318 313
22 21
131 126
212 209
946 943
293 289
150 146
492 489
914 913
701 696
595 592
404 401
522 520
282 279
369 366
851 850
529 528
193 192
828 826
630 626
205 204
583 582
957 956
358 356
512 507
558 557
88 87
18 17
862 858
146 143
816 815
967 963
227 224
241 236
416 414
158 154
654 652
107 106
752 751
925 923
419 415
830 826
755 754
657 655
952 951
703 698
760 757
120 118
603 602
921 919
467 462
273 268
531 526
731 729
819 815
309 305
199 196
854 853
362 359
491 488
612 609
762 759
224 219
58 53
617 614
468 464
798 796
842 838
471 468
47 45
770 765
252 251
688 685
629 628
145 142
673 668
52 51
883 879
6 4
73 69
56 51
945 941
306 302
373 371
368 364
366 364
55 52
396 391
364 363
149 146
110 107
686 681
684 682
93 91
769 765
346 345
135 130
724 719
849 845
249 245
998 996
525 522
636 634
474 470
973 970
744 739
233 230
19 16
269 266
37 32
643 640
165 163
621 617
582 581
388 384
401 399
502 499
897 892
887 886
415 413
209 208
528 525
216 212
788 784
839 836
953 952
12 8
408 403
1000 997
459 457
279 274
718 716
616 611
27 22
970 965
911 908
298 295
393 391
485 481
659 655
162 160
591 588
488 485
795 794
138 134
536 533
77 73
189 185
675 674
226 223
678 675
685 683
344 343
391 389
543 540
124 121
394 393
541 536
508 507
562 557
933 932
829 826
894 892
888 885
129 126
495 494
75 71
333 329
13 8
204 202
559 558
278 274
245 243
534 531
174 173
843 839
858 857
125 124
561 558
80 75
514 513
669 664
550 548
741 737
903 899
59 56
247 242
251 250
260 257
121 120
566 562
285 282
151 147
389 384
878 874
143 139
480 475
570 566
683 682
101 96
8 7
784 782
661 658
932 928
783 781
435 430
597 596
540 539
167 164
624 620
804 803
644 642
82 81
41 39
853 851
799 798
280 276
670 668
975 971
63 58
993 992
647 643
787 782
899 897
879 875
726 724
426 424
605 601
719 714
565 563
695 691
243 240
702 701
482 479
50 46
553 552
577 573
978 977
710 705
625 621
325 323
847 842
929 926
379 378
314 312
951 947
441 437
992 991
997 995
386 385
83 82
493 492
988 985
961 960
906 902
588 583
835 833
100 98
594 592
836 832
447 442
960 955
97 94
307 305
880 877
860 856
573 571
590 586
262 260
773 771
104 102
676 675
706 705
576 571
972 967
811 809
690 685
563 561
203 202
166 165
513 512
749 745
458 456
938 937
778 776
982 977
523 518
200 195
152 150
294 289
609 605
155 151
266 265
350 347
820 816
730 729
81 77
431 428
123 122
568 564
564 560
985 980
610 605
868 866
67 63
414 411
258 257
240 237
920 915
556 554
424 423
840 836
470 466
479 474
650 646
232 229
197 196
841 839
270 265
735 731
330 327
915 913
560 555
106 101
496 491
694 690
873 871
995 994
275 274
286 281
494 492
793 792
627 626
965 963
436 431
598 597
376 372
733 728
780 778
581 576
180 176
223 221
354 349
814 812
947 945
554 552
817 812
277 276
433 428
908 905
633 628
509 506
112 110
65 64
983 978
460 458
137 136
940 939
191 188
917 912
469 468
729 728
866 861
352 351
355 350
693 692
300 299
148 143
671 670
163 160
589 587
392 388
214 213
403 398
574 571
442 439
453 449
667 664
924 921
486 485
434 429
663 661
438 437
639 634
833 831
876 871
86 84
321 317
136 134
721 719
71 70
228 225
791 790
754 753
60 56
187 185
826 821
732 727
968 967
689 687
872 869
728 726
547 544
586 585
169 168
178 176
89 84
758 753
32 28
767 765
410 405
904 901
465 461
652 651
257 255
571 566
815 811
283 281
660 655
217 212
763 758
406 401
504 502
452 450
838 834
901 898
806 804
445 440
602 598
498 495
738 737
115 111
338 336
587 584
533 529
103 99
17 14
831 827
664 662
517 514
668 663
360 357
708 706
608 604
832 828
332 329
802 801
302 298
896 891
387 383
395 394
61 56
331 328
335 331
113 111
776 775
606 604
672 668
7 3
715 712
789 784
380 377
834 831
254 252
417 415
742 738
87 84
680 676
221 219
268 263
336 333
645 641
651 648
311 306
665 662
25 20
898 896
977 972
96 91
14 12
510 506
658 656
444 441
427 425
772 770
98 94
810 809
713 711
613 611
614 611
537 536
117 115
475 473
555 553
827 823
413 411
274 270
147 142
194 191
934 932
893 892
704 701
991 986
422 419
885 881
649 645
99 98
937 934
337 335
987 983
320 315
305 300
807 805
768 764
20 19
936 932
367 365
812 807
24 23
153 148
944 942
958 955
472 469
4 3
171 168
29 25
53 49
705 702
918 915
248 245
622 621
875 874
506 502
462 457
916 912
448 446
971 966
329 328
92 90
234 229
596 593
2 1
361 360
864 860
255 250
141 139
511 509
168 163
348 345
192 191
315 311
79 78
986 984
999 996
211 206
641 636
740 735
68 64
712 711
696 692
383 380
891 888
892 889
66 65
501 496
190 185
632 629
530 529
481 480
206 203
846 844
62 58
984 983
397 395
244 240
188 186
532 531
580 576
698 695
527 526
231 226
692 687
272 267
271 268
345 342
154 153
569 565
759 755
790 786
23 18
503 502
334 329
449 447
118 116
656 653
823 820
881 877
90 86
284 283
142 140
390 389
548 543
54 52
727 726
196 194
412 411
116 113
634 630
620 619
976 974
102 100
253 251
347 346
905 903
76 74
837 834
857 853
385 381
183 182
824 822
557 553
184 181
979 977
697 694
845 841
611 608
716 713
198 197
3 1
653 650
781 780
871 867
801 800
215 211
377 375
463 461
478 473
631 629
374 371
357 355
295 292
919 915
964 960
855 850
844 843
45 44
95 91
618 616
867 862
236 232
720 719
483 481
111 106
28 27
186 181
299 297
615 610
446 442
955 950
455 450
607 603
456 454
312 309
57 56
954 949
457 454
328 325
126 125
43 40
775 770
291 286
91 88
674 673
34 33
990 986
542 540
324 320
691 688
210 206
956 951
949 946
316 311
640 636
327 326
604 601
507 504
882 879
779 777
36 31
490 489
803 798
38 33
172 168
623 620
15 14
246 241
308 303
222 218
353 351
500 498
341 339
601 597
35 32
515 512
786 781
546 541
33 31
476 472
526 525
928 923
725 721
797 795
677 674
297 293
64 63
238 236
288 283
70 68
794 791
219 218
39 35
304 302
771 769
980 976
399 398
265 261
10 9
638 636
5 4
326 321
250 248
195 193
450 449
301 296
173 169
518 513
579 574
757 756
259 256
572 570
711 708
108 105
281 279
869 865
139 134
432 431
499 496
950 945
521 516
761 759
861 858
966 962
127 125
628 623
746 741
179 177
736 732
637 635
552 550
895 891
159 158
505 501
109 104
805 802
487 484
317 316
808 807
175 174
666 664
578 573
717 713
874 871
239 234
42 41
714 712
473 471
877 872
745 743
865 863
734 730
375 372
21 16
551 547
119 114
813 812
182 181
46 41
322 318
122 121
202 197
256 251
484 479
421 418
114 112
31 29
229 225
600 598
519 514
748 747
886 885
959 958
850 849
681 679
785 784
907 904
935 932
402 399
384 383
428 427
213 212
567 562
756 752
242 239
648 644
996 991
538 535
264 262
400 397
723 720
575 571
994 991
989 984
235 231
144 141
743 741
909 904
863 859
939 935
443 440
9 7
177 176
343 341
516 511
69 66
319 316
303 299
930 925
900 898
765 760
825 823
133 129
635 631
51 47
49 47
296 292
942 941
922 918
943 940
535 530
679 675
910 907
263 260
619 615
646 641
11 8
709 707
544 542
856 854
405 401
751 749
339 336
420 418
44 42
948 943
423 420
74 71
890 886
170 166
160 156
774 773
371 368
356 355
792 788
818 816
161 159
889 886
739 735
461 458
26 23
382 377
78 73
463110250 454718388 878485203 172305813 304352306 959011454 722817891 747886223 23282282 86311499 198892779 621444890 661943984 387146183 22446631 538644226 180674786 417637855 697358869 269397077 750761243 712880064 14642673 651136864 431087033 773773528 112699193 323689648 438592858 170524883 124597673 739962129 905743065 883616158 531227455 801728401 518138709 344430951 78357048 437468541 845271593 793618073 510327055 904769122 597465332 190450147 990835844 90171405 76756881 659151410 878554002 513949834 529130015 761467057 505103222 809700391 407876345 367851215 766673838 354093937 764575934 123738168 44680694 240430389 879997513 356103386 747966540 151680639 801862841 597205216 942131437 313717917 406781801 961372345 255346773 55813916 520905720 591659281 560648513 542928841 945002562 147488982 730247343 802636464 215206499 243219251 565332444 940601887 131282618 360573335 352697412 506399907 330989027 957120942 669616548 743567625 563411642 523029350 569248762 309431389 79420510 848922347 554336131 47066605 648161323 295391402 331493563 749359431 941904317 902296400 774847072 733439029 584406259 411393994 977622382 932237511 753274857 928595782 696227106 34520392 541778172 351757104 687860475 478939206 518601417 42967862 921985203 115446414 488593452 281274179 450223177 96635693 160285764 508945286 635701242 289103727 781691501 268776555 504924226 856062690 648741444 478177952 786743775 144875859 882863014 589462288 872767949 890538191 985260208 785929962 719586122 111181730 825906111 309670298 176221650 897653850 716309359 254935246 884385571 226527172 572791455 956586610 696335674 771368173 705294955 761479346 150768210 541609762 381365808 211828222 376496875 246285807 611381131 771571968 982366656 620467490 254850649 841731751 829487566 576094920 636517047 438197279 625401427 131368237 488498946 903834325 667257035 137943263 731392983 948741239 184299252 604303020 511966739 54493425 421969099 6116766 502826708 866144368 800822412 870823685 779049845 535428961 11887284 933748844 115686292 138229362 254803969 906035106 731261710 622697103 976218992 98693297 475126784 510632677 986376253 553182697 322643655 132165345 125508069 77170134 662562304 998009393 834620966 96010564 494921865 593842369 789630205 136538945 938030973 447369918 502274214 339041562 603672122 739879574 769085854 346297435 392552029 403609845 34370212 554424018 820609475 165722312 161895090 520629388 30829194 971602236 702246151 657314774 957334285 50928063 1612064 774696765 959543786 263487996 781763257 664560525 511065599 462450146 835280848 464288724 971841127 912226718 881052833 791207775 231384704 891313563 318504874 670684091 68778472 750431880 66061223 339256500 682499706 658653522 819057046 836557912 563971156 881980708 221520051 558867188 12534228 801422701 997659772 560018197 198721429 715802585 88847533 740509575 209714806 532322389 871170884 963730777 334764946 663922446 631730813 779722710 72277576 490031730 656298710 728432779 204487731 168222509 904287500 564380487 162472753 896889900 566148634 619974677 183545696 772234909 27253568 710691139 921491740 764562412 517578745 992174942 642734337 906377158 670155778 337126195 605152750 112729624 154680665 816260558 448924414 890590992 18303035 659590269 357344144 502271770 597396772 632459469 868799807 793763043 658880209 611999371 782003178 966115160 914033728 693143491 663771053 69660071 813829806 251211459 184684260 293805884 627555223 179498520 8475182 439482308 5685944 327450767 983209575 190742828 774447631 917854516 360182955 433339298 809696217 473694550 957032025 995522962 499920530 31962752 760066317 475128233 227413752 815412863 932312228 323790549 188448263 313333602 458382138 864557122 66662140 96924020 940458286 117519709 633067861 526741827 632394012 737803219 258619087 17525148 723881953 834113426 842529638 989361036 4402842 44661446 216580952 88009823 789264035 300151260 379443489 456629667 742761883 738874753 401495423 336335141 694682974 717151395 259996526 107390706 314437641 512742510 619188268 410964310 400872953 393678927 938816821 27039967 943187403 479447027 565789255 252293722 816545884 762111816 231116126 922303188 646613705 563404922 694179000 419706266 722392175 720842742 373087442 525827640 250200299 37270634 221664359 800041084 87688218 697497794 491286135 282069619 513347097 420481579 497826877 768956521 188307781 88291858 393571126 988176621 28884027 508388901 454028064 411798730 85842904 720322639 47582200 686016269 957771065 398899904 815704057 292665605 722437563 498315746 424232867 209205821 687894267 385227876 242462129 365952644 832385750 814125361 423243552 562697701 73238377 699203449 489633582 767587501 150693649 391110310 130484056 617711979 930926700 355219559 694456154 71467754 370698837 268598952 42116914 733927480 831841258 516480406 282441500 572993186 319205512 619032478 472710549 82486708 825641420 630821230 939335003 517145404 382995348 867017714 8443755 331576647 983290875 24369752 446212865 477444130 956824927 263532555 238258587 981812314 953857630 587946682 57487093 201310395 786236371 267656273 791876877 909527123 845102812 99670269 59063839 177793647 888684247 833096492 731352233 502161052 18465631 567733642 35338087 94084774 875800658 525532420 278362455 991167131 65984974 970923208 668655541 55021768 919665710 211176513 759726079 291973562 189510160 472032030 780178417 862882877 545287250 978535755 870141321 375374688 83226639 462218998 868495107 292915822 967450278 470808203 310021853 293014260 432587186 235784375 960111571 403545281 912530706 585166951 886252259 244155872 650926817 359680712 10052938 446942367 562950014 393635144 512009860 365915019 309069188 752451475 778167886 72000881 659069906 30958487 706419366 244255069 933078916 220298111 946313160 279467677 876687862 179919290 617231410 95148734 545095879 426560756 731579553 734605709 704734162 385121307 776233489 659290390 558880566 961134170 841363903 443084199 513412431 97465632 850971945 758256589 962460345 180893722 70964748 770643541 118611027 531769139 198416484 481560651 673587513 839692442 384187503 683679998 934003911 687276731 908776105 200675321 268597404 356719171 850193871 437725449 730175124 300047904 543526111 895069245 195358924 888873853 601160982 382005728 764208032 922255817 990282224 457556096 826939823 984527537 860948779 313107690 530256853 744301088 89543363 178208299 199549743 471507525 480785654 14078863 658358554 809211276 885843008 203726500 969536819 308396195 331750239 629559607 686943062 956832373 551510351 861111637 601837474 963716657 809373518 126911306 739587187 493371715 66840280 578274724 571433062 255716697 439307179 524145968 951195736 70176863 615921091 177688315 598090598 698911362 746297182 60771922 876743917 514121775 220396792 246735553 69937802 464277523 288077135 863117334 28936730 957930780 490724704 746101854 523049914 613023350 806125159 675291109 849770951 311821199 702056417 302292794 359029982 276696082 305482636 98861352 34450908 231822830 744416100 735684797 473329630 435367759 292747175 938154821 41316929 890724002 222362322 780902991 708245154 427081365 227268513 26955174 793466591 119870484 479487761 544956760 802473747 805160012 87859296 962444209 765714844 101353643 35855115 698134336 353855255 114444508 670244046 4978384 745369185 105023694 1728934 846309231 394905239 112625326 36546002 931979370 626842391 268578535 174537676 409719629 70969212 800338472 547155027 187986406 952854436 680304989 678662756 218294851 45944748 653716915 114440507 542932142 162448370 3531416 377526870 122486711 860476689 611614136 917294449 696048169 146364903 941822720 645207178 526018834 92683666 671176349 895623645 177703871 412024685 59242237 992757223 607263165 103133974 182084300 195858279 801478360 834924651 651919607 980630871 53609758 945382791 636412587 385278711 921469148 397189320 512518486 5350850 609681055 408634060 561115300 737205109 281889075 840916078 295936130 961329678 836337063 454330573 568580381 55874505 741468998 111628100 76688099 279529764 854892957 12443506 314878592 942304987 931986555 432354610 487015137 131703788 331427307 30593187 668930356 963659155 963453499 265382432 552328933 600256846 866470904 10351176 78863265 568777946 882188271 454172150 599210837 647668275 525986092 328006217 132007471 214648214 512571133 992777884 482735771 315557761 900689647 787501198 513308998 775976625 517036751 929971195 722698525 733847074 533369001 75826943 429187918 622896401 859960011 633696249 794874693 781461244 24313282 147072901 619418287 399810976 922663003 949162111 863657850 302409465 414361506 144666630 432175569 365937988 509150950 454948214 4166691 608640256 562332594 400497771 473323805 55636199 380576212 830478532 243138474 531145720 745931096 457203357 830576377 426275696 889255052 446447699 109129334 955249355 584445437 614080131 930427854 828392391 76096120 759396361 228383471 576258656 540535562 157985796 770771461 912282836 283379455 831426000 798248829 609512863 883544037 34131722 112865796 210923903 25092489 2097551 458248328 349112176 983180280 656298364 988978229 96819376 313924990 720081198 486846584 190066875 934165674 747855681 876517631 749326671 751628359 802025108 539942837 754397288 310000994 755307587 142515401 186838596 531197770 577327531 444247207 994520927 264459658 20235881 785459197 598441591 392021488 977625690 989516727 392221833 583131785 152362907 382144770 404973776 121951649 809817225 429034315 934357196 231580103 115450817 232665664 227116600 986203590 187593760 564086733 973823249 740027564 65915076 462252575 179243413 464036293 878587144 615593379 458918465 942189728 762030730 413532935 891640785 202656520 181215015 830249783 827533122 845114635 616483580 487761760 881991122 135566069 658387558 636185327 866659582 317762901 664214530 379621266 840372866 986634998 882123437 298764085 5558875 722203878 138160517 187476997 517587655 269905010 
2 216
2 390
2 657
2 513
2 535
2 374
2 175
2 106
2 780
2 212
2 317
2 647
2 238
2 57
2 989
2 223
2 197
2 718
2 253
2 626
2 601
2 865
2 927
2 280
2 138
2 364
2 457
2 426
2 769
2 526
2 445
2 750
2 396
2 399
2 914
2 373
2 212
2 790
2 136
2 879
2 33
2 141
2 711
2 469
2 300
2 595
2 502
2 909
1 448 434010555
2 533
2 577
2 771
2 491
2 697
2 643
2 875
2 727
2 832
2 876
2 372
2 38
2 963
2 778
2 780
2 614
2 779
2 687
2 493
2 569
2 646
2 562
2 69
2 750
2 966
2 995
2 534
2 605
2 450
2 826
2 878
2 62
2 265
2 198
2 735
2 753
2 645
2 289
2 912
2 486
2 197
2 547
2 369
2 165
2 793
2 610
2 594
2 382
2 1
2 279
2 139
2 985
2 389
2 882
2 972
2 607
2 45
2 356
2 693
2 614
2 585
2 971
2 414
2 399
2 313
2 424
2 295
2 283
2 733
2 292
2 496
2 240
2 718
2 102
2 298
2 712
2 130
2 349
2 619
2 2
2 674
2 827
2 965
2 318
2 599
2 479
2 718
2 691
2 368
2 801
2 40
2 899
2 548
2 448
2 106
2 205
2 957
2 294
2 131
2 545
2 194
2 922
2 357
2 991
2 514
2 44
2 399
2 495
2 199
2 605
2 353
2 297
2 552
2 203
2 211
2 414
2 429
2 751
2 181
2 28
2 902
2 193
2 607
2 636
2 948
2 226
2 825
2 855
2 757
2 976
2 211
2 371
2 394
2 205
2 166
2 890
2 523
2 31
2 24
2 923
2 729
2 568
2 218
2 197
2 290
2 951
2 421
2 978
2 864
2 588
2 919
2 433
2 849
2 118
2 866
2 154
2 583
2 335
2 501
2 837
2 665
2 878
2 431
2 722
2 838
2 307
2 938
2 105
2 96
2 734
2 317
2 810
2 430
2 384
2 536
2 429
2 152
2 967
2 123
2 690
2 910
2 804
2 30
2 97
2 592
2 119
2 561
2 915
2 902
2 377
2 140
2 726
2 136
2 832
2 192
2 92
2 423
2 798
2 579
2 291
2 489
2 985
2 206
2 445
2 135
2 163
2 802
2 817
2 58
2 899
2 277
2 686
2 728
2 433
2 913
2 886
2 307
2 28
2 380
2 448
2 938
2 630
2 984
2 764
2 924
2 166
2 364
2 698
2 875
2 212
2 719
2 762
2 302
2 728
2 299
2 284
2 245
2 194
2 471
2 88
2 832
2 987
2 123
2 743
2 527
2 801
2 287
2 551
2 266
2 885
2 427
2 569
2 161
1 461 583308416
2 356
2 570
2 75
2 989
2 285
2 506
2 337
2 864
2 59
2 18
2 320
2 685
2 989
2 704
2 616
2 678
2 773
2 621
2 241
2 458
2 914
2 473
2 908
2 9
2 876
2 477
2 7
2 659
2 883
2 95
2 92
2 543
2 863
2 985
2 153
2 824
2 144
2 297
2 240
2 59
2 438
2 705
2 711
2 601
2 449
2 879
2 600
2 442
2 73
2 589
2 10
2 782
2 959
2 242
2 589
2 38
2 153
2 374
2 936
2 184
2 480
2 985
2 637
2 901
2 621
2 987
2 291
2 662
2 318
2 140
2 107
2 402
2 5
2 652
2 787
2 520
2 473
2 595
2 316
2 394
2 833
2 530
2 230
2 631
2 439
2 335
2 897
2 383
2 554
2 443
2 430
2 682
2 138
2 863
2 91
2 136
2 615
2 17
2 178
2 25
2 81
2 163
2 329
2 933
2 720
2 579
2 562
2 612
2 180
2 419
2 916
2 798
2 965
2 578
2 647
2 627
2 380
2 208
2 754
2 388
2 471
2 404
2 79
2 591
2 920
2 512
2 637
2 334
2 589
2 691
2 76
2 55
2 936
2 373
2 596
2 332
2 431
2 343
2 317
2 819
2 140
2 575
2 840
2 590
2 670
2 950
2 523
2 140
2 236
2 516
1 839 605284711
2 468
2 414
2 912
2 22
2 547
2 195
2 922
2 595
2 81
2 282
2 607
2 182
2 696
2 883
2 665
2 703
2 103
2 158
2 903
2 662
2 238
2 435
2 25
2 795
2 853
2 83
2 55
2 838
2 924
2 36
2 361
2 640
2 627
2 239
2 319
2 327
2 146
2 684
2 185
2 100
2 849
2 764
2 231
2 696
2 24
2 397
2 641
2 321
2 943
2 329
2 496
2 41
2 743
2 919
2 586
2 599
2 158
2 46
2 488
2 186
2 622
2 792
2 907
2 76
2 885
2 452
2 650
2 4
2 517
2 330
2 700
2 114
2 541
2 682
2 363
2 774
2 444
2 156
2 118
2 160
2 972
2 152
2 932
2 88
2 748
2 982
2 703
2 6
2 20
2 478
2 718
2 506
2 308
2 432
1 486 76380969
2 632
2 652
2 594
2 477
2 325
2 646
2 351
2 261
2 302
2 198
2 204
2 702
2 313
2 794
2 705
2 872
2 416
2 596
2 812
2 811
2 329
2 594
2 926
2 447
2 846
2 342
2 439
2 124
2 790
2 103
2 351
2 699
2 129
2 613
2 951
2 586
2 79
2 840
2 933
2 299
2 824
2 840
2 219
2 556
2 140
2 117
2 879
2 743
2 595
2 439
2 715
2 370
2 181
2 246
2 254
2 607
2 714
2 330
2 71
2 877
2 754
2 132
2 960
2 796
2 822
2 74
2 184
2 876
2 452
2 237
2 903
2 405
2 278
2 742
2 333
2 527
2 410
2 995
2 66
2 386
2 738
2 430
2 550
2 350
2 212
2 942
2 313
2 11
2 874
2 243
2 308
2 849
2 611
2 876
2 725
2 313
2 935
2 587
2 549
2 17
2 382
2 415
2 573
2 706
2 64
2 224
2 435
2 781
2 653
2 390
2 969
2 329
2 133
2 697
2 253
2 661
2 976
2 945
2 545
2 819
2 142
2 39
2 220
2 178
2 311
2 913
2 230
2 913
2 340
2 824
2 63
2 554
2 931
2 405
2 343
2 140
2 326
2 150
2 870
2 839
2 675
2 133
2 140
2 947
2 60
2 648
2 857
2 609
2 279
2 865
2 29
2 247
2 582
2 295
2 832
2 998
2 640
2 562
2 419
2 638
2 373
2 681
2 108
2 352
2 861
2 286
2 628
2 522
2 56
2 936
2 148
2 742
2 942
2 287
2 794
2 410
2 415
2 300
2 416
2 448
2 291
2 685
2 637
2 247
2 122
2 795
2 104
2 62
2 45
2 758
2 371
2 23
2 402
2 399
2 861
2 249
2 610
2 492
2 606
2 332
2 390
2 759
2 678
2 432
2 444
2 830
2 749
2 133
2 942
2 691
2 355
2 3
2 435
2 564
2 864
2 427
2 826
1 380 15916771
2 815
2 658
2 854
2 426
2 350
2 56
2 130
2 377
2 896
2 308
2 558
2 875
2 23
2 902
2 497
2 607
2 778
2 990
2 853
2 461
2 296
2 796
2 521
2 605
2 211
2 40
2 525
2 991
2 562
2 858
2 944
2 444
2 709
2 890
2 892
2 154
2 76
2 528
2 816
2 250
2 223
2 797
2 437
2 213
2 630
2 207
2 673
2 609
2 897
2 183
2 365
2 591
2 41
2 862
2 537
2 720
2 348
2 883
2 438
2 731
2 107
2 317
2 618
2 887
2 343
2 302
2 671
2 702
2 454
2 685
2 603
2 967
2 658
2 194
2 360
2 426
2 729
2 988
2 412
2 351
2 45
2 549
2 337
2 726
2 869
2 828
2 38
2 911
2 209
2 226
2 723
2 34
2 161
2 813
2 336
2 383
2 197
2 398
2 685
2 438
2 389
2 125
2 426
2 80
2 881
2 67
2 759
2 115
2 753
2 870
2 996
2 120
2 109
2 687
2 929
2 616
2 277
2 199
2 718
2 193
2 314
2 781
2 580
2 885
2 378
2 472
2 137
2 139
2 558
2 330
2 719
2 587
2 375
2 482
2 300
2 836
2 108
2 511
2 114
2 608
2 260
2 507
2 983
2 38
2 25
2 885
2 653
2 870
1 336 150708306
2 525
2 722
2 984
2 40
2 852
2 935
2 551
2 90
2 150
2 560
2 990
2 757
2 324
2 918
2 684
2 649
2 268
2 801
2 441
2 326
2 903
2 322
2 541
2 572
2 646
2 607
2 720
2 939
2 487
2 162
2 242
2 139
2 908
2 146
2 939
2 548
2 788
2 822
1 1 635567451
2 731
2 776
2 574
2 734
2 606
2 263
2 175
2 848
2 407
2 349
2 106
2 365
2 517
2 196
2 575
2 95
2 802
2 491
2 798
2 101
2 845
2 313
2 415
2 918
2 326
2 824
2 322
2 356
2 421
2 303
2 415
2 774
2 235
2 806
2 190
2 172
2 78
2 93
2 215
2 94
2 775
2 572
2 890
2 476
2 662
