1000 1000
854 852
950 948
945 943
138 137
634 633
704 703
673 672
193 191
600 599
161 160
441 440
771 770
949 948
96 95
392 390
6 5
707 705
122 121
635 634
209 207
864 862
251 250
424 422
334 333
169 167
684 683
577 575
759 758
372 370
486 484
150 148
526 525
197 195
332 331
658 657
647 645
723 722
728 727
935 934
868 866
59 57
304 303
288 287
882 881
980 978
922 921
81 79
361 359
735 734
544 543
972 971
232 230
664 662
779 777
879 878
263 261
383 381
422 420
606 604
419 417
464 463
607 606
258 257
908 907
905 904
358 356
373 372
188 186
120 119
405 404
918 917
845 843
787 786
885 884
785 783
267 265
248 247
549 548
824 823
540 538
996 995
943 941
147 146
654 652
215 214
523 521
739 738
47 46
710 709
948 946
713 712
742 741
963 961
86 85
637 636
769 768
244 243
303 301
782 781
877 876
543 542
237 235
117 116
685 683
241 240
318 317
136 134
261 259
772 770
44 43
294 293
967 966
328 326
391 390
131 129
283 281
611 610
914 913
820 819
821 820
691 690
11 10
797 795
588 586
438 436
313 311
505 503
904 903
88 86
157 156
880 878
508 506
924 923
652 650
592 590
206 204
107 105
617 615
786 784
862 861
114 113
852 851
869 868
737 735
826 824
560 558
73 71
431 429
177 176
849 847
326 324
578 577
979 977
623 622
342 340
273 271
221 220
804 802
792 790
833 831
346 344
987 985
461 459
497 495
694 693
690 689
901 899
272 270
247 245
386 385
356 355
736 735
144 143
522 521
100 98
776 775
626 625
216 214
947 946
437 435
662 660
853 851
846 845
276 275
649 648
495 493
226 224
601 599
888 886
402 401
111 110
886 885
439 438
3 1
362 361
997 996
165 164
14 13
256 255
104 103
338 336
320 318
599 598
87 85
670 669
482 480
928 927
370 369
406 405
536 535
333 332
746 744
760 758
774 773
937 936
708 706
61 59
98 97
982 980
823 822
583 582
501 499
355 354
810 808
751 750
559 558
290 288
293 291
135 133
925 924
97 95
898 897
764 762
281 279
705 703
340 339
709 707
90 88
455 453
545 544
68 66
467 466
799 797
297 296
7 6
407 405
299 298
377 376
717 716
28 27
889 887
927 925
234 233
537 536
952 951
953 952
363 361
789 787
408 407
941 939
101 99
506 505
509 508
615 613
807 805
208 207
8 6
744 742
427 425
777 775
675 673
964 963
850 848
655 653
33 32
436 435
819 818
305 304
108 107
52 51
307 305
970 969
249 247
859 858
727 726
931 929
298 297
124 123
77 75
421 419
149 147
112 111
712 711
210 209
756 754
521 519
388 386
35 34
895 894
250 249
196 195
240 238
974 973
351 349
672 671
644 643
274 273
229 228
733 732
118 116
511 509
762 761
639 638
243 241
841 839
393 391
239 237
2 1
172 170
875 874
910 909
827 826
985 984
808 807
189 187
231 229
199 198
510 508
815 814
632 630
339 338
465 463
843 841
459 457
563 562
671 669
93 91
384 382
462 461
659 658
469 468
668 666
403 402
748 747
414 412
312 310
716 714
622 620
909 907
390 388
381 379
657 655
246 244
5 4
590 588
429 428
903 901
198 197
579 577
650 649
663 662
986 984
223 221
394 393
698 696
645 644
211 210
603 602
933 931
230 229
518 517
532 531
139 137
404 402
519 517
89 87
775 774
115 113
235 234
724 723
456 454
871 869
417 416
763 761
477 475
269 268
706 704
729 728
527 525
349 348
805 804
58 56
268 267
271 270
218 216
32 30
795 794
317 316
720 719
669 667
621 619
50 48
23 21
870 869
75 74
22 20
867 866
376 375
411 410
999 997
582 581
67 66
860 858
842 841
156 155
24 23
473 472
703 701
801 800
814 813
767 766
750 749
609 607
570 568
238 237
573 571
433 431
160 158
13 11
500 498
360 358
547 545
813 812
450 448
331 330
564 562
168 167
174 172
954 952
686 685
162 161
236 234
818 816
920 918
718 716
812 811
278 277
932 930
71 69
292 291
266 265
929 928
883 882
984 983
398 397
109 107
116 114
366 365
633 632
302 301
129 128
784 783
978 977
530 528
187 186
289 288
182 181
76 75
722 721
164 162
902 900
515 514
721 719
368 367
692 691
476 475
309 308
430 428
568 567
300 298
539 537
34 32
54 53
474 472
92 90
838 836
825 823
899 898
123 121
651 650
159 157
1000 999
555 554
158 157
80 79
593 591
181 180
184 182
336 334
78 76
46 44
291 290
832 831
646 645
259 257
529 527
856 855
483 482
51 49
10 9
517 515
855 853
279 278
796 795
200 198
955 953
192 190
836 834
558 556
896 895
175 173
490 488
412 410
591 589
132 131
711 709
745 744
605 603
205 204
553 552
458 457
152 151
449 447
598 597
489 488
60 58
440 438
242 240
448 447
571 569
220 218
738 736
39 37
63 61
463 461
201 200
466 465
163 162
512 510
485 484
442 440
487 485
726 725
94 92
395 394
151 149
557 555
768 766
126 125
891 890
513 512
470 468
257 256
988 986
314 312
584 583
214 213
36 35
295 293
930 929
926 924
426 424
595 594
212 210
69 67
973 971
401 399
766 764
343 342
741 739
137 135
995 994
755 754
890 889
892 891
770 768
38 36
452 450
453 452
604 603
183 181
740 739
478 477
993 991
396 394
166 165
998 996
493 492
837 835
939 938
224 222
687 686
835 833
667 665
70 69
773 772
848 847
72 70
548 546
65 63
341 340
315 313
689 687
496 494
225 223
217 216
817 815
778 777
443 442
893 892
445 443
627 626
551 550
783 782
580 579
968 967
628 627
798 796
525 523
533 532
306 304
319 318
367 365
791 789
913 911
994 992
699 698
641 640
951 949
550 548
82 80
357 356
753 751
638 637
140 139
900 899
170 169
413 411
143 142
286 284
327 325
155 154
432 431
565 563
472 470
262 260
857 855
375 374
125 124
335 334
371 369
345 343
454 452
991 989
15 14
260 259
228 227
938 936
222 220
121 120
865 863
958 957
562 560
624 623
95 94
541 540
84 83
255 253
743 742
451 449
612 611
416 414
828 826
878 877
597 595
534 532
127 126
975 974
631 629
800 798
700 699
587 586
531 530
610 609
153 152
379 377
479 477
961 959
12 11
887 885
254 253
316 314
270 268
702 700
554 552
207 206
352 351
915 913
204 203
128 126
491 489
594 592
990 988
884 883
816 814
171 169
264 262
397 395
325 324
919 917
344 342
409 407
74 73
962 960
528 527
471 469
284 283
425 423
374 373
348 347
894 892
754 752
507 505
829 828
275 274
364 362
141 139
308 306
693 691
653 652
992 990
640 639
695 694
847 846
556 554
758 756
354 353
989 987
434 433
148 146
965 964
484 482
765 763
648 647
418 417
444 443
921 919
369 367
619 618
113 112
57 55
861 859
321 319
981 980
730 728
233 232
866 865
29 28
959 958
858 856
265 264
966 964
322 321
542 541
329 327
781 780
194 192
504 503
618 616
110 108
66 65
435 434
380 378
20 18
696 695
616 614
956 954
683 681
447 446
176 174
399 397
26 25
280 279
535 533
912 910
178 177
916 915
62 60
734 732
514 512
960 958
41 40
277 276
468 467
55 54
79 78
180 178
873 871
585 583
195 194
203 201
701 700
971 970
296 294
586 585
907 906
934 932
16 14
17 15
874 872
757 756
253 251
788 786
365 364
387 386
99 97
697 696
324 322
674 673
4 2
25 23
49 48
502 501
589 587
793 792
752 751
423 421
311 310
561 559
665 663
881 879
872 871
480 479
91 89
219 217
680 678
9 8
323 322
31 29
27 25
337 335
629 627
389 387
103 101
983 982
481 479
839 837
747 745
660 659
45 44
681 679
844 843
569 567
145 143
410 409
546 544
385 384
48 47
538 537
285 283
957 955
936 935
400 399
574 572
42 41
714 713
944 943
53 51
608 606
85 83
851 849
976 974
287 286
719 717
802 800
457 456
503 501
946 945
661 659
185 184
552 550
347 346
186 184
809 807
154 153
282 281
678 677
56 54
596 594
119 117
245 244
602 600
794 793
790 788
134 133
524 522
581 579
567 565
492 490
415 414
643 642
382 380
840 839
656 654
822 820
213 211
446 445
630 628
330 329
18 17
191 189
350 349
613 611
37 36
831 829
520 519
310 308
30 28
731 729
677 676
830 829
625 623
498 496
620 619
897 896
190 188
19 17
566 565
106 105
378 377
359 358
642 641
806 805
780 778
969 968
21 19
576 574
202 201
105 103
142 140
494 492
940 939
488 486
725 723
811 809
636 634
942 940
876 875
130 128
227 225
761 759
834 833
715 714
676 675
475 473
732 731
420 418
679 677
146 144
516 515
906 905
167 166
43 42
179 177
40 39
353 351
102 101
911 910
666 665
923 921
133 132
803 801
499 498
863 862
252 251
917 916
572 571
83 82
977 975
682 680
575 574
301 300
460 458
64 63
688 687
428 426
173 171
614 612
749 748
881699693 639586746 973052048 204022790 23227356 716831246 131807657 704515550 968939861 824044996 48646079 635029202 292680141 619508063 34151654 310742406 388407672 292241829 103683444 187757280 775403725 460298140 758076925 122569220 550761600 583568008 156310870 779656793 720946053 923484654 444093077 15290753 125179154 118431123 585409806 796799332 865748636 240510844 432514646 255547429 755339737 545919470 59953731 874206250 572868795 525100911 21103850 698878487 879181178 347267266 411554462 952317138 105249418 947622638 975771638 755625344 197437600 330000183 145619911 895598981 173287088 904595746 607493413 313310855 310452721 674408564 619556197 291185771 640302550 399724850 333105180 207231317 885595157 585682338 353733408 64502187 305261731 942973511 641668230 394905105 526742453 158194664 283222178 198152558 972603840 46713737 200906249 100962020 13285753 855869039 586470288 348773851 443374548 268696607 742999629 55525366 379217928 567322206 460314005 726830875 317841800 18126130 796241147 138603374 100595723 885076702 710549079 192660821 439814532 990160873 54894011 206331253 244980777 446999319 487862142 824036018 562935919 572729709 11691572 248520242 276225291 273468464 789913779 54570330 447095026 233694437 761141263 452159438 422102872 176821586 165087646 976867188 764026292 424744314 718324467 381659760 55872953 392492964 181832166 300393768 328184670 723340372 419797641 965100609 152332502 815226959 582819123 475872416 796709527 100836506 689177209 507844969 100239190 303378042 569609007 637699585 104533000 857104757 560069226 151344655 57996770 446810958 240667520 441063286 698486360 441647116 599439877 923242587 931768097 725156851 453575118 404603684 740524080 554481544 344074481 263597174 920198588 934331280 600557506 752987958 593918008 676583184 834797782 282483848 188479578 717019981 604770051 577903570 845479191 84894669 227379550 754692280 621915044 171385939 69649722 870780705 242016118 279832294 139634735 464322863 750265921 94197194 530401295 641103178 427329020 3742596 694098673 632758805 441503962 237311706 367807785 967121525 939700050 944355023 365376333 810025361 572827671 748039849 420801073 133702348 929107999 540583406 511348970 741820363 400264351 684258914 907411150 402531956 987726604 413691914 795185010 214961900 374158107 104873259 778494121 852046232 792232641 44519498 628952202 816972060 606586418 395818540 873454954 810115166 754624997 260381143 762063324 904724098 615531149 684278415 715588280 538446574 148893472 945268184 500313360 514822471 286414548 120429945 770094651 50162033 52024092 180611958 674107854 509677458 797621166 841801748 329029020 205794831 850572414 105227225 434130877 155175308 169786819 573236104 227710083 671388911 103903217 59953192 573774469 661098333 623961020 854798077 922085527 879948858 494558747 341531532 59841487 557154092 460608577 449352090 65812353 851636247 426825636 276239148 550935875 530991905 911156729 515980423 488669929 903412399 888754997 539835441 3817096 507822438 701666701 367534829 473882741 342039082 633970038 694683074 769917255 43244064 318520228 80828404 732147664 665562799 789703950 936468232 330336039 514720122 626738407 684156099 636941984 484505190 269766310 372701482 847825 929158042 50009598 145766019 597756558 993480056 915182821 98794833 422705900 287458984 852859280 430487131 112535361 933069325 458873972 813638821 435893793 454100173 227710533 841338740 801535586 615062604 219699706 869662797 860621592 61259312 283879623 425615093 668139928 350122590 137247264 538261362 310184824 962695931 226419643 909836295 393982604 875066475 951355790 866820411 223038185 819572051 99092428 583453650 719043301 99349658 83991275 314722001 149947669 401956706 808646048 780648829 948426828 329837331 165564127 80533339 350745505 775035216 232343007 981827121 472782953 29685759 624704532 615754242 416027192 991573829 923213618 904098069 167526627 735847302 866680111 863781358 709185664 613840232 632639041 688302418 579452771 118105039 616271579 722773574 902549025 460460001 972858291 43634703 115193232 508664067 469733310 759794739 381276356 866338521 945629744 856570485 815626003 436291401 677607552 276928732 752035857 712211064 78827618 432130476 123211155 8854730 303301578 683614058 19102127 900942565 51161838 794197723 732685497 58181037 785246788 903375108 417132871 35515465 739463807 887198506 216332845 578314267 441641109 356119251 617616512 932779211 514433467 357844930 836980630 224167996 532555621 661847038 746069763 477673620 784793418 636451787 648183964 777900087 649075038 931610542 412774519 575715787 173840341 808977516 512244456 738606133 552904486 731269899 852813957 577347737 782286852 836082894 392321058 728114269 783083877 204771644 129364181 822072102 661449342 109745689 212118002 523665624 52143812 733347690 534563086 87479705 465708524 718996340 997880318 280368077 163182058 185352892 929635032 90067994 404916469 586322439 345176049 634479461 839001473 242845275 57188829 180409555 750211650 564904699 387491697 725903816 575527982 736459118 50019778 767797225 161242746 102114168 270218790 210372893 62166171 607594782 796533298 263662983 288978502 969190053 674578874 994324364 855701360 822067347 195992787 244126163 372244558 379198891 684658642 596351295 218782036 916297972 235211085 368736501 876838201 333467058 952446489 79036507 594278640 964345193 789182281 687471894 658218928 792758753 320042548 128061707 40766700 470817052 417256047 709191774 218070618 916189024 39649230 251287413 527585263 935401266 732929638 487375092 945394656 769773400 235553421 708025793 389359777 696206550 66769111 794297601 471764201 622193393 219100697 43838488 584711596 4561198 704062825 155515052 118844446 340001618 377764891 385345186 74028981 92235618 372975557 63225374 342133286 884642212 271009339 531516806 603496807 898029211 516788114 396657022 819057067 153977102 274836000 522217709 977783655 572412417 321071225 907284725 598490962 396116153 769444211 832663294 515421792 868718267 536579106 678737067 341137861 418328524 263148507 218193890 960613112 657437682 58156084 860447943 309278124 237549936 368356609 289172928 372841943 317699277 215904344 432714098 374348206 533007053 603662476 714958017 561557414 410497141 136202293 701343955 442454644 815751434 202881573 166837517 936170253 841625105 157813620 490717971 561534630 628578128 722917748 520737483 272633011 792614090 304079804 308726873 773072107 158881478 729901600 24903715 336183105 647635400 599716022 115095758 218026987 12542613 499008466 761345854 980726622 256009778 963919369 388252825 776059471 431488996 627973169 305391684 11232179 548962096 168592222 384748004 474214591 550526428 530930918 970559325 197948136 489996780 138724957 473128660 865372130 716702629 961787288 49839279 140217764 265063819 76302509 220574099 725236833 100742758 54737904 314122853 933891727 974564664 211693047 807913033 711677667 288105287 990902678 359263909 730363474 516080665 658704866 501282589 437646353 485336433 625040945 184203671 657022357 347935574 393144343 711493176 482029715 16627212 614357865 597526885 658896639 240342552 101265469 125059522 960933136 124515903 696993512 995740724 855519033 724483975 626214909 907424738 385841713 7370547 38394451 103228975 179778795 835986634 374974207 292740288 542490781 817169424 947652437 184611707 270297276 211885834 100097258 816370821 222259964 638398461 137242004 438065731 953461588 605438318 395813223 557193049 405453816 714086946 345466552 529785517 2596188 113319199 198118941 480143715 984020535 482838440 733948522 795512033 692266876 858837828 158094517 821928140 409896545 1574327 420107346 716301064 666235995 488427270 666955990 316308923 32304927 501144438 359069207 248908106 474222754 603741581 681030185 842330713 656690969 443003918 91761505 884897742 558168824 640329728 989288533 542167246 207781110 973637799 950003162 865438909 236717574 385639303 565345027 254752065 372586846 418069607 618324264 669589566 248602740 287790924 476218331 617278426 290824955 6834809 188404467 185507962 733262057 315251828 754155140 466992835 780365426 130368003 772662500 72761241 688935437 758772266 946745511 202913825 726363246 30092846 212028066 352396226 93178505 551358356 705253355 675081759 592806805 496720929 551674838 871967517 7055109 187362266 857130489 53633250 252581007 882827525 111008296 558929875 690883624 126324261 288141432 291338389 500757509 209047553 922192191 402986508 919042715 949777309 641889553 651513182 559014559 672236606 342810820 466772975 36346118 539865961 349483884 369081701 431218948 206850275 800563806 12853669 620034575 788045490 510479664 635439315 964621789 700443929 967574966 45172053 386657889 856767135 79396870 218888144 171653073 862304776 528561268 159413032 775243426 350637145 726644117 759100547 423747465 300486359 719597631 833247558 422495099 760872199 226088838 350688021 238970284 704716975 555849919 209990102 97652627 787484626 451708800 17056174 628672227 186943671 435635101 487306497 787692947 736290274 607676204 448413300 369914326 668363288 802040449 63301870 80561698 702804574 972640817 487414162 487260460 688169977 577599250 295821254 777834985 521866350 514276409 636836142 351043470 302872451 336126201 623251376 309957007 495493948 231927529 65512305 97915299 34843101 356079582 580167381 569398205 763864045 82419179 761401474 380264468 5968945 686488423 765135196 260367643 664345516 246344935 852715145 202148744 143254436 177411391 409945966 582834768 348101535 915095940 214171568 342650024 159606112 867185420 220603699 935258117 803870958 302087531 993325085 626784284 361209997 9892471 784595154 284370145 192487618 660382788 116788216 876462219 478926930 171019559 253916276 725739917 635775555 711193526 238228330 360137373 45192664 753373893 236267584 289998512 231744152 904982377 396149403 281227003 877950535 217787640 748791391 493085427 289497834 904210694 616498098 
1 817 133205190
1 672 895977726
1 42 660058327
1 972 489908159
1 621 752160291
1 5 249925227
1 106 839852603
2 207
1 814 175176840
1 443 464716596
1 216 875179450
1 28 361634439
1 799 857497620
1 75 737761568
1 982 368946993
1 478 766275404
1 915 909464818
1 564 967347038
1 675 284968702
1 483 592418094
1 428 121754171
1 779 575636887
1 360 335392344
1 578 635774966
1 790 13256517
1 553 951020464
1 410 479105719
1 716 599526827
1 906 121042343
1 899 341293521
1 57 112767442
1 141 222401682
1 894 314125624
1 314 99074145
1 779 784798623
1 246 567831860
1 345 107968015
1 340 861534214
1 377 588405845
1 998 201329751
1 282 500929667
1 119 220132265
1 384 689737836
1 171 786840834
1 305 575999787
1 796 880736367
1 584 742769819
1 357 764177021
1 156 291944670
1 64 303616959
1 816 285988824
1 610 694054478
1 154 904017587
1 324 385947458
1 622 353986395
1 650 670875196
1 939 967853057
1 822 804296413
1 810 972456602
1 692 516418126
1 28 358867551
1 236 521566904
1 347 673793868
1 13 247581388
1 774 775782820
1 79 940809018
1 264 689743722
1 511 828132923
1 64 839061479
1 445 190820618
1 168 672020264
1 759 170438501
1 815 252766591
1 877 305461518
1 585 744610047
1 204 112585550
1 620 183884035
1 445 110677615
1 811 468647846
1 902 94205247
1 661 585596746
1 486 832393873
1 533 845842451
1 123 999413950
1 138 846287723
1 286 637159710
1 158 474944894
1 427 96853906
1 200 153228477
1 276 202514940
1 996 365513565
1 268 646022594
1 848 165030103
1 222 984252753
1 791 708334440
1 846 284255638
1 32 123281808
1 621 192372101
1 726 952041877
1 648 69365140
1 1000 114215168
1 887 6809919
1 576 616036892
1 584 406148227
1 261 650276220
1 507 223924581
1 787 280487283
1 61 795411819
1 176 702806428
1 904 11963679
1 791 562140242
1 631 69322642
1 744 352466487
1 269 844837845
1 883 982380976
1 597 358587007
1 242 186963556
1 913 616425259
1 902 407600322
1 453 741186553
1 319 320946043
1 139 215639819
1 279 459680002
1 750 651788296
1 53 247448337
1 105 237122970
1 396 842912805
1 912 795935474
1 643 455952638
1 188 704823104
1 589 473870370
1 378 925648702
1 137 713500505
1 802 872143524
1 881 341174065
1 298 641159091
1 540 394631290
1 778 755678381
1 326 221185481
1 832 346058073
1 102 446292726
1 227 776270977
1 285 538517151
1 506 396654966
1 819 830854565
1 700 185747849
1 851 867841709
1 280 967021969
1 380 362245535
1 300 545710441
1 152 904354088
1 904 113223025
1 470 565692985
1 226 644085259
1 874 979993991
1 905 789483294
1 979 675869452
1 181 693946773
1 578 830571906
1 732 558135006
1 399 495972333
1 461 644996717
1 581 915723536
1 653 391598392
1 299 706063092
1 567 609136443
1 171 457575527
1 109 456339700
1 317 799488633
1 35 948006118
1 739 54232063
1 515 230262040
1 196 924452625
1 488 7043220
1 483 906434190
1 509 632098027
1 399 629385109
1 61 759344046
1 875 639718667
1 43 255811572
1 414 367501082
1 969 396202457
2 278
1 979 984232887
1 177 943651181
1 237 440637839
1 662 373684388
1 93 480933292
1 127 101358945
1 760 413514162
1 937 245796732
1 108 346516619
1 141 447011280
2 907
1 42 733734742
1 283 747448238
1 927 109443433
1 640 658178982
1 917 578779260
1 266 881172542
1 470 748932850
1 232 847089166
1 298 727129716
1 345 289747120
1 884 523387248
1 459 639431235
1 282 265470101
1 790 292106986
1 135 885133402
1 256 891738701
1 291 836655735
1 688 438141717
1 679 924034920
1 765 695865458
1 908 441781231
1 102 412860310
1 60 836305040
1 105 48730425
1 117 484584725
1 343 734041877
1 290 107356682
2 689
1 528 933299869
1 592 944218657
1 165 801388138
1 770 577028685
1 680 503133977
1 16 353251343
1 607 633491489
1 802 541573101
1 162 224084987
1 362 214404918
1 431 909191592
1 512 212884346
1 47 488370218
1 606 224997390
1 453 971990536
1 955 385900939
1 652 529353421
1 491 428315981
1 400 887848584
1 571 221660406
1 833 906095947
1 535 693857771
1 662 187494061
1 798 979497172
1 614 377236298
1 506 975908638
1 46 323571264
1 259 443055227
1 952 572869810
1 675 176788062
1 920 747772231
1 130 879158657
1 504 418433450
1 281 304548706
1 819 984947721
1 961 589184447
1 147 952863385
1 131 566239775
1 317 84041486
1 263 208188747
1 737 292934693
1 911 825853647
1 933 348688668
1 99 950381180
1 730 6912310
1 741 609898471
1 804 361379130
1 549 999404009
1 123 399334131
1 740 868821022
1 142 512049328
1 370 836781161
1 381 421658819
1 451 163373164
1 436 406537475
1 363 165453074
1 461 724221004
1 728 56188424
1 701 185730556
1 887 846158141
1 924 589704566
1 459 817522280
1 175 645619617
1 580 47201920
1 88 411627624
1 923 411425091
1 874 258166330
1 592 734796466
1 615 600129929
1 583 439039633
1 732 476296781
1 629 205800938
1 306 369037184
1 837 959772297
1 669 575402145
1 823 166391423
1 678 729460531
1 925 944517025
1 675 93399613
1 607 38496520
1 604 553051082
1 950 885232272
1 830 520825961
1 91 76184156
1 690 575050924
1 79 268089423
1 260 248075434
1 162 389103506
1 398 489973119
1 198 73039378
1 437 104343241
1 187 898215425
1 681 762449452
1 372 261428562
1 615 857467597
1 6 328853312
1 553 568170712
1 598 725117382
1 42 720328443
1 521 700614950
1 996 293741035
1 724 355948388
1 500 757382620
1 68 316099018
1 603 545645579
1 100 664007268
1 757 536548406
1 924 174637443
1 420 71978017
1 406 276797756
1 131 748855057
1 642 337608936
1 253 358303570
1 658 80240804
1 766 522108339
1 180 131656912
1 447 282557190
1 740 804792722
1 301 562395043
1 217 652849234
1 192 724068068
1 726 268534078
1 22 462305448
1 713 397369029
1 327 357933266
1 701 750069022
1 312 88215241
1 98 690159552
1 43 932955384
1 618 360668394
1 267 951398990
1 123 625686299
1 842 933463485
1 953 171012248
1 589 311714749
1 548 774384363
1 517 480111048
1 228 350121056
1 718 837641181
1 146 846999432
1 402 984687616
1 65 359718072
1 85 788191670
1 534 715782025
1 104 2314635
1 974 181949528
1 768 507406478
1 830 487498181
1 918 84203985
1 107 434042934
1 542 370294252
1 178 480763732
1 395 125982329
1 111 226494858
1 959 331067799
1 272 611371403
1 958 839510377
1 624 10773962
1 50 923177367
1 295 355195394
1 470 529982666
1 510 512701102
1 509 926435377
1 846 192536720
1 858 880161537
2 21
1 359 484432959
1 725 415238894
1 918 228684854
1 333 450441112
1 341 928087391
1 366 949872865
1 823 140364023
1 317 394095802
1 276 202590335
1 179 575143700
1 965 73710395
1 189 835902822
1 330 91434933
1 532 427897900
1 973 205920568
1 284 849208932
1 694 512014167
1 158 241204497
1 23 576370022
1 536 797826234
1 279 448600574
1 817 298123498
1 994 518552187
1 984 141249456
1 421 844316800
1 285 422406430
1 956 299303279
1 756 699928267
1 638 543801843
1 487 90776403
1 821 914890617
1 771 660913108
1 601 870814128
1 383 437344113
1 492 932230159
1 635 353037521
1 958 816190285
1 213 435690399
1 504 402299624
1 475 883817993
1 58 490971297
1 822 640155203
1 560 921674236
1 243 407405572
1 911 142520770
1 667 848628230
1 490 775236993
1 666 729387912
1 841 150739209
1 481 529903565
1 78 96544751
1 830 857271196
1 992 627063052
1 849 188665536
1 315 760799229
1 79 317263752
1 124 520059554
1 160 630454342
1 535 232542881
1 219 64386257
1 835 650236130
1 295 279136773
1 531 539495186
1 897 916566336
1 877 102703395
1 883 396346853
1 372 682211016
1 74 599979739
1 839 797070588
1 613 893102093
1 770 577729914
1 634 539891178
1 562 843536451
1 163 536368868
1 44 552176926
1 978 771597555
1 276 329008401
1 227 864371985
1 448 648649707
1 673 371830461
1 365 72481212
1 878 103885178
1 566 323352665
1 877 105813071
1 11 284452059
1 105 589477191
1 909 457259807
1 182 515824
1 365 940519749
1 709 327315423
1 228 45711155
1 98 171708456
1 34 479317009
1 928 108246248
1 633 124720077
1 537 690078141
1 529 53402262
1 920 882820683
1 989 505640547
1 426 700486583
1 986 300124779
1 374 440877101
1 805 764381356
1 546 675408987
1 163 821420391
1 16 65069814
1 728 471418017
1 707 681541682
1 859 430969249
2 524
1 382 676971282
1 754 571785602
1 536 850382943
2 447
1 278 227282403
1 8 544505015
1 779 816096774
1 593 397059070
1 660 312088747
1 299 184107824
1 661 53380935
1 644 806907638
1 892 63074451
1 244 422027513
1 420 683850763
1 335 889816937
1 939 977689457
1 112 827046009
1 662 860556362
1 666 452059103
2 302
1 78 7946974
1 626 795038563
1 62 788752796
1 272 245751805
1 560 738553472
1 683 168237406
1 213 295960076
1 398 197412472
1 766 118702724
1 572 404937667
1 891 810191218
1 727 314967737
1 463 224781090
1 459 522191705
1 520 460855845
1 537 319282086
1 650 422983888
1 791 894634280
1 722 748990140
1 101 990465128
1 413 84505670
1 232 287163509
1 392 741029391
1 753 385485924
1 72 44718203
1 53 214511306
1 194 333919027
1 372 863373634
1 921 98133668
1 628 974132715
1 542 325341568
1 717 215745768
1 401 61979707
1 588 52081120
1 147 360575629
1 67 841236351
1 813 248835829
1 958 594627825
1 624 334519346
1 261 493942636
1 613 608910025
1 590 229140900
1 676 170106500
1 634 238038871
1 360 557681647
1 413 193713857
1 151 698448347
1 313 520945702
1 133 119475422
1 834 543607630
1 535 992389839
1 265 59633410
1 842 306317387
1 115 616321681
1 76 430842933
1 937 986494800
1 119 8255280
1 136 216527892
1 27 160493349
1 192 130061496
1 227 162539714
1 415 62312859
1 837 887119607
1 805 741413664
1 789 959396472
1 231 593415471
1 480 103607616
1 831 712422065
1 571 56627722
1 553 251607830
1 412 967307224
1 565 803945424
1 197 112083311
1 241 956883415
1 518 852304087
1 878 638776613
1 266 669080797
1 129 562992186
1 223 430681746
1 89 161646999
1 129 315095244
1 429 987020100
1 958 678016930
1 309 940951629
1 888 869449202
1 310 219663934
1 840 24289500
1 394 16295597
1 864 953343814
1 515 754067631
1 966 891244889
1 693 901512287
1 918 954545152
1 491 532941404
1 222 983622766
1 422 384596298
1 529 575306135
1 707 704779086
1 711 582729652
1 52 150436244
1 538 57878465
1 757 763658187
1 545 644619008
1 94 757801894
1 662 530268790
1 557 660873307
1 401 486183019
1 491 105567781
1 501 265986028
1 725 927316419
1 568 893498954
1 115 187731449
1 558 957859483
2 156
1 54 865858367
1 744 544300714
1 689 579038873
1 4 890958137
1 52 945441697
1 875 826031182
1 958 660849113
1 915 468443642
1 165 281560257
1 663 288499730
1 816 734173025
1 23 528892847
1 447 722706884
1 860 345302189
1 919 625185912
1 407 343697199
1 80 223767570
1 577 411903767
1 481 287640230
1 834 373887889
1 721 945866577
1 372 618836615
1 846 12889009
1 455 576526892
1 184 322671466
1 510 654289523
1 764 590547361
1 894 394043031
1 651 95031426
1 28 363471507
1 195 365338811
1 989 967196329
1 75 377100032
1 885 808906973
1 625 366904200
1 707 839390329
1 182 98943373
1 218 448097161
1 750 970553550
1 40 668279902
1 450 784393999
1 824 991354637
1 832 847189909
1 194 494953711
1 528 333732524
1 591 238792224
1 535 972354338
1 616 665638147
1 182 678145484
1 870 101416891
1 514 842332926
1 561 326784433
1 243 31193621
1 620 536567570
1 166 10584816
1 869 488545360
1 782 4778864
1 743 315617183
1 837 843936509
1 506 109312631
1 997 604928514
1 615 480781078
1 828 970149230
1 183 62493693
1 233 833582131
1 51 968603505
1 618 648432329
1 875 332969722
1 80 300010666
1 762 396652773
1 503 964848085
1 174 171103171
1 761 291579981
1 642 710594025
1 578 149730714
1 678 31462640
1 867 222870085
1 268 477694261
1 313 992832861
1 74 385886040
1 37 879793655
1 949 48185791
1 715 545994407
1 330 482720786
1 942 946631435
1 612 753178303
1 784 738822975
1 323 824217206
1 924 226783591
1 570 360753579
1 223 87445290
1 111 488733721
1 360 55840051
1 676 37827643
1 286 145153201
1 2 844603603
1 432 574654167
1 802 24723558
1 924 469394010
1 908 418226875
1 691 279995127
1 315 28292705
1 730 270374637
1 813 899184169
1 904 730758781
1 190 881678502
1 444 443211631
1 507 10430898
1 142 390955151
1 865 939212778
1 571 237965609
1 750 793124910
1 756 149998227
1 588 85933860
1 62 693425570
1 131 837935285
1 809 859014705
1 990 216750476
1 507 393627807
1 907 162007708
1 332 625327439
1 454 662515353
1 394 613713449
1 724 261247355
1 732 902887958
1 898 328757761
1 481 890020486
1 206 852825386
2 939
1 11 947721212
1 909 119368987
1 614 484340719
1 966 856428655
1 591 250407141
1 493 816197092
1 584 157770377
1 246 473725685
1 676 226879753
1 974 230041443
1 661 237435545
1 161 539438773
1 872 79552240
1 454 844453297
1 718 403030216
1 112 141447654
1 731 911140704
1 317 289143076
1 600 269385211
1 824 316084992
1 731 432762720
1 328 328709715
1 548 851408218
1 481 526293177
2 991
1 885 842103042
1 307 93483302
1 609 971893875
1 405 267542513
1 945 182272001
1 927 857747413
1 327 465791795
1 24 33775210
1 973 645634707
1 755 178239500
1 161 328924977
1 463 924683613
1 226 997257248
1 359 189601473
1 654 901709302
1 962 261417442
1 182 160411215
1 122 147128620
1 151 997547337
1 502 934502224
1 528 39781639
1 274 769861315
1 664 121622831
1 884 904906559
1 47 553558126
1 976 31452478
1 658 254287345
1 283 853372292
1 138 139493612
1 49 710053524
1 676 825361941
1 624 431613495
1 304 878738728
1 100 972539131
1 548 220083811
1 708 786333103
1 384 838336521
1 810 48304874
1 361 422718944
1 725 700418692
1 905 167485109
1 128 186678553
1 892 108029909
1 499 276912523
1 770 244268180
1 727 788422271
1 409 449152456
1 19 844387292
1 210 139869005
1 499 183797330
1 985 625663361
1 478 346524879
1 520 153858759
1 206 616812041
1 483 129826566
1 538 863742969
1 819 206473000
1 813 3789660
1 69 861034142
1 159 475971891
1 906 447769305
1 777 495814210
1 543 574996176
1 538 222379154
1 572 639582847
1 455 804952817
1 695 386924643
1 724 868598382
1 40 200879361
1 662 31890912
1 533 270752863
1 555 316088159
1 725 668866440
1 927 999689671
1 855 453666826
1 55 972606010
1 819 134030713
1 983 444432285
1 461 824433900
1 390 404781592
1 135 768921212
1 406 563123352
1 877 663060170
1 431 221459534
1 217 461186680
1 347 348149808
1 719 657276333
1 721 362596469
1 248 375367572
1 700 70605851
1 953 177292763
1 691 732028514
1 347 982662198
1 402 23803472
1 171 566124508
1 261 844947502
1 346 906148102
1 218 972900616
1 419 988577397
1 525 902374958
1 922 195281643
1 219 50545335
1 409 30658735
1 43 934216443
1 891 222709004
1 822 367250966
1 372 22636496
1 708 475131243
1 428 133055183
1 784 161322524
1 762 48417120
1 25 478324372
1 941 562110940
1 1 768082431
1 146 713731876
1 328 167799247
1 963 57114138
1 224 771721527
1 212 975483685
1 561 612090545
1 438 814849968
1 132 765332858
1 510 302092714
1 521 327999251
1 165 161753349
1 691 873999040
1 280 38004024
1 833 315715851
1 240 504718015
1 422 625101120
1 153 66228376
1 63 567707375
1 444 160670662
1 906 683604335
1 287 283272400
1 363 573362008
1 186 926686529
1 758 192115719
1 753 614514983
1 355 995013404
1 103 648241302
1 211 634875901
1 311 245097253
1 558 569604434
1 459 364269934
1 494 646492808
1 432 535384208
1 923 476651344
1 494 131929006
1 807 174960928
1 330 224929135
1 1 199721135
1 61 643623806
1 917 550532475
1 28 569491977
1 896 40190789
1 9 613098820
1 70 559575441
1 990 772173030
1 910 587146537
1 895 768191913
1 843 729047961
1 39 371388108
1 787 250511025
1 952 17941394
1 193 2367496
1 365 783974594
1 268 766891126
1 217 964111911
1 160 837682584
1 64 667166223
1 434 995619662
1 3 703484622
1 646 771846974
1 254 552891963
1 491 605666384
1 299 148910384
1 412 609720369
1 479 630300940
1 278 362385619
1 634 4592434
1 743 653911017
1 993 693831817
1 211 338305646
1 813 28687612
1 631 981373469
1 35 809192698
1 544 475740408
1 365 478789877
1 962 342895299
1 766 348727524
1 452 680221320
1 759 15662019
1 657 797948434
1 14 97278224
2 452
1 303 369020933
1 323 221522225
1 309 646039461
1 581 76051927
1 86 771556784
1 354 434246219
1 648 449106927
1 737 560558665
1 919 434983149
1 88 714325007
1 298 584234877
1 311 831705055
1 771 118325299
1 20 885821826
1 17 583544551
1 822 791800258
1 847 490183736
