1000 1000
854 849
219 218
126 121
669 666
623 622
774 770
277 273
231 228
888 885
779 777
481 476
972 971
558 555
249 246
654 651
840 836
755 751
928 926
260 259
549 544
833 832
724 720
185 182
62 58
431 430
259 256
900 896
822 821
96 93
229 227
106 102
897 896
222 220
682 677
717 715
750 748
504 503
917 914
240 236
382 380
51 46
493 488
346 343
778 777
117 112
215 213
565 560
145 140
311 310
321 316
171 167
600 598
602 597
274 271
859 858
927 924
821 820
471 469
642 640
301 300
272 267
776 772
588 585
46 43
693 688
853 852
594 591
567 566
953 950
290 287
619 616
140 135
786 784
852 849
632 627
31 30
544 542
230 228
58 55
670 667
432 431
631 628
345 340
393 392
610 608
964 959
916 914
905 902
505 501
763 759
304 300
411 407
308 304
944 939
794 793
176 175
735 733
979 978
492 488
726 724
534 530
497 492
235 232
878 876
705 701
989 986
842 839
926 923
720 715
909 908
513 512
607 605
172 169
87 85
371 368
771 768
295 291
508 506
578 577
659 658
819 815
28 26
640 636
101 97
907 904
288 284
975 972
913 909
525 524
681 676
651 650
111 107
13 10
50 46
25 24
813 812
422 418
459 458
131 129
831 828
198 193
961 960
59 55
723 720
637 635
533 531
639 636
628 625
377 376
967 963
834 831
828 823
89 86
91 90
501 496
942 941
586 584
660 657
32 30
405 400
286 284
226 221
6 5
159 154
220 217
136 133
79 75
470 465
366 365
340 339
17 12
688 683
104 102
529 526
128 124
988 983
780 778
849 846
980 976
400 399
668 666
947 945
785 783
168 167
601 597
995 993
264 260
388 383
144 141
445 442
297 294
142 141
427 423
843 842
281 278
384 381
458 454
162 157
653 652
641 640
759 754
209 208
687 682
553 550
303 299
482 481
699 695
439 436
801 797
33 30
804 802
507 503
685 683
184 180
530 526
444 441
399 398
233 230
2 1
464 461
387 386
945 942
994 991
250 247
521 518
561 556
402 399
777 776
279 277
706 701
847 842
312 307
86 82
65 63
38 33
716 713
83 79
614 609
73 69
225 223
100 98
522 521
956 955
918 914
35 32
531 530
467 463
958 953
116 111
564 560
187 184
557 554
457 456
711 709
344 342
563 559
434 430
713 708
596 593
448 445
285 282
862 858
175 172
548 547
110 105
595 593
701 699
857 856
210 209
118 115
629 628
514 511
977 972
242 241
19 18
855 850
314 309
325 321
872 871
921 919
768 766
516 515
876 875
496 493
894 890
336 334
881 880
647 642
896 892
56 53
396 395
85 80
469 467
191 186
799 797
635 632
856 854
319 318
181 179
63 60
472 467
430 426
170 166
875 870
684 681
450 445
490 485
29 27
486 481
103 99
924 922
254 249
920 916
962 959
207 204
901 900
885 882
511 509
287 283
331 326
718 716
129 124
438 437
689 685
498 493
436 435
146 144
105 104
67 62
738 737
581 577
844 843
417 415
570 567
933 930
837 832
883 878
487 482
941 936
11 9
930 925
998 996
474 470
349 347
789 784
284 280
329 327
415 413
236 234
981 976
300 299
744 742
78 73
858 853
350 347
179 174
292 288
376 373
772 771
543 540
27 26
216 214
178 174
401 397
827 823
978 974
700 696
824 821
743 738
775 771
370 369
8 3
161 158
15 11
499 496
800 795
665 662
850 845
593 592
372 369
655 654
597 593
873 870
134 133
893 890
47 43
365 364
839 838
257 254
835 832
848 846
379 377
22 17
899 898
385 382
280 275
829 825
113 108
712 707
247 242
483 481
733 731
66 62
333 328
860 856
963 962
154 150
291 288
753 748
620 616
94 93
324 322
542 540
261 259
679 675
414 410
524 523
252 249
238 233
186 182
270 267
476 474
282 277
618 616
55 54
766 765
906 905
479 474
769 764
935 930
466 461
790 787
480 478
554 553
30 27
447 443
547 545
316 313
803 802
674 669
494 492
406 404
891 890
879 875
845 842
57 52
133 131
895 893
99 97
865 860
337 334
353 352
163 161
756 754
119 118
710 705
976 975
267 263
37 32
992 991
749 747
75 71
519 517
864 861
696 693
5 3
969 967
520 519
537 535
812 808
386 381
613 611
195 194
510 506
757 756
959 957
680 675
217 212
697 693
787 786
71 66
269 265
825 822
21 19
412 408
251 250
122 119
132 130
127 126
443 440
770 768
782 781
820 816
683 682
973 970
957 956
80 77
752 751
310 307
795 791
762 759
413 412
644 643
368 363
355 350
200 199
208 207
48 43
323 320
910 907
968 963
307 304
165 162
934 932
880 876
990 986
380 378
911 909
137 135
107 102
903 899
437 432
395 393
747 742
426 423
491 486
150 147
954 953
552 549
704 699
335 331
394 392
646 645
546 543
70 68
332 330
441 436
157 153
950 949
540 539
551 550
243 239
725 722
244 242
741 738
354 353
330 325
630 628
576 573
360 355
936 932
41 37
203 201
836 832
931 928
698 696
433 429
591 587
993 989
26 22
204 202
326 324
232 227
213 210
392 387
758 753
135 130
423 421
341 337
318 313
943 940
93 90
658 657
722 717
948 944
266 264
585 581
76 74
746 744
97 93
147 146
174 169
4 3
915 912
867 865
572 571
361 357
409 407
327 326
98 93
811 808
939 935
605 603
868 863
889 884
509 507
568 566
736 734
456 452
43 39
949 944
221 220
816 812
657 654
356 355
890 889
189 188
761 757
320 316
357 353
535 534
802 797
20 15
182 181
627 625
3 1
363 362
692 688
818 817
617 612
177 172
77 72
677 674
938 933
239 238
306 304
95 92
606 603
662 661
488 483
929 925
870 867
485 483
793 788
515 514
420 418
183 181
575 570
265 263
983 978
289 285
378 376
574 572
571 570
258 257
109 108
211 208
707 702
569 568
410 409
367 365
502 501
636 634
560 558
298 295
18 17
263 258
42 41
550 545
228 225
999 994
473 468
643 642
686 682
418 417
714 711
830 827
566 565
375 374
9 7
664 663
152 149
389 385
442 438
861 856
449 445
703 699
666 662
309 305
90 85
694 693
598 595
299 295
255 254
951 950
810 807
115 114
262 260
88 85
148 146
407 403
45 44
960 955
940 936
271 270
555 550
648 644
338 337
460 459
783 782
709 704
587 586
925 924
151 149
169 164
626 622
603 599
108 103
391 387
68 67
167 164
7 3
871 866
599 596
912 909
695 692
328 325
527 524
715 714
381 379
44 42
484 479
374 372
398 396
428 426
952 951
539 537
965 964
347 344
173 168
214 212
40 36
343 339
278 277
838 837
36 33
922 919
690 685
54 53
814 811
489 486
625 623
61 59
452 450
526 523
102 97
237 233
120 119
562 557
556 552
241 238
84 83
227 224
740 735
166 162
92 89
114 109
732 728
884 883
141 137
582 577
882 879
149 148
673 671
53 48
81 77
518 516
348 346
667 664
125 124
611 608
362 360
351 350
579 576
797 796
253 250
851 849
424 419
440 437
72 71
461 456
190 186
656 654
24 22
914 913
468 463
403 398
621 619
64 59
877 875
788 785
156 152
886 883
74 70
248 247
796 793
164 160
273 268
765 761
364 360
649 648
645 642
425 422
124 123
416 415
194 189
158 157
955 953
663 661
199 194
815 811
908 903
206 202
523 521
408 406
734 732
454 451
559 556
919 918
937 933
268 263
192 189
609 605
737 733
155 154
123 121
652 647
584 582
661 658
512 507
302 301
808 806
339 334
739 737
180 175
986 981
805 802
806 805
138 134
898 893
622 621
477 476
313 309
16 14
322 318
429 425
121 120
453 452
139 138
500 498
541 540
293 292
671 668
359 357
866 863
580 579
633 628
624 620
153 150
982 977
536 531
205 202
904 903
817 814
14 12
675 670
256 252
826 823
583 580
974 973
869 865
638 633
188 187
283 280
616 614
966 962
650 647
435 434
991 989
691 687
612 610
10 9
764 760
538 533
421 418
495 491
874 869
751 746
234 233
275 273
892 891
60 58
784 782
197 196
932 928
985 981
791 788
577 576
276 273
731 726
823 820
846 841
212 210
404 403
390 386
52 47
369 367
39 38
781 777
373 369
760 757
672 670
727 726
748 744
997 996
863 860
809 807
23 18
358 355
971 966
475 471
798 795
12 11
987 985
729 728
294 291
754 749
160 159
745 740
728 724
708 707
678 677
397 395
478 477
902 901
49 45
841 838
767 766
218 213
383 381
455 450
517 512
590 588
984 980
721 717
202 199
506 505
69 65
742 740
112 111
730 726
503 498
923 922
352 347
702 701
315 313
296 295
451 449
676 672
224 221
532 527
807 806
130 128
1000 997
946 944
305 300
143 141
773 769
832 831
463 458
545 542
446 445
465 463
604 603
792 791
719 715
246 245
573 572
317 313
589 588
245 240
342 337
462 459
528 524
615 610
201 198
419 417
34 31
608 605
887 886
634 630
82 77
196 195
193 191
223 218
970 967
592 591
996 994
334 332
161949412 17873317 414204533 968140359 309888008 415793361 166859874 547190732 581675629 270468385 277676983 832800418 230591729 243776642 127838322 820260823 722855090 206107935 340221647 171999928 310873355 395537255 319370060 751225042 485587867 384797190 32280229 846453234 697724477 811224041 256273368 405707812 678884624 37915710 683785762 160883126 712693871 252659824 823144703 174335797 968475385 546066479 275776044 568568685 220304777 989531493 717399975 458754925 343100222 685226561 993461676 897191552 189128052 652489006 77044921 539481652 168802759 339957980 644615051 544888405 522579990 488974901 78776606 235598578 787857532 346259048 495530671 545195094 860249944 368312033 771454908 73583887 134876486 499742541 757931522 424821738 993282850 162925977 810187133 974601203 29090315 873232371 761879659 482069112 111805789 90258631 90274632 942084870 663615157 541299394 869277393 301985130 849567727 527434450 559837700 28541873 355634986 930138147 185076766 943471143 621516994 699332130 765816987 694039898 459388756 26150012 596234553 302211607 568229821 533679391 184321012 829878123 693332761 882228790 412175626 135770786 730646727 367986225 55792887 513596234 276145251 545471418 603874425 667111728 762262986 427741632 695905932 947968097 499599129 98659695 765031022 953819433 966360749 389541940 794094491 244874774 57645347 584171452 413549521 845392373 353041752 19832821 486151948 618882003 135791209 557841675 206085002 46470396 841540530 325357419 279818183 74216703 582711506 803936707 207234689 730405287 942237093 964677886 55584949 396305153 450710600 772025931 250547615 205246812 735933721 423045911 818602172 62387523 991419059 843361037 253578698 680535428 893838324 417328668 827573957 408591660 195260409 281625712 695182827 739846536 139905055 926219383 124892601 711051300 353078787 481514204 981968619 753745102 620581762 348383374 199545982 876138899 344990905 280570041 539135408 171830976 946844165 61526731 301332990 184877793 445798915 403470448 153894692 600485573 723358609 740437397 737612575 630788471 284220874 406332519 160073262 9916996 766922252 95260499 406043851 783079611 582661620 392242439 141549493 893593767 663867232 469444719 37329897 865869334 129114731 883040952 468980387 775122773 518468979 784451920 935183201 868160753 512421653 573770211 420552159 770127286 268138031 907101790 814421531 566869170 534215132 684456174 353008209 630814514 417944442 10844161 969584894 746144963 283451047 922096707 286456033 972247857 871350078 542455457 76801268 750148746 863878493 497381448 207173751 127298331 877317986 827857062 757790949 277664113 205636072 272039271 508164091 737885272 274593742 837524088 296545207 573455582 671199279 394970119 137237589 836551760 36443242 864653951 121799763 586002491 494440986 697733263 116355693 470523500 404633374 89486116 17791393 369311471 881082257 163443561 909254443 140976146 502838738 519914189 987279497 89917026 857982076 930222844 727329656 353190059 664460398 543649764 97970676 883007996 757718723 702758832 460693562 348585888 467415770 330219727 584839880 721701 308270159 218129901 618470491 863139927 980806398 714643448 403387887 690878277 272559366 139976219 549056705 423327802 680795842 319505861 219575887 434182596 457290449 926719650 235978326 505469104 620469263 844841632 505471698 345022474 77376921 181861355 772461056 378347296 479016139 417901808 597413471 961831807 566058308 960939612 199858345 974044404 694505184 846938908 503813597 709700492 951655355 688118878 282086712 423556499 130439732 994766222 295027254 233695127 264655079 665633882 226141333 894344293 522551473 591401133 555134033 970664714 206361263 142124214 236631976 259070162 725105726 26872545 734221078 554178379 966091514 652976604 684315481 158273602 195275970 669732498 32961901 93819844 33460146 794942514 275566736 113800221 990182439 489317928 115143742 942111195 954967230 605815330 170094645 413794763 315796564 475431947 702048369 679397114 891278342 572367378 649941296 564924596 533614385 971236004 34249454 602546824 840104306 916476524 446481513 649840193 372978342 227453529 620599453 789661677 192904938 209876375 98002120 113164248 739405979 794043795 545886823 404440720 980383830 149783035 644255030 415792355 845875960 223846587 645947698 486229979 784247710 879432192 463059097 481693896 436599717 320970295 535242216 871201077 449117866 916225550 651220955 511073009 218638986 801597041 573010287 711593478 126723426 924608653 188227554 905496772 882877328 69080015 12279473 728916919 91899311 703036901 984901528 775545771 440070813 579172027 818829972 285044142 457232759 540559486 329106915 711357709 176634266 747214748 742673410 403830612 710322340 99874497 69654445 225113169 847446128 918621402 492061666 341040145 652647708 902953748 211363805 231936225 261781765 671984861 706994459 862096206 642245321 499680736 693127515 506414628 628762435 217157644 475553943 771846257 198323089 672076686 579079439 680471426 916906257 872846545 402985789 338120420 637261150 74496644 449646049 464546915 685778518 304699283 561997301 617047053 888158231 408245036 507337913 723683375 380919036 765088443 251409319 137311062 35414948 606496749 615377023 843118670 843070698 790813871 852437307 622903334 334701549 746738478 470225947 379203625 137439240 472876504 431784346 758948836 783565017 464718169 707030133 754451238 971531838 481999518 432979370 215134202 18212946 572810453 61210741 297201326 740668276 45078890 540262996 100701135 828340288 502008842 248964356 994894378 460700050 966728354 208956033 413905099 887528073 687451488 289280264 143080704 508612736 780570288 579356439 905652822 898074390 697735999 760312682 990317722 59631654 540659194 337349888 664379864 591289295 853371407 355906835 35240030 458411629 162189546 808156962 944886457 740880540 905552952 104046314 194038198 986515771 179040230 267556455 11500129 352433510 653232674 74496470 910433801 150199418 882325848 374498229 865363001 476452883 322918453 334166721 893636286 456692240 130886055 589716470 708790695 358414477 167903450 939131026 128710463 62238183 329239355 189829649 656296468 763289786 856908407 606352945 901174515 24637413 153856636 506553070 626477289 192354436 76439414 253929605 212404034 606635508 456152018 362720629 480902540 811407314 702820413 490161272 748842900 490472443 463906725 271945358 147472231 356997259 213061942 464103153 249688401 72751585 190135389 168205601 544941536 716496025 764665543 187849433 859570145 681091472 92732002 65261590 254263905 121924067 920375642 650767126 696094381 41305839 537250844 344530517 913081937 741863505 337808214 876906129 567777563 299548134 894928884 134283974 942791960 773711819 224372003 406845490 734472852 801560157 254438480 583730258 698699294 469361721 351094057 616755426 793105537 534514236 44581785 954867679 468060874 235909507 810819535 912066439 352289352 277299563 193439288 113860182 839202950 920137618 293242751 23328522 616936787 653461971 2641555 579114656 698882234 721355852 852584609 418449492 225425672 582625114 92317460 819399587 425353420 964042650 361104283 740830796 396916433 68675561 920446498 899814985 12005925 787886437 8269014 543465433 440674325 325933417 535884324 393633657 466045997 64805779 116200122 191294949 757684795 891014592 774757252 745622043 85337164 749212173 842642864 831972695 159849133 575421144 941622441 745752342 687912939 387854524 613188126 500849943 248788178 682277015 396141051 986710868 150237808 213362567 843567725 362021900 979160594 814583527 235790818 468201404 813978437 269017173 535655686 610115360 471610325 947937199 838161606 43221814 684486608 681758480 40912463 731763002 691880835 454781143 939167503 668201642 801646971 265854367 640195762 838673730 804793476 2858566 758255397 113228032 186669997 374749674 431956630 286405665 635953729 611601894 363104113 740167968 184523213 765317593 173943395 101464765 727819296 988354462 986504793 309903347 309760325 774921044 192369280 284780543 233751946 186922838 733444166 698772575 947885436 540970563 842230103 478811343 4553704 998026486 39797665 805935949 821795290 96623758 346596687 506224662 210093728 830526055 370026704 355398054 740979655 883214877 188874448 682625722 510383388 101709199 628377149 832466000 248520875 289662680 288635970 988306853 724573378 299228247 389270094 490619445 896282094 934516392 581335566 553840061 842887420 71034023 674874221 248345660 851588856 957490035 458184858 811501036 765429041 1095784 485855745 878238540 964262194 374377763 481978959 76587801 622252744 519060352 628404338 356390479 714359810 679685534 76849557 57629740 715094827 805816793 898300711 8316460 765718737 561745614 892681429 888230412 206831553 484454746 730463882 455545803 898351880 941636761 830464117 804841891 439742962 349687274 243408642 182876180 600538637 277865705 61423327 904185304 146753318 869238131 370105591 482148335 470283594 424338853 548698233 90706323 368419013 137972188 201604305 995208772 687750693 586684597 330114989 740784060 17237047 591825677 69541625 177692667 150801416 70020097 88093410 332756796 25880293 71907053 606565333 627629052 861403226 605669744 994120831 111189241 688961077 600011622 653431758 838026543 808140931 72741612 815447278 932657628 601074576 189496927 389678413 839551100 824937451 893966941 249485462 954271437 584985183 261466049 586728120 524519116 257625594 450860457 197722591 18981045 347788296 320393074 350172792 859292421 225923096 32655545 829341489 199294586 64368629 28856667 974806262 192179217 515648941 447308661 649880820 793964806 258778508 562251108 986113177 674398422 48512033 921621957 204443536 518101311 287596599 290883446 911777224 584760894 647639260 324247442 295655278 291536911 248282973 924396919 97239277 602637616 165982022 870267586 74864372 259627613 802630245 872829777 254496879 269920915 737402055 953643839 870556299 570197776 575412409 998100202 105042102 901582673 885194952 
1 898 547937435
1 946 452134956
1 452 191270063
1 346 680936778
1 11 226196275
1 551 105046413
1 751 532176775
1 851 837211831
1 948 738613171
1 836 953778417
2 112
1 310 30070712
1 84 857959907
1 183 74432372
1 417 615235686
1 207 392437577
1 564 946758936
1 255 725238618
1 16 328819836
1 105 388573292
1 643 251667833
1 182 673660777
1 46 801485531
1 586 129278175
1 663 783170259
1 901 963403904
1 680 708384885
1 994 919611042
1 143 443967799
1 874 58044862
1 334 397484151
1 424 996228595
1 227 653746931
1 860 244980866
1 455 614191696
1 674 82813777
1 585 589385366
1 586 949270635
1 346 961512369
1 632 726237052
1 729 790698223
1 827 500867927
1 518 920651911
1 48 749663602
2 670
1 927 158275303
1 137 551616437
1 371 396744737
1 712 461158094
1 728 803778424
1 903 537973898
1 821 963806974
1 398 119991417
1 59 360770982
1 232 592546514
1 511 536452809
1 686 561756143
1 405 207489441
1 171 448466893
1 233 355394256
1 863 322616719
1 246 662731736
2 66
1 514 690518220
1 344 873897703
1 105 503954500
1 631 533955461
1 142 220768617
1 768 293731363
1 412 791170809
1 299 132671008
1 955 250078935
1 120 802012098
1 216 364661128
1 13 33913775
1 777 678909366
1 309 685969011
1 187 771969967
1 85 647252479
1 733 81573605
1 167 909229350
1 93 123350893
1 121 668762913
1 128 660885379
1 261 622262538
1 748 648306946
1 625 934376291
1 912 937623790
1 206 27976078
1 352 140713709
1 11 761214804
1 628 113730759
1 889 114975840
1 936 660059627
1 527 394143171
1 379 957252843
1 573 661940592
1 482 460058877
1 650 281855423
1 588 474385275
1 785 307581676
1 542 899456354
1 942 728312983
1 271 116999892
1 379 373956420
1 635 161389720
1 183 762545115
1 282 747448214
1 420 510205223
1 423 721298526
1 558 820648281
1 827 329940128
1 1 207057795
1 610 737812147
1 34 134571295
1 467 162276625
1 706 756307337
1 963 132775383
1 449 453861758
1 688 240770120
1 39 664515237
1 992 527086665
1 74 972262661
1 793 274707428
1 509 890098312
1 649 228802247
1 644 714643585
1 326 919548355
1 411 74385185
1 620 36501584
1 615 994765058
1 652 498182150
1 106 390251167
1 641 278975523
1 890 724209624
1 60 345473290
1 56 947794288
1 439 97258944
1 811 179494032
1 331 739112816
1 764 446803012
1 988 187550950
1 977 454686459
1 186 40076309
1 444 599304202
1 232 352666003
1 107 966971687
1 831 8148505
1 536 560965616
1 154 873472006
1 625 626122595
1 617 962027739
1 848 338935141
1 480 163399870
1 714 491564094
1 856 738982394
1 337 617149466
1 90 842786427
1 267 879239816
1 817 893655380
1 155 518523900
1 391 986685499
1 677 767784270
1 716 25475850
1 309 416390459
1 589 339908926
1 639 286782945
1 921 297745274
1 678 84562501
1 596 119125250
1 543 842634191
1 270 946857282
1 428 6219210
1 475 416330055
1 100 21503207
1 626 915610434
1 576 527100601
1 320 206678539
1 398 281190200
1 980 318462618
1 583 171884608
1 411 943674253
1 235 426543377
1 571 466576551
1 298 490880975
1 866 212316237
1 314 342478081
1 231 131894025
1 886 341323540
1 165 644516105
1 891 445838296
1 197 361462686
1 523 309100544
1 443 696827584
1 428 619818659
1 478 462733447
1 88 702937279
1 122 5149362
1 5 978491059
1 312 603673122
1 404 341099971
1 634 519137373
1 604 968836502
1 306 826052365
1 398 717582777
1 898 914811265
1 744 42610971
1 27 5790761
1 733 932130193
1 536 952478748
1 673 787135825
1 778 352909459
1 519 564390521
1 716 847754861
1 61 486003336
1 86 312146347
1 461 948326369
1 557 966888180
1 788 78293837
1 279 894685456
1 76 888498552
1 281 795232879
1 812 774314609
1 779 396051105
1 893 933315372
1 968 851169758
1 684 695709954
1 176 663391869
1 229 290829101
1 864 885874815
1 436 910041166
1 167 626242819
1 308 8992234
1 50 658736081
1 610 827851238
1 927 107591378
1 17 773768209
1 362 484083604
1 726 890858905
1 869 695988936
1 475 85426322
1 786 492407238
1 342 816908660
1 481 895156230
1 449 759065243
1 879 196151974
1 209 602244551
1 763 956531177
1 25 358530460
1 152 935136436
1 615 240406818
1 216 532541969
1 364 960737604
1 182 227377839
1 550 694056531
1 633 529798238
1 119 116586370
1 350 956245908
1 421 821041257
1 980 674439917
1 842 840167556
1 535 656392868
1 212 841831091
1 752 729894429
1 869 916919993
1 994 777420126
1 905 920062656
1 852 107783311
1 53 982393554
1 116 732227456
1 108 461049439
1 920 201772833
1 26 561989564
1 236 434773769
1 67 396218272
1 489 672317169
1 251 70043814
1 546 55273529
1 422 999047376
1 696 815294304
1 950 457625345
1 413 553078158
1 626 652075136
1 603 825122315
1 668 22724218
1 556 443129799
1 377 224100734
1 536 439238355
1 203 857758464
1 237 544400868
1 111 920073945
1 360 441090517
1 313 370761923
1 240 733275939
1 205 35018208
1 58 178294129
1 54 541238322
1 579 874663172
1 850 443735074
1 707 625162822
1 993 87103996
1 230 633841989
1 203 308640111
2 218
1 559 718799429
1 421 307317190
1 772 606917102
1 734 447995890
1 35 926851592
1 836 135169093
1 786 98588090
1 280 365701580
1 702 345721811
1 400 588797174
1 335 333706309
1 78 833469719
1 984 994371494
1 344 442016232
1 306 564301999
1 129 810699011
1 656 544943551
1 396 811071850
1 66 109086295
2 975
1 597 23669438
1 739 754244488
1 732 185864769
1 490 263469687
1 896 58259964
1 458 655875065
1 301 2167885
1 930 856073515
1 575 37524723
1 943 202708559
1 832 693482641
1 270 358232140
1 687 73539632
1 616 392943658
1 422 288626876
1 199 380858521
1 57 887899268
1 251 8085354
1 444 263360188
1 962 50059538
1 300 143118077
1 297 580970540
1 58 904571074
1 118 829924597
1 366 448269034
1 720 46572752
1 840 554238778
1 804 269991361
1 918 287275994
1 8 790146036
1 203 21391062
1 800 754015030
1 44 329762716
1 702 549155449
1 955 223680131
1 932 881142610
1 198 412924480
1 514 710439293
1 575 353073008
1 709 527773781
1 659 76809236
1 180 281279582
1 85 820184334
1 691 531737789
1 179 874499494
1 194 652154556
1 678 881801993
1 644 828225354
1 212 848946631
1 515 220042359
1 976 260786515
1 369 907683577
1 710 735928197
1 702 786028972
1 41 534451737
1 614 511521548
1 287 541073455
1 234 922199739
1 353 440782795
1 765 643480319
1 766 628181333
1 190 139963971
1 384 13909272
1 43 117344403
1 179 329071300
1 650 230938915
1 555 513902830
1 351 259315143
1 324 945431181
1 35 728007801
1 986 546872444
1 834 927613144
1 329 386731261
1 914 619966886
1 348 461111091
1 249 258449992
1 912 186735781
1 421 125796935
1 895 96638144
1 419 744548051
1 912 341276755
1 83 693720125
1 380 835477779
1 705 101574522
1 537 713903894
1 603 85875621
1 153 630018138
1 391 150730619
1 777 479902782
1 821 262083807
1 660 900664581
1 439 602619990
1 663 298814808
1 830 324385418
1 85 684103618
1 606 102463433
1 435 994727476
1 543 966062469
1 172 171248514
1 860 372455380
1 76 365394146
1 229 119023343
1 862 829247346
1 111 518546101
1 31 409935280
1 9 406438951
1 179 806877953
1 415 112609515
1 181 15124781
1 889 98501323
1 698 192747487
1 395 733460790
1 349 173823528
1 45 381168316
1 985 474535931
1 449 654429844
1 557 683724208
1 666 697499671
1 289 236628356
1 969 721640516
1 988 15887637
1 232 210019132
1 416 198342888
1 202 458427846
1 210 294825444
1 223 775491787
1 420 837430998
1 314 50522840
1 101 425668590
1 413 315419041
1 501 394623039
1 889 851422586
1 524 685235521
1 632 591731422
1 75 314552912
1 686 611557354
1 967 63845932
1 465 275163104
1 475 925359736
1 647 318854823
1 540 30954814
1 39 377257032
1 61 148043368
1 348 423596145
1 515 21883718
1 335 228438004
1 896 637961741
1 187 874974790
1 354 9102163
1 961 667889922
1 443 498220438
1 621 901492582
1 720 709030069
1 149 638344147
1 948 623719796
1 134 698667343
1 981 129833210
1 273 687722756
1 492 270153811
1 304 53472192
1 871 928930800
1 123 178349941
1 352 3578149
1 728 647657657
1 86 764312488
1 428 232921157
1 913 77697303
1 997 546959480
1 952 7883377
1 67 318934227
1 828 597171609
1 984 596552573
1 700 798138072
1 13 463240894
1 969 639007321
1 838 696939141
1 434 468879789
1 818 793291749
1 911 78372679
1 702 493297298
1 104 4041728
1 810 769933926
1 549 47925906
1 529 132375264
1 773 66754846
1 266 888242338
1 682 219088552
1 579 634355953
1 753 113061016
1 827 718160694
1 661 713918009
1 110 573558913
1 578 750935100
1 907 816261891
1 692 50406964
1 95 658949521
1 984 909274649
1 41 683065638
1 520 597360583
1 454 714059871
1 617 726084734
1 701 437093631
1 174 650287202
1 945 977018731
1 885 306186747
1 404 608185389
1 430 860871604
1 673 615477107
1 129 782007645
1 7 678747791
1 360 474804651
1 882 630798710
1 223 466252213
1 27 469651012
1 529 682007159
1 670 335399604
1 75 305932881
1 625 29926314
1 385 546069126
1 970 896320171
1 214 21417663
1 831 372665186
1 574 728018568
1 437 290545947
1 855 912944848
1 244 252592201
1 537 840626028
1 448 26224130
1 628 659702931
1 95 443571071
1 824 243385440
1 992 176974239
1 356 308323925
1 312 897983076
1 297 879350996
1 836 716073586
1 926 218529446
1 820 312593045
1 773 900281463
1 404 916069177
1 866 881108054
1 484 182246386
1 985 95291703
1 439 381826292
1 239 911547507
1 350 519029914
1 821 986853188
1 452 531167457
1 722 986762828
1 137 326898411
1 272 868274957
1 729 242449023
1 397 269681008
1 252 817703814
1 73 182456128
1 478 517611918
1 516 894412718
1 238 850425161
1 327 622241485
1 585 944628236
1 720 34058005
1 6 319069010
1 833 641837283
1 170 182078009
1 287 296441333
1 12 767041281
1 61 532270832
1 128 161095827
1 881 65650907
1 822 43223030
1 364 933691556
1 785 614798297
1 164 692669080
1 354 710352910
1 979 177060333
1 589 474201355
1 712 501863482
2 833
1 115 278006890
1 751 172758682
2 485
1 751 195879955
1 75 274220401
1 451 140761321
1 12 803508809
1 305 620746420
1 695 762150010
1 225 671699765
1 413 280284199
1 831 883232466
1 341 28458969
1 395 57529878
1 617 963091963
1 793 343204653
1 701 639308894
1 425 231360875
1 277 955876278
1 46 977663172
1 53 299884825
1 969 981926227
1 473 390059908
1 388 145818837
1 277 686666584
1 33 576021548
2 367
1 7 700695075
1 786 236154083
1 879 914504652
1 924 875719098
1 698 311171850
1 454 965490353
1 833 985919387
1 643 938785349
1 676 408424093
1 35 521651737
1 827 636856854
1 674 529117810
1 636 990131820
1 800 638310842
1 882 682876907
1 665 905505791
1 562 731671108
1 493 516868723
1 694 895381514
1 839 661676779
1 668 473802806
1 703 529540450
1 734 931295650
1 34 921085302
1 10 535099535
1 103 142481896
1 721 63916065
1 922 675045918
1 985 769272288
1 411 337392035
1 238 230015287
1 686 195517347
1 459 414830327
1 810 661374577
1 619 963305683
1 124 177398531
1 501 235892963
1 763 306675314
1 393 648370467
1 348 94673277
1 990 168551155
1 510 854118405
1 717 295176855
1 796 563405969
1 157 504131767
1 256 614687689
1 104 597672926
1 21 867505149
1 482 532180988
1 138 631096477
1 831 62429158
1 979 796262848
1 315 754234067
1 593 147164064
1 586 35018719
1 504 430578714
1 112 316547978
1 70 252096049
1 288 350939960
1 369 983077258
1 599 668422832
1 527 775709678
1 824 463320991
1 166 901837005
1 480 365147412
1 787 710778040
1 25 489171204
1 317 151354596
1 593 909741509
1 322 35242668
1 745 261664149
1 510 181738254
1 1 942310419
1 57 889142827
1 793 203990978
1 80 275000009
1 215 905275275
1 137 762646994
1 982 527851066
1 337 644495828
1 875 948514302
1 816 697842305
1 329 622754795
1 705 370119726
1 580 715017594
1 636 671469911
1 279 564826629
1 494 665304600
1 616 416890446
1 30 415794099
1 872 95087095
1 33 251408398
1 598 127106313
1 421 881587507
1 307 866833263
1 942 972626641
1 702 869998202
1 278 140190648
1 919 50623581
1 823 723512159
1 726 301429168
1 745 219243871
1 795 479123696
1 529 564478711
1 589 357443579
1 110 286099593
1 286 534272918
1 452 956114201
1 227 412758249
1 451 175625171
1 646 36576511
1 542 354114436
1 366 268320840
1 726 227280925
1 956 596102169
1 527 551169078
1 589 996934185
1 832 324122758
1 997 26690068
1 966 32477038
1 416 949898970
1 376 560692845
1 497 27945055
1 577 862608299
1 846 332971243
1 307 436976497
1 31 907265705
1 624 988198317
1 316 609165609
1 993 580242289
1 318 499056864
1 866 764533363
1 283 755898533
1 666 98826380
1 533 472659251
1 765 921753914
1 530 512698540
1 67 39138080
1 59 133539347
1 481 919927171
1 175 556522191
1 269 534125006
1 447 795950125
1 788 801797901
1 305 955282140
1 950 93434227
1 768 709703792
1 551 901043670
1 432 662468834
1 605 46367023
1 684 127387661
1 342 287823901
1 106 818837808
1 930 464453729
1 11 872063601
1 547 159209058
1 622 551117910
1 866 970351272
1 173 773006667
1 35 724602723
1 804 944843041
1 54 369889763
1 87 76078219
1 374 276242463
1 122 386856098
1 739 744333873
1 305 918883424
1 538 886682582
1 224 113530918
1 346 292274672
1 210 1309497
1 287 649814534
1 940 233760062
1 361 711971777
1 921 661812164
1 84 883789935
1 325 735143864
1 455 368643201
1 420 84915440
1 103 21216527
1 939 347883428
1 499 764867409
1 92 987502574
1 176 868750885
1 604 552030543
1 549 781906830
1 159 534544427
1 846 620781617
1 384 99289417
1 74 44857048
1 91 510868311
1 7 937567729
1 597 358742626
1 739 452826382
1 704 411761504
1 475 329566309
1 914 849177512
1 798 29526095
1 477 351542390
1 936 795896523
1 279 980265066
1 538 410014970
2 431
1 306 655297530
1 655 875228969
1 829 836517353
1 596 175252126
1 538 428144812
1 742 194464656
1 81 393259071
1 482 827126462
1 113 601009154
1 950 988101129
1 203 834732089
1 688 16089080
1 542 983489420
1 695 760228148
1 324 103161990
1 126 48585226
1 377 442243863
1 662 87353837
1 817 310105108
1 211 498761972
1 777 236470452
1 612 514761046
1 530 411980819
1 461 53146355
1 731 571316913
1 279 658416845
1 726 173863409
1 5 730149513
1 720 497866141
1 494 748640753
1 772 627177822
1 551 198548594
1 583 688004679
1 16 84215968
1 675 362408521
1 93 9729967
1 894 236324798
1 692 603263738
1 817 791222497
2 71
1 33 579052369
1 527 650734163
1 940 887691229
1 40 807718626
1 376 149900671
1 652 329952086
1 66 718604845
1 601 200101574
1 361 263983104
1 57 398684206
1 897 453031607
1 474 984402414
1 690 607656755
1 77 977033545
1 889 526526714
1 161 982444521
1 356 409334710
1 647 792058712
1 217 331694773
1 797 201109638
1 485 602838121
1 469 802890055
1 143 253804520
1 734 148073428
1 165 197321836
1 680 319115848
1 827 316799186
1 42 481508386
1 81 296717596
1 838 161403336
1 419 570962929
1 561 290500096
1 882 690816537
1 437 408250742
1 232 211803140
1 505 896412731
1 285 779145538
1 341 458388803
1 71 211542026
1 113 35830756
1 883 37822646
1 302 591290204
1 335 987196739
1 105 141996105
1 354 494995668
1 301 636036144
1 384 272672046
1 79 258120441
1 417 896101946
1 226 792297583
1 113 850068360
1 826 99218371
1 263 156305865
1 987 115797256
1 408 36780114
1 722 304844471
1 196 408395934
1 377 430730026
1 805 759640011
1 142 44242466
1 461 219643418
1 66 102910531
1 423 197595249
1 43 578111637
1 939 71900122
1 636 815091203
1 484 515695875
1 482 599727325
1 996 238130622
1 256 634269784
1 820 215120001
1 410 238582283
1 175 960664037
1 243 450375538
1 14 51577897
1 713 636856685
1 403 850965166
1 973 239975872
1 424 854872442
1 758 62058642
1 423 444653240
1 437 647716848
1 442 876638772
1 201 891693386
1 802 15941346
1 594 636873458
1 11 632226390
1 856 400351650
1 204 70930506
1 307 808391157
1 361 303172637
1 74 931183083
1 42 769337937
1 359 71986279
1 756 738795018
1 919 649570995
1 213 520065172
1 365 407261176
1 290 538488028
1 525 890120392
1 843 843773683
1 763 437278359
1 219 289288080
1 468 244229435
1 459 150818189
1 314 143233138
1 438 784225640
1 18 886021467
1 148 675745985
1 655 979533305
1 466 925017056
1 542 80780469
1 854 948291374
1 386 332319706
1 941 383712953
1 416 551535897
1 302 590405555
1 2 38383365
1 238 311360498
1 358 188495511
1 949 335013231
1 118 177484457
1 974 156736968
1 24 677490557
1 1000 140109760
1 77 454794805
1 1 172900541
1 372 505170009
