100
24 12
28 8 12 10 14 15 17 18 13 18 10 1 19 11 11 6 18 17 4 14 15 0 2 10
17 12
30 3 16 1 13 6 2 3 19 10 10 16 10 11 7 3 11
18 11
25 11 2 10 6 7 5 2 7 18 0 9 10 12 5 3 3 13
22 19
3 16 18 16 14 2 7 16 3 15 6 12 3 6 1 11 3 6 2 17 12 18
19 14
12 3 6 5 16 9 18 16 16 2 13 6 16 7 1 12 1 5 3
8 5
16 12 7 18 5 9 1 19
22 11
14 3 1 1 3 16 10 15 12 19 10 12 5 13 1 5 7 5 17 17 14 12
14 10
39 1 18 9 14 0 16 15 10 2 8 10 16 14
21 18
2 4 14 18 4 7 18 7 18 12 0 3 1 9 1 6 8 8 11 7 7
24 15
26 3 14 4 19 5 4 14 6 6 5 8 12 4 0 16 7 15 17 5 15 15 12 19
23 21
34 19 14 17 8 18 1 9 18 7 6 9 4 9 11 8 12 15 10 16 1 13 2
16 11
16 3 12 11 13 5 9 3 6 11 11 15 12 0 12 2
8 7
14 7 5 13 4 5 12 4
23 19
2 10 10 3 17 7 9 19 1 0 14 16 1 10 13 7 15 3 5 3 15 0 0
23 14
32 18 3 14 1 6 15 2 5 0 19 13 12 18 8 3 1 6 0 15 15 8 10
22 12
34 16 15 7 16 15 0 13 10 14 17 6 5 8 0 6 6 10 19 6 2 2
22 16
3 4 12 5 8 18 15 6 12 13 16 17 5 19 14 14 1 19 1 6 6 17
12 7
26 3 11 9 6 17 17 5 12 19 0 1
5 2
20 2 15 15 17
14 10
2 2 13 5 5 14 10 2 14 16 2 1 15 10
13 9
13 12 4 0 17 16 14 1 5 10 17 8 14
19 9
33 3 18 9 15 5 9 2 9 15 7 10 0 13 10 16 16 14 10
7 4
11 11 17 6 19 15 13
10 5
11 17 3 16 6 10 7 2 13 10
11 9
7 19 13 6 17 8 14 12 3 4 2
9 6
38 8 7 16 18 4 0 17 14
16 12
12 1 10 0 15 1 6 8 18 15 1 5 7 17 12 10
19 11
31 9 11 8 11 17 13 10 11 11 3 9 0 6 6 4 2 8 2
16 8
16 10 5 1 18 2 15 2 14 0 0 4 13 8 0 18
18 11
34 0 7 9 10 6 4 9 13 0 5 14 18 12 4 0 13 15
14 8
13 18 18 9 6 17 0 4 2 13 2 14 3 1
20 16
3 14 8 13 6 5 16 15 12 4 1 19 3 1 4 17 5 3 0 13
21 11
35 19 13 9 14 18 4 0 16 11 10 4 3 10 5 7 8 1 18 9 9
18 11
26 0 11 16 7 2 16 5 6 1 2 3 17 8 18 16 15 1
11 9
31 13 19 5 8 1 13 19 10 13 4
11 7
35 0 5 10 9 17 17 11 11 8 13
23 12
17 2 4 3 17 7 8 7 6 3 6 0 10 16 16 1 17 18 16 16 3 14 13
18 11
8 4 4 5 18 16 16 17 3 17 17 5 18 18 6 17 1 15
17 15
17 6 5 12 1 17 12 12 19 4 2 8 7 1 16 18 8
19 13
8 12 16 8 5 12 14 17 5 13 1 10 13 17 17 12 17 10 18
11 7
6 18 4 2 13 10 16 18 3 9 13
16 11
20 18 13 0 16 7 13 1 14 9 10 1 12 12 3 5
19 17
38 9 12 6 6 1 8 11 9 17 12 8 2 7 13 18 14 19 11
17 14
19 16 2 8 5 5 19 7 11 9 18 6 17 5 2 6 1
10 6
27 8 19 17 16 9 14 5 19 8
8 5
33 14 9 7 11 0 8 15
18 13
22 3 5 13 18 3 16 12 18 12 5 12 16 12 11 7 13 5
21 15
25 10 16 18 4 19 12 11 14 2 1 11 7 19 17 14 6 4 5 7 7
23 20
26 0 17 5 5 13 18 13 11 16 7 3 4 4 19 10 6 19 2 7 7 11 13
9 6
1 14 12 8 16 11 14 10 6
8 6
36 10 11 19 1 13 16 12
15 12
29 14 16 6 13 14 1 2 9 6 18 5 18 19 5
7 4
30 0 15 8 17 14 0
21 11
13 4 19 9 10 16 13 18 6 3 0 11 13 16 12 5 1 8 18 0 8
16 12
8 15 10 11 2 17 7 2 7 12 4 5 3 11 15 10
13 7
7 19 18 3 9 18 15 4 6 7 12 15 12
23 19
12 5 7 11 8 7 0 2 1 10 6 6 4 0 0 3 5 18 10 11 0 5 18
16 10
36 5 18 5 1 4 8 3 8 1 12 6 16 14 5 1
14 10
6 12 6 0 8 5 7 0 5 10 4 8 10 6
10 5
28 14 7 2 4 15 8 6 9 2
23 16
28 4 13 13 2 16 19 13 14 18 7 19 9 11 18 4 7 3 10 4 4 19 12
8 5
25 4 8 14 1 17 0 15
11 6
7 3 13 2 4 13 10 1 14 3 10
24 23
30 18 7 8 15 6 18 4 4 4 9 8 14 0 13 8 19 18 15 3 1 12 19 11
14 8
34 0 7 7 15 17 19 0 7 6 5 9 3 12
19 13
23 2 18 4 14 0 7 8 17 7 4 0 14 9 19 6 1 7 5
23 17
37 14 16 18 0 18 11 9 4 8 17 5 2 6 7 8 5 3 10 8 9 15 16
24 16
18 1 19 9 0 15 16 15 16 12 5 8 1 12 6 11 9 1 11 11 10 3 15 6
24 18
0 7 16 14 6 4 10 8 11 7 5 7 1 11 12 13 0 4 19 8 12 1 17 3
19 15
2 3 7 19 12 1 10 19 13 6 7 9 19 10 2 1 16 4 2
23 12
31 14 13 16 3 1 11 13 19 6 17 1 0 17 5 9 18 9 6 15 10 10 8
23 15
35 11 17 0 1 4 16 9 8 12 12 5 19 8 16 8 6 12 4 8 3 11 14
7 3
24 1 8 16 9 6 10
20 13
11 18 11 16 6 0 5 3 11 19 9 17 6 8 11 18 19 8 18 13
9 6
8 9 17 18 15 10 7 16 10
24 15
22 16 6 12 3 6 19 4 16 18 5 15 12 16 9 10 13 18 12 10 10 12 5 1
7 3
14 2 13 15 1 14 16
10 5
3 11 2 11 16 4 4 16 16 19
19 13
32 18 4 12 16 6 10 4 10 11 19 10 2 1 6 19 9 9 0
23 17
36 10 1 3 11 2 7 12 19 8 1 10 19 10 19 7 1 13 6 0 17 1 12
24 22
8 8 3 11 2 15 13 2 17 0 1 17 0 5 11 1 15 14 8 16 10 16 13 10
19 15
18 8 4 4 5 14 17 2 2 8 0 11 12 16 16 16 13 18 5
8 5
4 6 17 14 1 6 4 4
15 8
34 18 5 5 12 9 10 0 7 15 19 16 5 8 3
7 3
8 7 7 0 0 5 14
19 13
35 4 13 12 4 19 12 6 6 17 19 14 17 10 4 2 4 8 6
16 9
28 5 2 2 1 0 9 0 19 9 1 16 6 19 11 6
10 9
15 1 6 14 4 12 6 6 3 7
23 19
16 14 17 16 15 5 3 4 17 0 8 13 14 2 18 8 11 6 7 2 4 5 5
12 6
39 5 19 14 4 8 7 8 19 18 11 3
24 17
7 1 18 1 16 7 16 2 7 11 16 11 5 3 10 3 14 17 5 2 4 10 0 5
24 18
36 3 15 13 12 7 10 8 10 19 12 15 6 4 13 12 9 17 15 10 0 6 9 7
12 10
25 4 13 16 9 10 10 19 12 6 13 1
21 12
27 6 15 12 8 6 16 12 13 5 4 18 12 8 11 6 17 4 1 0 17
8 6
36 9 7 6 6 16 11 1
21 18
13 19 16 7 14 0 17 12 9 12 15 12 11 5 11 2 1 10 17 11 5
14 11
36 14 17 9 3 13 14 9 15 0 1 12 1 3
8 5
9 4 3 5 6 5 1 9
24 20
35 9 11 9 18 4 4 16 17 2 13 3 10 5 1 13 13 8 4 12 16 12 17 8
14 8
25 5 15 4 0 18 7 6 17 1 18 9 5 2
