99
23807
19577
66853
74334
31342
59455
48392
1150
44169
29286
7278
70126
52222
23505
53519
67573
45707
54015
15400
10310
93905
14504
50836
97511
33584
79722
15739
83149
99326
83388
17518
65177
61809
26489
75046
15050
69836
84181
27903
23614
70304
15195
63071
38153
83127
71740
23790
96930
62692
88286
83469
81975
55947
61854
53457
90868
26492
39087
62266
10028
73385
22276
66700
96718
33901
79567
74393
19537
83095
73897
75268
25539
37950
91175
93990
12485
53564
96946
88829
19309
27775
75499
89023
59001
33794
46724
21933
51635
46565
83566
77987
55558
5247
53639
85182
55535
65718
13480
58335
