99
4075
84776
88708
62456
98094
35976
97063
55399
30661
70097
30509
41052
17837
63493
74793
40526
63993
74576
35849
30595
24809
82359
19862
45878
91260
19968
69278
80396
86384
49145
80651
59992
42238
75334
35668
46528
27859
99366
75734
84813
75963
8444
9530
20408
89006
86821
61857
42493
27322
57842
95241
26625
43747
66937
2144
52573
13405
30318
64036
76621
88181
30359
74418
32230
34165
77655
42018
15937
49730
44453
6142
70496
51922
7952
15122
74767
11615
66121
93283
58287
769
51098
45747
57016
17389
21549
52925
59004
42728
92577
97421
56884
91062
26223
33085
255
84191
85913
71266
