99
39316
41257
22796
75956
90742
20444
16206
30113
1831
14134
83032
18625
4671
49260
18652
88359
47254
71710
22658
52733
51022
15952
4415
80569
63936
74153
18959
79123
53618
22624
4678
40936
86267
96046
82637
80198
69073
98291
10891
93803
44238
85709
78644
78412
81634
25232
65946
23929
64312
52673
95353
8764
46234
48595
69946
5886
96857
21122
68259
90822
41758
74079
42752
44818
84386
52715
82822
10415
41987
79489
25603
23511
29633
56759
35865
42879
37822
21349
27421
29845
74766
83703
62416
93383
67071
57985
80916
99534
91948
72763
52270
71553
20758
26277
11086
53660
39953
93742
5656
