2000
362097
550254
905032
187513
535768
590442
596560
778520
486309
122696
410642
101846
860758
563541
469819
9777
708978
340125
387056
573946
170073
273610
659106
897914
559826
860934
408137
523417
228098
817122
308745
106546
883727
730129
294059
419494
320570
406970
714366
806878
46017
125007
908723
423126
688547
894894
432903
913876
751370
336310
487821
921443
609919
663278
819356
169745
40564
743845
693161
785013
77318
518258
891558
961044
248386
701968
380537
568955
625289
611254
892184
187658
736260
317259
610783
941158
728504
560037
855033
479873
412699
859205
917667
22617
38835
253375
192361
595750
997219
401874
380762
74536
436483
788671
35579
684868
6991
932467
770174
148631
543721
178709
336288
796332
495967
463423
253842
224470
539811
108874
220695
952509
484431
138361
975126
523265
391735
683838
119014
388953
602063
16127
979840
38545
321149
531770
239764
328139
980589
9937
476770
524309
704998
329409
836992
200964
792831
90833
941786
848994
716059
678832
801502
200489
817192
292979
240105
725279
493169
875470
630583
95231
407948
610423
133776
729096
658544
889891
57235
639132
899828
50356
679792
604825
379764
516784
322140
688947
123968
780277
537940
840026
459108
855793
556866
792652
148772
313322
517930
641940
705143
148512
253522
113090
275286
903649
842186
933830
793540
899420
89313
209719
466127
769105
814543
362242
285888
653034
567540
926207
949663
621831
282585
408770
477624
355802
717773
142747
669124
752054
301038
374266
900566
554559
487356
692203
458208
329541
142384
251747
745312
231697
461465
211438
801
792359
90031
803040
961744
657571
729246
911406
279401
528182
836528
273376
883984
554300
416122
553107
306354
717159
443724
723271
271718
931079
931825
246277
776971
74209
498023
38634
822257
475839
766423
339409
784549
856454
658800
746292
514024
904397
657698
309776
432579
10577
583152
316562
564876
999273
386020
387581
232784
829743
110851
504501
760822
559028
267129
54144
149588
765151
92778
971844
757341
859200
827604
58241
232005
486403
804532
746028
390799
978581
572156
823377
989157
155307
656290
70385
154579
42309
974317
903714
872052
601520
408214
149225
160547
675342
203368
310134
956844
812497
798329
230536
188049
625932
288776
420053
628686
609660
682433
19484
104592
254588
359213
610101
409894
15502
680485
80824
57811
654801
984538
446214
256320
909103
595438
933218
100797
315157
243351
573992
644006
41679
804528
832054
183962
609655
768458
812647
219314
450890
832131
323906
221829
707695
450358
148074
239548
130842
745250
813710
301994
246139
259923
74666
155241
371712
7883
772389
203221
767586
346381
847226
809264
667260
195631
509578
276914
964088
322224
12580
414978
670706
852837
153158
378400
303194
301232
134300
950387
46481
948009
768732
292619
207932
843397
964211
579643
367632
736600
299215
135217
82980
146440
944480
266591
342070
970409
59856
822510
292633
72435
753839
479690
441623
906996
374442
261168
208227
508741
727906
254707
456749
496638
63677
664680
340034
27888
760675
707665
764487
59889
842881
363818
722681
303713
630408
581102
274121
690263
403611
83105
279050
157449
562795
237024
580797
937236
498192
789023
445976
226097
560082
902724
722734
623758
83756
579120
651645
360782
803136
932483
937022
162369
296300
659702
466081
926707
757156
256553
133322
160766
339658
928723
834567
902452
165746
931715
356039
663937
720737
802014
406386
797170
221089
645471
937280
821196
740942
105276
181977
544078
37759
118999
222798
334058
295052
205230
777117
52207
461782
426790
729325
317791
355512
80243
736594
521257
11957
92632
701546
249045
410997
624283
562567
632086
269753
499846
969633
527047
605121
151610
587476
159231
786960
810273
493289
598363
15502
786757
166922
993635
213546
412598
311426
569057
9192
48019
90313
21148
140651
308210
786544
551647
932492
865462
700084
202245
881659
669717
245643
3132
337678
833118
162362
640989
159742
655650
755703
175243
958758
922624
168877
172303
335221
480302
741359
344412
528321
348024
881911
185323
656233
184807
736969
588725
566620
953405
307321
448279
139473
69315
451410
993502
902432
613771
150842
62173
785773
906544
753767
744530
345520
922643
433185
197092
919297
690895
541504
963969
38918
939766
149291
211503
640924
402611
316579
207544
872367
140251
655822
11839
209565
623583
521692
628348
237353
672533
206872
539477
579077
960638
800359
924596
399632
233543
121687
835280
924437
179542
799248
479707
635660
464890
207561
792935
867501
524139
478
739867
180741
172651
268058
906657
312585
789749
535004
66290
462282
258227
605766
557710
218864
406124
998657
134847
156018
636695
970127
80455
332589
285726
76513
484600
750616
284073
277534
134468
324563
794364
390686
21655
483366
658743
928311
795951
964844
979666
862240
943477
237892
984357
17538
456755
906833
16194
107953
62850
169240
78079
143304
18180
880157
736168
502779
630772
20240
296665
281591
861154
91028
672276
882808
90745
847371
811118
886695
328566
790783
265286
272042
545026
765995
289579
1780
672827
822124
626085
735676
507715
220515
395332
525895
100671
647851
28673
247794
668091
325337
529384
45596
932716
201660
444756
23461
565382
255873
426507
893947
563008
208145
165988
108033
974139
971918
626165
163317
310393
252249
415344
334459
989115
327027
860353
89786
974878
405378
337579
642968
247066
866963
204915
179782
584974
649670
719594
666707
421895
662452
560653
501254
870596
242992
125638
361086
731261
751802
40754
558005
520402
456098
892463
509517
783124
752816
115654
758001
158193
453232
917320
921610
836546
122235
101391
937871
288256
337336
604577
710150
999788
165229
727755
386735
924572
853393
264173
655832
121546
304926
213836
641948
277375
106299
667816
60499
375466
783469
334851
50010
753052
252171
971619
589598
890757
589362
527468
695364
926697
648397
921866
442836
813625
649620
829571
254549
503012
93743
910380
624558
915020
640568
782857
192395
263218
450672
252893
638683
750492
104095
688692
503543
356265
660310
609492
763373
249671
653312
975089
692720
301708
896954
135555
631684
546573
481477
402584
49585
91571
312964
190494
6591
469883
973350
198985
733100
940373
968229
371782
690864
588675
576825
710758
461292
237134
836602
224664
3157
489913
199752
212228
307972
613057
864134
456007
159630
345611
858591
725566
953533
687906
916059
960123
674140
889408
675459
407239
829780
160039
295372
520643
748714
872196
747752
210005
625681
584353
951020
145189
590617
667124
357416
414940
280180
737902
387299
439809
83512
762241
681726
37044
450146
597784
513519
640637
487191
705329
47875
316970
865368
859598
353964
130433
731793
101716
856789
873825
202420
807808
19014
309389
991283
892781
724328
271463
630682
111626
227623
230545
390218
909349
783941
840363
23484
297459
480999
510675
2787
45225
343996
384506
904822
697960
31290
152966
316027
888078
26791
34798
212238
562156
344186
203520
454936
584866
991334
85618
212843
735309
832514
603061
161009
616454
959775
184492
913912
957126
695166
433051
2350
39162
333908
423524
253473
365198
576489
85851
253275
119631
120648
465512
681786
981186
185384
136722
566051
176717
738691
295245
428377
571204
898305
589385
187658
858080
290229
617921
815205
501746
567323
333906
57259
901231
273781
310731
266428
850270
396581
36054
969900
33581
17918
168038
14766
203301
304759
97168
896369
559801
392412
324746
647356
290717
430482
351365
665148
720710
969286
996704
222456
536608
846961
279714
954190
120742
106797
220617
971011
19729
256671
457262
53309
274588
625299
584426
994240
446409
681593
406960
522561
74005
248057
169917
881073
678539
521281
546220
915600
6918
542923
654407
59878
389883
450473
14067
510624
557269
234684
997986
93349
7706
971600
146658
798645
596898
247435
309236
559659
929028
716195
82219
3032
964252
252135
884104
159142
289768
946675
74741
813037
489597
245500
872914
395831
695972
403333
422807
769592
154368
420792
862940
678425
392391
525949
477069
505641
773384
302656
65299
218763
18850
663869
738146
499453
432356
622249
658594
238475
85275
249687
51511
91223
495186
440777
487053
191157
844109
909859
477100
514828
847003
340039
193252
755745
382340
670320
777737
672075
489327
359387
890837
508176
23256
628982
523981
971963
767582
182574
210437
852856
948612
778299
944078
443797
219075
947482
151305
579535
373693
628404
94362
220695
484795
287613
492791
383486
474284
786880
55560
963610
146266
946396
988138
685873
91729
512118
174187
859310
211043
384623
228517
159655
162922
172594
119803
898348
120075
271108
477883
493767
415863
572244
230813
417009
859857
239956
800494
850492
543187
856053
814102
689452
318800
318591
891677
410528
830708
65863
786189
558102
966838
14705
234108
129759
703650
870263
28106
823725
657722
22340
833843
73584
594584
581008
490593
970792
820963
807438
821283
364149
179843
151736
569952
498642
470326
977980
425522
817385
560195
211710
375487
527032
742767
125946
173142
446416
996208
717599
270140
653929
739939
620335
243865
850874
201342
250809
821665
538656
58246
159299
419156
238088
827387
989107
253082
297712
483439
678603
115097
43633
890312
6935
87016
633078
649232
260157
79494
645440
494107
865985
815720
234045
486319
59584
84918
204012
310392
422934
742667
884990
98585
161822
123077
925971
667281
892510
740034
150719
571112
371482
710703
977776
894768
797718
127205
544000
574226
723050
705791
68332
105387
521510
302377
591705
97446
903646
312069
407837
842932
54735
809178
457868
732909
448607
383838
400189
341116
123871
67259
912228
495353
294313
406355
390120
92030
533559
450471
182607
256609
156261
250938
361995
194123
69666
470051
291568
489664
782119
215756
848947
353206
24934
306814
602466
473540
690651
519006
331007
330873
586264
759586
342577
396928
165940
249049
488957
699499
699519
187915
472459
372132
955204
350805
566254
24870
820855
857821
30885
119326
589928
879831
988883
614861
186644
591348
604752
393646
110353
452111
724518
212968
211696
583447
609895
377636
832495
615203
593486
48365
803117
65944
936848
758320
416748
503101
299541
753954
877273
846777
389631
983553
726607
894865
598413
429602
486212
719517
823247
112916
687979
64117
325883
899674
647563
452129
277309
996409
67331
870794
561125
386799
453089
497973
661471
386188
517425
477363
656494
911050
324140
46124
894602
50746
940989
9366
480348
943552
245234
819946
56468
933212
884062
898702
832886
47976
867183
626546
560736
934513
13692
121861
837664
466780
136185
499134
369320
169961
976496
25813
81010
300635
588288
491963
867733
529276
501329
864432
989180
746562
684377
561999
196126
84791
977052
29011
649118
844234
655556
209854
295099
185599
848066
132762
652379
500602
148247
21698
670562
641094
563862
267924
941729
152149
759886
325813
197777
777566
190244
186956
40480
390972
265306
236605
475762
242357
265615
641232
602943
437522
851085
898041
623121
699150
547154
791851
716103
695400
329900
386664
336493
893761
170939
794573
45909
447177
636737
243685
224742
343332
946992
265221
734304
728649
501825
726417
971006
767439
367648
90300
721313
735084
504692
344433
950585
51845
652635
666687
263596
982534
569703
116440
876294
740641
911013
438554
187817
64101
682239
412559
407433
145582
194131
141736
874231
695956
384504
361588
979746
268504
451887
217410
3587
956578
561842
954172
524774
730828
137210
788369
713361
706912
904808
106006
963905
332172
544560
151721
396273
226798
80631
803705
888731
274762
461792
762961
487069
362647
124548
983166
631150
92786
200576
151089
49363
278769
105260
574136
9597
242469
878856
722957
465733
783664
828963
429637
115835
889874
581357
28459
116671
178340
348515
521753
969453
326658
284714
972873
689305
925613
956038
836806
534751
156613
987894
100465
951734
609505
190953
961330
368326
69808
200638
834058
853471
545952
263694
485658
435825
361402
30468
68847
56093
895335
590600
25545
221992
391665
998417
427648
317277
470807
780806
852027
627419
285051
468844
579152
894556
659796
56833
262881
729603
257471
613290
99426
803422
393335
101435
755599
754736
131902
824445
327181
27236
415044
352725
765580
323060
867494
193227
156689
338300
490384
525067
482070
775435
993910
61222
669990
653705
634406
449222
383308
891876
62511
482733
211650
455845
584167
967248
726932
232420
308044
54112
259656
239440
923189
541587
562499
790682
251165
719187
645333
741549
244254
127402
516983
754515
704975
703324
408220
339381
668897
791527
747608
731407
790611
475609
703603
891129
442856
946886
123548
267252
517350
899555
506691
440538
441141
585541
747571
692306
821080
392903
950206
581685
36656
983540
336199
741631
686863
744418
597363
355759
52296
861322
603517
842906
336931
823471
734034
296138
770356
373934
563389
287705
273488
586431
244594
230981
171972
992164
923286
993051
901418
389843
574735
938074
373382
910933
196056
60244
171703
309770
932354
223998
171091
535870
66904
508021
875692
317289
804159
646047
691222
883899
450104
481062
470330
694697
712042
158653
203213
151679
668055
104630
541521
759141
559055
431254
186425
271462
7849
358127
97583
940202
582125
268674
992423
165380
293046
868114
999020
97204
30512
206594
497455
480615
204007
484136
691664
916048
642788
894876
584078
310842
515857
641950
586334
591264
73203
772758
379077
81051
130885
476660
537604
229361
745333
46378
911092
38378
430843
426463
651934
461354
149408
665740
458321
353414
149875
149984
785813
792662
561211
369890
619855
593419
528191
206188
184682
117745
495297
563759
715147
626181
40418
252750
371893
302102
815479
799336
856831
246321
742151
25116
707675
891558
690855
682347
244972
840729
348682
30784
149742
909892
917026
769596
19662
961568
492135
720696
79313
987432
284454
794459
129964
841223
563561
18209
659676
379039
817544
516506
625360
559694
541622
849386
451252
232476
531732
212575
589557
396765
759710
739298
823008
193087
25246
842669
154655
517380
563364
233967
504811
364169
544777
151127
205391
108337
169335
865066
487376
503230
897924
629087
62924
439545
