2000
729422
106176
893764
664263
763192
720295
62566
37390
613091
537335
750205
59509
608440
158785
167460
330382
335422
142593
926433
589501
571452
726611
441450
102285
940392
5928
423747
810893
70149
89101
796812
799570
711628
690575
980184
474819
410869
559101
28560
540312
96435
778764
116172
221227
453901
799984
551608
789322
458928
478040
895174
30380
721003
336623
649016
177746
342550
72762
504990
412698
678214
301801
728619
906194
508728
225155
381012
435948
784255
925924
492611
397042
704687
608783
618268
158587
925118
686227
464260
384045
680619
359434
930776
401621
212408
579792
95718
71310
168905
600707
359
363471
418859
245330
269664
927586
470484
167027
363534
771090
92950
856144
684483
313989
981278
302750
988927
906395
505329
453187
290440
185947
328972
737567
103919
57731
317358
199636
645392
2615
316694
162103
366085
735552
407432
635748
179490
394267
802774
543023
165356
895724
915518
849839
726064
896796
668940
714990
319542
174268
684528
126333
876566
529851
863900
980484
587582
697609
696471
749325
700223
13164
911427
66307
265068
318858
218406
444557
229476
21180
503931
911184
433255
419448
277374
159318
832595
946313
390659
152137
636933
75187
794821
513498
121389
658720
10334
708970
356329
706804
974647
56551
236320
886073
639210
501387
721283
857615
945943
950758
395146
449873
378293
344752
385672
655666
504069
218267
601979
411080
886755
755263
486266
681575
785112
607654
856647
795445
832976
212975
18601
323974
785877
254920
210046
941438
756306
447680
315405
702248
914790
710550
668472
293082
55302
54143
948748
75722
788761
67078
486801
675515
822340
489418
873442
123803
613424
730088
919248
962751
459414
454200
286724
761642
709119
496769
703080
465424
460801
534836
684023
375590
245385
352494
668671
817038
406636
617418
409112
195397
200847
895912
387263
23186
901682
777056
146989
515105
507143
582588
477855
482908
36787
280930
760902
262257
777698
980333
244032
754850
515168
928054
130439
276904
796899
799110
93942
719886
932879
503053
431634
133726
915316
818897
673263
333349
595952
336603
364805
619447
435542
359011
618706
988680
639940
379607
250936
933990
359939
494967
688839
875106
939372
819278
152010
736270
134739
762303
456156
67617
781707
887789
717694
213374
223037
907309
546723
818989
243911
911527
954787
195805
270538
573492
184484
426829
469451
951772
360818
829389
446738
49657
220847
386110
385286
889208
638731
520024
651510
94886
103992
433216
499027
338038
646589
722063
245346
709663
57403
5608
137542
12189
201412
924431
102033
902248
351259
87835
854019
712077
917223
817108
278085
654421
719569
663370
543628
358300
183393
195137
969537
287384
144704
468563
625421
307645
190626
387118
533659
248028
392726
671200
776569
110489
595630
394953
12736
946889
482787
866754
175317
916361
200214
453401
570782
919782
116770
630761
278081
300162
342250
763970
103897
486953
232532
245670
310949
939509
632787
844608
703889
541864
515807
480457
652353
627789
391761
181440
91029
390899
564546
266345
307259
764759
236097
394392
684540
869218
541505
478973
685731
883754
242942
789627
370706
475473
551648
681655
414982
700787
42614
118870
242650
558420
115678
411354
702560
23790
592794
793588
414688
157339
576284
238298
438449
328732
149042
122988
197949
690546
601960
883679
574299
844901
189658
461356
836726
741305
143010
768059
958443
701975
403280
717445
776747
35309
128798
479306
59098
237943
789246
473785
911633
881881
712082
350081
210613
861123
989421
408561
68020
591380
808592
642318
952633
998249
103674
305710
255905
763035
590120
214348
465010
993399
448144
241756
28707
576941
237413
87804
331236
26658
77940
759220
908539
306373
625653
635503
683848
615073
560415
751867
722804
369006
394185
191788
883606
497858
13849
655863
777244
603968
870210
242253
597366
318353
360
142424
411645
237773
746579
259232
264430
824518
534804
689320
130891
160456
324822
331090
291880
885237
82956
531035
254242
477140
239175
654200
491349
253023
310062
268593
856991
696623
27197
970708
531327
27557
629484
942971
265329
376062
718555
46110
716932
769710
735430
364174
930165
60251
695263
738396
945487
778218
785782
716081
771710
24956
886632
779410
277979
196693
564354
651321
893315
591551
622028
424641
135459
767863
883963
917139
143925
118869
963248
377208
888578
698677
741381
335094
275280
952995
589841
737118
247564
375623
453198
19273
400578
856181
315035
678556
52873
879388
329876
462539
470938
468256
403531
122748
236118
287494
39886
896394
922714
3134
273601
811292
218162
531333
146385
493441
484327
736226
230559
731891
628200
200108
267515
28777
56289
582549
707333
625513
461937
553560
88052
449226
21815
491582
88326
774285
295427
128211
187030
218141
647696
460631
29432
865858
508315
692168
875650
508994
944745
622560
757236
572944
339020
24750
118073
395308
123651
825405
537172
101939
895316
625223
67516
433483
633157
155841
207767
928583
800404
394796
663075
448099
371778
208858
830308
396445
417378
705958
905438
362122
844869
662673
451418
183888
203774
569490
579195
843776
911246
632719
462066
806561
774293
529582
240043
407449
201774
964161
852384
2177
875309
515458
966628
763438
240668
796935
159882
658045
19244
581671
536518
864113
760695
987935
48000
480821
73776
143547
324596
501373
776265
786662
307934
550557
832595
64328
474358
34368
544841
326741
36545
936501
358550
519524
699938
599217
316458
376172
773613
335702
957842
310131
716166
234889
298065
764165
715709
888193
907711
556656
389565
200327
859669
213850
750884
692263
794530
741593
726631
339370
584685
279527
275870
943234
799050
492159
58803
631859
868330
832415
483912
342524
142545
200077
577412
956962
964242
293120
361506
388304
366127
267422
588631
225796
481272
855866
918058
792153
597458
161040
131522
182142
956918
923743
641727
272319
932253
216881
904178
800583
49296
388089
143106
708192
588166
236869
181505
68759
46340
543010
457062
412466
810432
562044
638261
808055
934261
72671
600207
531718
233710
248080
230211
190628
688174
388290
979298
620426
605170
883475
937360
170817
787916
596817
879009
892433
833685
60513
961191
880024
119875
934604
808842
446658
13000
447102
254712
947260
519772
854918
995330
269834
619349
225540
976813
307522
130181
956110
444299
735351
839585
381659
906167
627500
978475
301527
36284
328512
878392
997474
724887
514618
448429
533728
961275
461428
497182
215986
408688
16953
587255
404017
803138
722955
145908
779950
30476
276089
736060
991126
527791
575644
372784
433957
719495
867611
251836
755778
712474
646579
269603
437360
161196
234383
971088
122470
695811
468269
338455
104498
1573
442061
24866
804711
165015
170773
584660
711842
963213
320719
702967
491003
412714
592103
441312
648560
976065
209499
920689
688538
856077
706643
125897
17272
941026
613336
139741
636836
81604
994547
257685
599529
436607
798902
920591
117973
486026
505250
829814
449239
342321
49132
456593
271386
641234
414256
436298
133650
623754
356986
822187
479830
579981
948084
497101
521006
77771
153193
674193
675727
664091
448229
275255
100697
247130
195845
735021
733155
217446
81186
698745
76118
130318
155338
863856
287903
85945
300153
421553
709699
173490
760091
189528
753470
708174
202981
790827
302297
872525
465019
978023
536616
913247
253277
153664
676728
965473
888685
926235
699270
969870
624979
775388
616539
296668
639243
420794
382613
455747
842346
608663
145588
118788
798190
899058
343314
517522
206236
645610
906399
187607
623632
443014
617205
393260
113029
293933
358732
518065
220167
574353
487935
361497
349740
620825
658165
505334
41618
557129
477432
400315
165791
623020
519103
480332
38429
862416
514206
244664
24377
420604
948622
648008
379969
565827
41267
492997
859759
916350
11062
596277
490702
15348
957773
356794
152524
615937
378479
710494
689417
855911
110808
855207
995282
146262
335539
33710
525029
849744
794725
549405
786699
743347
713764
166667
309173
755030
176015
685283
187731
703428
281559
678433
235127
239331
551578
387651
371620
930056
98144
61036
785966
725303
432595
297599
387917
768133
331308
912945
134228
642385
978702
920926
385731
692465
87592
211255
963847
779958
412889
151577
483386
694447
830009
718512
450129
897938
622514
338100
827994
237009
915488
130311
962312
348082
427910
350228
116214
275569
779524
766793
917953
758225
687718
820035
967042
291661
31289
930888
71618
960529
82464
71355
171327
428825
306219
621456
326762
928732
475907
154755
165741
391394
801418
644404
739475
229327
994631
372040
21247
290506
138832
939200
565083
342901
759234
532124
634561
306875
463011
222531
783755
61826
293885
955082
490650
600103
576537
817412
45187
568795
488518
727279
960189
806287
371682
216015
35613
882664
104407
573212
173169
759590
512411
738251
102491
787996
786726
737051
611222
766088
475933
394977
827914
769818
350058
834915
886272
442946
652326
447810
528092
657196
175088
488280
463482
546769
220647
15447
429432
325053
588658
118953
600994
617420
373555
703484
405415
160281
956887
532989
442720
432819
444317
270633
718988
310726
105548
121612
753671
274225
569421
281762
447772
744509
286394
427606
807629
23392
443052
237061
864796
548061
872365
465789
165480
245919
169273
87246
922551
642511
620234
365271
75329
64550
152255
310669
891627
257802
432280
645297
48379
518052
443411
496150
778912
246156
440107
586541
785899
883158
339953
650694
947570
212317
116482
113049
458235
802106
200295
897138
960968
336880
262408
36297
917782
414662
863317
809408
188816
295596
971057
237194
813647
930819
249695
592559
693326
689802
695451
479224
89311
35403
129917
36881
764071
762750
666281
738657
81208
382927
635794
42175
719807
898201
594823
153940
829215
458139
479699
18030
753734
450755
771575
83733
897925
537621
192643
591250
743774
888093
70473
349437
923495
200389
902669
203917
479491
568949
942573
560698
951876
578367
602872
188034
992919
197695
858325
338485
172185
338023
356514
925919
305130
644440
526003
203054
698413
718645
794304
442186
606737
381128
307974
46583
97869
210642
250499
577359
779591
709423
654408
247818
287789
773631
952203
797060
487677
810527
135544
659862
148549
8410
585780
970030
169201
628134
173084
867613
346778
483739
826151
469866
864866
134124
516448
962734
344766
283298
56444
640708
992720
710851
888525
796861
484482
840727
110272
972158
167605
762167
148371
832505
770576
250502
802535
456129
878635
491970
323741
225412
975708
149891
695277
356925
800367
728076
319659
145132
527725
892454
785839
36797
603305
190715
833657
604138
31441
460280
92647
199045
222446
241018
31549
509374
491519
350435
965502
370154
842404
805594
111917
818111
471837
323546
691388
272203
51621
527398
933686
95698
419851
719524
132494
539507
426590
966150
143644
974382
942781
752643
173426
681578
993660
721326
190951
485178
71761
672804
371683
430516
478398
999952
764979
466586
323497
456366
738788
375117
983763
188825
987166
919965
908348
119659
459472
851289
602160
119467
825670
544940
872109
515447
226518
865768
236772
933820
867298
824884
606624
755332
771752
601373
755283
536730
67958
78779
509447
323097
970248
493209
511921
957413
929525
936620
77072
388996
787908
679231
508463
613577
224171
380571
129023
967040
762691
882146
900859
629988
223382
507482
385319
995133
108854
140602
48214
693163
735732
557660
16259
705979
50868
528179
663392
980392
464798
256815
885740
769057
936045
910554
382633
676567
291124
28007
643606
570166
426505
544465
200153
649886
568298
101824
645018
193504
758777
693231
886666
494508
250890
419277
716839
818109
947455
896582
314852
928605
153396
716943
214013
89440
627496
112998
282359
434972
141004
925964
5137
567508
986780
721642
733745
71430
823465
378762
264933
98593
588344
667950
109452
355585
87226
826290
690045
551033
722871
521249
995989
392618
238191
210001
998410
865687
322998
280768
817010
980354
723083
822146
64213
709863
543787
797958
297644
883603
693071
78928
498547
797767
746877
607999
153351
350455
950640
359748
417839
189863
880996
413827
582480
635538
140179
580889
17576
979529
861656
834585
959882
584739
656731
540446
810953
200517
338403
624948
600472
547826
703875
99018
345592
967103
707016
498942
317557
174008
375041
251747
363870
256036
665573
946349
407926
322104
43590
425501
301632
421597
260086
777865
522687
916816
318310
849991
633684
173065
474938
234155
720890
178812
849525
66481
662267
556540
81774
496175
246899
456815
747922
610768
229202
929846
73469
637127
251949
633410
62628
553580
55006
839065
331444
577693
755880
166106
427683
905915
339170
902621
140070
60059
597784
989594
642891
776402
62485
724664
272577
309384
697830
20498
436503
927032
950343
509971
80510
202292
659732
659489
272223
714738
498553
120019
292430
770784
286124
236464
676699
625293
655436
333120
201703
769572
322713
844593
545973
901549
569256
818549
727284
783438
355398
163787
710469
822093
190109
307330
540736
849841
966819
812958
564578
981723
932976
373359
752507
219099
126174
429205
360743
781610
762324
78797
551181
601388
923389
97153
19288
8997
432054
746572
792434
303803
910358
19254
125895
100466
326583
666630
466658
809753
995940
31235
791476
445267
920945
60334
180718
47119
5890
541460
345080
284565
620257
896260
885952
59997
509764
905239
68993
458169
651810
861426
761972
78519
397031
404218
178985
723614
587200
161994
533366
583139
193229
841193
544757
630525
901526
725474
193995
907415
783286
539074
191979
919894
951685
594282
979890
461449
15873
565235
435969
184034
943012
197940
262553
340043
118510
957889
63656
705709
119882
113373
805199
829462
954566
349955
459987
856091
75429
170333
763506
858714
709407
471836
294959
661091
66118
791200
638891
598342
356434
591212
782375
815798
789151
561279
155840
424012
519167
735847
129720
155401
849219
934918
984862
803784
284873
961200
176227
876653
131533
456084
251718
357291
927919
546676
534733
510388
337875
173624
625081
210661
764835
407456
26458
70337
968734
182297
494349
4253
918143
140420
159653
283713
75338
