10
10
45 19
39 9
42 5
98 0
19 14
6 10
75 1
61 18
46 6
92 1
10
68 2
38 11
22 9
41 15
85 12
68 18
74 3
51 3
82 8
5 16
10
34 14
3 14
82 16
29 9
9 15
0 6
43 3
91 2
15 13
59 6
10
22 9
39 19
62 9
55 4
52 15
91 1
76 11
71 4
10 17
31 6
10
84 13
3 7
18 11
52 8
42 5
95 4
36 16
78 11
76 8
42 0
10
7 4
2 9
98 7
47 4
8 11
9 13
35 6
68 5
12 17
3 16
10
74 16
19 12
10 2
83 18
32 15
89 1
5 17
7 16
45 3
57 17
10
62 11
55 18
90 7
9 13
75 7
33 16
37 13
88 5
40 19
30 5
10
82 9
28 16
65 18
32 4
50 12
80 2
57 18
11 3
43 7
21 1
10
10 9
77 5
9 5
19 14
73 17
90 11
47 8
34 13
3 6
42 0
