300 300
1 1 1 1 1 1 1 1 1 1 1 1 1 1 1 1 1 1 1 1 1 1 1 1 1 1 1 1 1 1 1 1 1 1 1 1 1 1 1 1 1 1 1 1 1 1 1 1 1 1 1 1 1 1 1 1 1 1 1 1 1 1 1 1 1 1 1 1 1 1 1 1 1 1 1 1 1 1 1 1 1 1 1 1 1 1 1 1 1 1 1 1 1 1 1 1 1 1 1 1 1 1 1 1 1 1 1 1 1 1 1 1 1 1 1 1 1 1 1 1 1 1 1 1 1 1 1 1 1 1 1 1 1 1 1 1 1 1 1 1 1 1 1 1 1 1 1 1 1 1 1 1 1 1 1 1 1 1 1 1 1 1 1 1 1 1 1 1 1 1 1 1 1 1 1 1 1 1 1 1 1 1 1 1 1 1 1 1 1 1 1 1 1 1 1 1 1 1 1 1 1 1 1 1 1 1 1 1 1 1 1 1 1 1 1 1 1 1 1 1 1 1 1 1 1 1 1 1 1 1 1 1 1 1 1 1 1 1 1 1 1 1 1 1 1 1 1 1 1 1 1 1 1 1 1 1 1 1 1 1 1 1 1 1 1 1 1 1 1 1 1 1 1 1 1 1 1 1 1 1 1 1 1 1 1 1 1 1 1 1 1 1 1 1 1 1 1 1 1 1
1 1 1 1 1 1 1 1 1 1 1 1 1 1 1 1 1 1 1 1 1 1 1 1 1 1 1 1 1 1 1 1 1 1 1 1 1 1 1 1 1 1 1 1 1 1 1 1 1 1 1 1 1 1 1 1 1 1 1 1 1 1 1 1 1 1 1 1 1 1 1 1 1 1 1 1 1 1 1 1 1 1 1 1 1 1 1 1 1 1 1 1 1 1 1 1 1 1 1 1 1 1 1 1 1 1 1 1 1 1 1 1 1 1 1 1 1 1 1 1 1 1 1 1 1 1 1 1 1 1 1 1 1 1 1 1 1 1 1 1 1 1 1 1 1 1 1 1 1 1 1 1 1 1 1 1 1 1 1 1 1 1 1 1 1 1 1 1 1 1 1 1 1 1 1 1 1 1 1 1 1 1 1 1 1 1 1 1 1 1 1 1 1 1 1 1 1 1 1 1 1 1 1 1 1 1 1 1 1 1 1 1 1 1 1 1 1 1 1 1 1 1 1 1 1 1 1 1 1 1 1 1 1 1 1 1 1 1 1 1 1 1 1 1 1 1 1 1 1 1 1 1 1 1 1 1 1 1 1 1 1 1 1 1 1 1 1 1 1 1 1 1 1 1 1 1 1 1 1 1 1 1 1 1 1 1 1 1 1 1 1 1 1 1 1 1 1 1 1 1
2 1
3 1
4 2
5 2
6 4
7 6
8 6
9 2
10 9
11 1
12 4
13 7
14 3
15 10
16 2
17 10
18 11
19 9
20 15
21 15
22 17
23 3
24 10
25 24
26 1
27 7
28 26
29 13
30 21
31 20
32 20
33 2
34 10
35 31
36 34
37 30
38 27
39 12
40 21
41 39
42 28
43 23
44 42
45 42
46 30
47 15
48 18
49 9
50 1
51 30
52 22
53 18
54 8
55 33
56 36
57 52
58 6
59 38
60 25
61 52
62 12
63 61
64 22
65 62
66 50
67 36
68 7
69 47
70 54
71 64
72 18
73 63
74 12
75 23
76 62
77 55
78 26
79 66
80 23
81 21
82 8
83 15
84 58
85 53
86 30
87 51
88 30
89 19
90 42
91 53
92 8
93 20
94 60
95 85
96 15
97 29
98 46
99 60
100 54
101 54
102 16
103 21
104 12
105 39
106 42
107 68
108 4
109 53
110 88
111 19
112 40
113 3
114 20
115 14
116 35
117 29
118 47
119 36
120 62
121 85
122 70
123 52
124 71
125 25
126 83
127 24
128 22
129 61
130 64
131 10
132 123
133 64
134 126
135 120
136 117
137 58
138 59
139 4
140 60
141 54
142 42
143 72
144 114
145 135
146 15
147 82
148 57
149 116
150 51
151 86
152 8
153 64
154 134
155 102
156 37
157 51
158 31
159 51
160 42
161 71
162 103
163 158
164 99
165 106
166 148
167 22
168 164
169 52
170 143
171 167
172 112
173 58
174 81
175 3
176 33
177 103
178 34
179 122
180 65
181 96
182 18
183 113
184 111
185 145
186 40
187 121
188 143
189 110
190 67
191 176
192 67
193 107
194 187
195 25
196 11
197 73
198 11
199 106
200 142
201 62
202 75
203 78
204 152
205 85
206 1
207 58
208 25
209 132
210 188
211 160
212 158
213 47
214 199
215 44
216 122
217 154
218 16
219 77
220 216
221 114
222 106
223 50
224 45
225 38
226 51
227 212
228 180
229 76
230 215
231 11
232 95
233 60
234 212
235 15
236 138
237 96
238 77
239 119
240 120
241 155
242 17
243 10
244 148
245 183
246 199
247 125
248 247
249 142
250 104
251 89
252 242
253 113
254 85
255 135
256 21
257 180
258 143
259 49
260 132
261 54
262 77
263 242
264 19
265 27
266 111
267 183
268 87
269 57
270 162
271 118
272 217
273 214
274 83
275 103
276 255
277 55
278 24
279 174
280 263
281 188
282 147
283 148
284 261
285 171
286 201
287 2
288 14
289 193
290 24
291 249
292 137
293 291
294 265
295 65
296 59
297 209
298 191
299 277
300 295