300 300
1 2 3 1 2 2 2 2 3 1 3 3 1 3 1 1 3 3 3 1 1 1 3 3 1 3 3 1 3 1 1 3 1 2 1 1 1 1 3 2 1 3 1 1 1 1 1 1 3 1 2 1 1 2 2 2 2 1 3 2 2 2 3 1 1 1 3 2 1 2 1 3 1 2 3 3 1 1 3 3 1 2 3 3 3 3 1 3 3 1 3 2 3 3 1 3 2 2 3 2 1 1 2 3 1 1 2 2 1 2 2 3 1 1 1 3 2 2 1 2 2 1 1 1 3 3 1 1 1 1 3 1 1 1 3 2 2 3 1 1 3 2 2 2 1 3 3 1 1 1 3 2 1 1 1 1 3 3 3 2 1 1 1 1 3 1 3 2 1 1 1 1 3 2 2 2 2 2 1 1 2 3 3 3 3 3 1 1 1 3 3 1 3 2 1 3 2 1 3 1 2 2 1 2 3 3 1 1 1 3 3 2 1 1 3 2 3 2 2 3 1 1 3 2 2 2 1 1 1 3 2 3 2 1 2 2 1 2 2 2 1 2 3 1 2 1 1 3 2 3 2 3 1 1 3 1 2 3 2 3 1 2 3 1 1 1 2 3 2 3 2 1 1 2 3 2 3 1 2 3 1 1 2 1 3 1 1 2 2 1 2 1 1 2 2 3 2 2 3 2
1 1 1 1 1 1 1 1 1 1 1 1 1 1 1 1 1 1 1 1 1 1 1 1 1 1 1 1 1 1 1 1 1 1 1 1 1 1 1 1 1 1 1 1 1 1 1 1 1 1 1 1 1 1 1 1 1 1 1 1 1 1 1 1 1 1 1 1 1 1 1 1 1 1 1 1 1 1 1 1 1 1 1 1 1 1 1 1 1 1 1 1 1 1 1 1 1 1 1 1 1 1 1 1 1 1 1 1 1 1 1 1 1 1 1 1 1 1 1 1 1 1 1 1 1 1 1 1 1 1 1 1 1 1 1 1 1 1 1 1 1 1 1 1 1 1 1 1 1 1 1 1 1 1 1 1 1 1 1 1 1 1 1 1 1 1 1 1 1 1 1 1 1 1 1 1 1 1 1 1 1 1 1 1 1 1 1 1 1 1 1 1 1 1 1 1 1 1 1 1 1 1 1 1 1 1 1 1 1 1 1 1 1 1 1 1 1 1 1 1 1 1 1 1 1 1 1 1 1 1 1 1 1 1 1 1 1 1 1 1 1 1 1 1 1 1 1 1 1 1 1 1 1 1 1 1 1 1 1 1 1 1 1 1 1 1 1 1 1 1 1 1 1 1 1 1 1 1 1 1 1 1 1 1 1 1 1 1 1 1 1 1 1 1 1 1 1 1 1 1
2 1
3 1
4 2
5 1
6 1
7 1
8 5
9 6
10 8
11 2
12 11
13 4
14 12
15 13
16 6
17 14
18 2
19 17
20 2
21 6
22 6
23 13
24 5
25 16
26 22
27 7
28 24
29 6
30 16
31 3
32 26
33 24
34 22
35 31
36 3
37 14
38 23
39 22
40 21
41 3
42 26
43 6
44 14
45 8
46 20
47 9
48 45
49 45
50 33
51 38
52 30
53 35
54 43
55 16
56 54
57 24
58 51
59 54
60 26
61 5
62 51
63 62
64 4
65 63
66 10
67 46
68 15
69 22
70 68
71 14
72 8
73 16
74 34
75 19
76 45
77 69
78 74
79 1
80 36
81 69
82 31
83 30
84 21
85 40
86 7
87 43
88 5
89 77
90 80
91 39
92 58
93 3
94 69
95 93
96 88
97 83
98 86
99 52
100 63
101 14
102 26
103 39
104 86
105 57
106 88
107 81
108 22
109 62
110 80
111 95
112 57
113 18
114 105
115 29
116 29
117 28
118 66
119 22
120 66
121 70
122 9
123 74
124 72
125 87
126 110
127 87
128 109
129 32
130 122
131 82
132 117
133 100
134 40
135 75
136 122
137 87
138 118
139 3
140 64
141 82
142 41
143 14
144 55
145 84
146 88
147 91
148 36
149 132
150 54
151 141
152 97
153 101
154 37
155 58
156 68
157 63
158 55
159 149
160 82
161 14
162 73
163 56
164 51
165 88
166 14
167 145
168 30
169 155
170 148
171 22
172 59
173 25
174 118
175 64
176 42
177 27
178 138
179 46
180 177
181 79
182 169
183 126
184 16
185 112
186 31
187 49
188 126
189 17
190 132
191 161
192 60
193 90
194 88
195 67
196 116
197 88
198 36
199 40
200 12
201 38
202 111
203 23
204 92
205 186
206 136
207 69
208 195
209 144
210 73
211 169
212 49
213 188
214 129
215 197
216 181
217 104
218 200
219 19
220 25
221 126
222 207
223 202
224 187
225 163
226 105
227 221
228 192
229 67
230 108
231 32
232 175
233 222
234 89
235 57
236 209
237 55
238 181
239 27
240 115
241 104
242 25
243 31
244 58
245 147
246 133
247 170
248 225
249 122
250 212
251 177
252 99
253 16
254 63
255 202
256 201
257 207
258 79
259 158
260 174
261 74
262 82
263 117
264 176
265 156
266 31
267 17
268 69
269 18
270 52
271 214
272 136
273 18
274 2
275 116
276 130
277 48
278 253
279 82
280 2
281 176
282 40
283 232
284 92
285 113
286 279
287 36
288 212
289 151
290 64
291 159
292 152
293 186
294 196
295 33
296 12
297 145
298 124
299 219
300 97