300 300
3 4 5 1 3 3 4 2 3 1 4 2 3 5 5 1 3 4 5 1 5 1 1 2 4 5 2 3 2 4 1 2 2 4 4 1 2 4 2 1 5 4 1 5 1 4 2 4 4 4 1 4 1 2 2 5 4 1 3 1 1 4 3 3 5 1 1 5 4 4 4 4 1 3 4 3 3 2 2 4 5 5 2 3 2 2 3 3 2 2 2 3 5 3 1 2 4 3 1 5 4 4 5 2 4 2 5 4 5 3 1 1 1 1 3 5 5 5 1 1 4 4 1 5 5 5 2 5 4 5 4 2 4 1 3 5 4 5 2 5 4 1 3 1 3 4 4 4 1 5 2 1 1 3 5 3 5 1 3 2 4 5 3 4 2 4 4 2 3 2 5 2 2 2 5 1 5 4 3 2 4 3 2 3 5 4 1 4 1 5 5 5 2 3 2 1 1 2 5 5 5 2 5 3 2 5 2 5 5 5 1 2 3 1 5 5 2 4 4 2 2 4 4 3 4 1 5 4 2 4 4 2 5 3 2 1 5 3 1 3 2 1 4 5 1 5 5 4 1 1 1 4 2 4 3 2 1 4 2 5 3 1 3 3 2 1 5 5 2 5 5 1 5 2 4 5 3 2 2 2 1 5 1 5 4 2 2 3 4 3 2 3 1 1 2 3 4 4 4 2
1 2 3 1 3 3 2 2 2 1 1 1 2 3 1 2 2 1 3 2 1 2 1 1 3 1 1 3 3 3 2 2 1 2 2 3 3 2 2 1 3 3 1 3 1 1 3 3 1 3 3 3 3 2 2 3 3 2 1 3 3 3 1 1 3 3 3 1 3 2 1 3 1 1 3 2 2 2 3 1 3 2 3 3 1 1 3 1 3 3 3 3 3 1 1 3 1 2 3 2 1 3 3 1 2 3 1 2 3 2 3 3 3 3 2 1 1 1 2 2 3 1 2 2 2 2 1 2 1 1 1 3 3 3 3 3 1 3 2 1 2 2 2 3 2 1 3 1 1 2 3 3 1 2 1 1 3 1 2 3 2 1 2 3 1 1 3 3 3 3 2 3 3 2 3 2 2 3 1 3 3 2 2 2 1 2 1 1 3 1 1 3 3 3 2 3 3 3 2 1 2 2 2 1 3 3 1 1 3 1 1 2 3 3 2 3 3 1 1 3 1 3 3 1 1 2 3 2 1 2 3 2 1 3 3 2 2 3 1 3 3 2 2 3 2 1 1 3 3 2 3 3 2 1 1 3 1 1 1 3 2 1 3 3 3 2 1 2 2 3 2 3 1 1 2 2 2 2 3 1 1 2 3 1 3 3 2 1 1 1 1 2 3 1 3 1 3 2 3 1
2 1
3 2
4 1
5 2
6 5
7 1
8 1
9 5
10 8
11 5
12 9
13 10
14 5
15 4
16 13
17 7
18 4
19 14
20 16
21 18
22 11
23 1
24 5
25 12
26 11
27 23
28 27
29 9
30 9
31 8
32 14
33 31
34 7
35 27
36 5
37 2
38 9
39 22
40 19
41 19
42 10
43 19
44 38
45 26
46 8
47 19
48 19
49 17
50 29
51 16
52 22
53 9
54 4
55 36
56 2
57 56
58 12
59 43
60 25
61 7
62 53
63 14
64 24
65 28
66 23
67 30
68 16
69 28
70 38
71 67
72 36
73 66
74 12
75 6
76 63
77 52
78 41
79 5
80 17
81 43
82 12
83 25
84 71
85 12
86 78
87 19
88 60
89 58
90 64
91 88
92 77
93 58
94 40
95 76
96 52
97 87
98 14
99 95
100 39
101 34
102 83
103 84
104 42
105 35
106 81
107 9
108 16
109 83
110 13
111 107
112 26
113 81
114 37
115 30
116 58
117 80
118 66
119 12
120 33
121 93
122 69
123 115
124 37
125 113
126 66
127 20
128 122
129 37
130 67
131 97
132 96
133 57
134 58
135 96
136 71
137 51
138 122
139 71
140 94
141 132
142 121
143 46
144 24
145 88
146 139
147 89
148 31
149 70
150 103
151 103
152 105
153 89
154 31
155 14
156 20
157 110
158 14
159 127
160 151
161 82
162 140
163 127
164 64
165 118
166 107
167 31
168 123
169 118
170 86
171 156
172 145
173 78
174 131
175 98
176 37
177 174
178 44
179 86
180 164
181 155
182 74
183 129
184 175
185 79
186 24
187 157
188 142
189 184
190 32
191 33
192 22
193 78
194 136
195 2
196 111
197 50
198 159
199 111
200 100
201 154
202 51
203 153
204 77
205 96
206 121
207 162
208 133
209 15
210 125
211 73
212 69
213 147
214 166
215 173
216 61
217 29
218 56
219 12
220 148
221 17
222 85
223 201
224 87
225 128
226 145
227 52
228 74
229 41
230 37
231 196
232 188
233 45
234 53
235 48
236 92
237 130
238 69
239 127
240 174
241 225
242 28
243 64
244 4
245 205
246 150
247 105
248 2
249 51
250 31
251 99
252 213
253 27
254 156
255 39
256 81
257 43
258 172
259 182
260 35
261 155
262 251
263 198
264 52
265 221
266 108
267 61
268 23
269 173
270 261
271 198
272 208
273 162
274 67
275 147
276 34
277 221
278 237
279 85
280 196
281 258
282 261
283 128
284 27
285 57
286 146
287 81
288 229
289 266
290 41
291 238
292 146
293 215
294 41
295 269
296 101
297 226
298 70
299 144
300 25