300 300
17 10 31 23 93 99 88 90 15 97 84 42 47 62 30 73 29 98 87 93 73 6 56 56 17 41 14 61 27 65 85 14 37 79 9 64 61 18 61 7 21 12 77 59 96 56 75 6 78 82 19 15 67 6 62 35 29 96 20 22 77 21 97 41 39 77 75 6 21 18 67 57 45 10 38 21 27 47 9 77 33 26 31 3 29 74 83 45 88 15 48 92 60 75 12 76 31 38 68 26 37 51 18 43 99 65 83 75 43 62 67 49 27 29 5 67 24 86 89 59 66 55 78 63 43 75 70 7 3 23 59 56 18 62 54 91 32 59 40 97 14 30 84 70 82 91 1 25 86 5 75 94 27 81 89 43 98 2 30 29 36 33 13 29 48 2 27 45 9 37 76 45 18 36 94 16 2 65 39 37 81 53 75 24 9 7 15 59 26 12 57 71 20 26 63 35 12 73 76 59 70 55 71 67 2 11 40 65 20 79 36 51 71 60 68 98 12 17 54 31 38 13 58 50 65 6 57 14 96 37 9 28 54 96 68 9 28 47 33 28 12 51 60 44 14 85 43 73 11 52 79 11 60 53 87 46 66 64 52 78 9 64 10 54 51 58 10 63 40 9 90 18 51 55 3 13 92 69 45 21 62 99 29 72 76 17 84 49 67 37 51 21 73 82 37 48 32 71 88 76
5 4 5 1 2 3 3 4 3 3 1 2 4 2 1 2 2 1 4 2 2 3 2 5 3 4 4 2 1 5 1 2 4 2 2 1 5 2 2 1 3 3 1 2 3 2 3 3 2 2 4 3 5 1 2 4 3 1 5 2 3 5 1 1 3 4 5 2 1 1 4 3 5 2 1 3 5 2 3 4 1 1 5 3 5 3 5 3 3 5 4 4 1 2 2 4 2 1 5 4 1 3 4 4 5 3 1 2 4 1 3 1 1 3 3 3 5 1 4 5 4 5 2 1 2 1 1 2 4 2 1 4 1 5 1 2 4 1 1 4 1 4 4 3 2 5 2 1 3 3 5 5 5 2 2 4 2 2 2 5 5 2 3 4 3 3 1 2 1 4 4 3 5 1 4 1 2 2 1 1 4 5 4 4 5 4 3 4 3 5 5 5 5 3 2 4 4 4 4 2 4 3 5 3 5 2 1 1 1 3 5 5 3 3 2 1 4 5 5 5 2 5 5 4 3 1 1 2 3 2 4 3 1 3 5 3 2 3 4 5 1 1 2 4 2 5 4 2 2 5 4 5 4 1 1 3 5 2 1 4 5 4 2 3 5 2 5 3 5 4 5 1 5 5 5 2 2 1 5 2 1 2 5 2 3 5 1 4 2 5 4 4 4 5 5 1 4 4 5 1
2 1
3 1
4 3
5 2
6 5
7 4
8 5
9 1
10 1
11 1
12 8
13 12
14 13
15 6
16 10
17 3
18 6
19 11
20 9
21 18
22 10
23 19
24 16
25 6
26 2
27 17
28 3
29 24
30 1
31 22
32 1
33 6
34 2
35 19
36 7
37 35
38 37
39 37
40 8
41 18
42 9
43 35
44 6
45 2
46 38
47 24
48 12
49 15
50 20
51 43
52 3
53 41
54 39
55 34
56 41
57 7
58 5
59 19
60 4
61 54
62 23
63 1
64 58
65 39
66 24
67 50
68 45
69 22
70 51
71 58
72 46
73 55
74 27
75 25
76 46
77 8
78 57
79 45
80 71
81 72
82 63
83 78
84 72
85 58
86 76
87 63
88 81
89 42
90 88
91 19
92 62
93 42
94 92
95 65
96 47
97 38
98 26
99 24
100 89
101 15
102 28
103 15
104 35
105 93
106 81
107 91
108 6
109 60
110 9
111 86
112 34
113 49
114 106
115 49
116 16
117 23
118 92
119 51
120 37
121 35
122 90
123 114
124 78
125 9
126 11
127 117
128 49
129 75
130 8
131 23
132 99
133 17
134 17
135 96
136 38
137 101
138 1
139 88
140 132
141 131
142 77
143 83
144 57
145 1
146 136
147 55
148 25
149 119
150 136
151 57
152 134
153 22
154 126
155 30
156 121
157 95
158 77
159 38
160 100
161 117
162 144
163 64
164 146
165 32
166 10
167 67
168 16
169 74
170 22
171 59
172 22
173 28
174 32
175 30
176 80
177 121
178 116
179 178
180 109
181 37
182 119
183 174
184 163
185 136
186 1
187 182
188 17
189 37
190 17
191 55
192 45
193 69
194 171
195 150
196 5
197 150
198 193
199 102
200 173
201 86
202 179
203 93
204 90
205 12
206 198
207 115
208 91
209 135
210 192
211 158
212 80
213 106
214 57
215 53
216 32
217 98
218 115
219 151
220 61
221 190
222 161
223 7
224 3
225 126
226 178
227 66
228 24
229 199
230 172
231 60
232 157
233 188
234 70
235 231
236 227
237 18
238 106
239 115
240 51
241 166
242 180
243 214
244 179
245 14
246 102
247 201
248 81
249 218
250 181
251 223
252 84
253 215
254 134
255 191
256 28
257 167
258 29
259 7
260 212
261 13
262 76
263 201
264 194
265 231
266 102
267 114
268 176
269 106
270 125
271 137
272 96
273 158
274 84
275 137
276 230
277 60
278 130
279 259
280 144
281 171
282 162
283 162
284 250
285 225
286 130
287 213
288 154
289 235
290 225
291 129
292 230
293 175
294 99
295 134
296 266
297 75
298 265
299 180
300 294