300 300
9307 49070 72211 74565 44951 94983 39644 28862 16963 79404 4258 48646 86564 70540 48899 24954 32180 81009 77017 99407 5491 69709 69349 21273 93582 30556 43283 2304 84682 90882 55237 35985 25202 46675 34717 81636 21098 62970 86278 79574 30047 26495 27555 2410 44465 91284 83182 87253 84309 33097 70106 70371 15565 80081 78737 8359 95258 43426 6042 72007 39570 88615 67344 76658 82783 33999 6556 22492 19320 58740 12401 54211 19863 42616 13011 78093 513 4934 11832 58578 19512 14907 29839 54440 88987 34736 13167 68695 6373 95466 89541 9722 88791 56209 51913 16290 22363 80177 23781 9358 92103 79564 60708 33216 18408 25778 62852 83232 17928 70778 81157 91781 26899 56499 39590 1480 32366 55748 45565 62509 59463 44286 71836 40777 53158 57741 90388 57798 49867 17555 92598 51957 38523 99945 99024 20741 68237 33668 54520 86016 80410 80506 88896 12307 97430 88419 21789 94114 28850 79398 51394 98643 47192 77205 96930 44213 38508 22959 85490 7594 83348 92815 5127 66196 60288 34881 17408 81078 99523 32959 6461 21015 33844 68465 38031 52905 8993 49305 55798 52681 44358 54014 13927 84347 84766 59509 69302 8433 96539 17281 67167 30250 78881 96564 29563 60823 33123 63144 33766 20294 89983 22493 10752 75901 75265 55654 21202 20965 91457 44222 33099 50392 77077 12741 99819 72764 57642 80549 55118 72763 60054 27208 98533 35862 33085 78859 91452 36698 77330 35477 28449 88831 63414 12319 92126 11333 49432 77129 61084 53275 42573 52979 26377 29656 75035 80706 11566 53119 43566 94475 62865 96321 89333 70599 57372 77742 53690 5533 47285 80808 78605 63494 76748 97374 73793 25517 98724 71891 37630 57339 21637 97706 31464 57732 79955 4929 72564 23668 98704 25009 91233 4859 99078 73739 12877 83559 26753 78101 38622 63363 24685 25392 87056 67998 37545 98254 93939 72267 78315 52716
9 20 15 11 16 16 44 1 31 12 10 21 9 36 10 48 26 50 14 33 16 10 12 31 47 24 16 14 5 30 37 29 47 37 26 33 24 50 18 42 40 21 40 28 5 26 14 31 45 41 16 46 32 42 41 50 45 38 11 15 27 45 1 1 6 46 4 2 40 24 20 11 6 40 42 12 38 29 31 8 3 11 3 48 33 16 34 17 38 34 43 5 34 35 25 3 39 6 24 44 34 25 5 41 50 36 13 14 11 19 28 9 8 32 31 17 1 36 22 35 1 22 27 29 43 47 14 26 2 6 10 50 24 17 49 35 25 19 2 41 42 47 8 35 32 37 3 30 39 7 14 34 1 13 40 11 43 7 46 8 2 37 5 20 46 7 15 32 33 20 40 50 21 9 17 16 23 50 21 11 10 16 27 41 15 18 16 14 23 16 40 13 30 15 16 35 38 35 32 42 46 40 45 14 2 29 39 32 10 19 44 37 27 4 3 7 13 16 47 6 36 18 16 38 27 48 41 13 24 32 29 23 47 23 24 19 33 22 7 36 11 13 17 25 23 29 1 47 11 9 28 7 7 25 43 35 10 39 35 17 26 9 40 27 1 2 14 44 36 37 44 18 10 38 37 21 24 20 16 44 2 49 2 18 43 23 50 17 8 42 22 8 48 16 32 35 14 30 15 12
2 1
3 1
4 1
5 3
6 3
7 4
8 1
9 1
10 4
11 3
12 8
13 8
14 2
15 8
16 7
17 2
18 2
19 15
20 11
21 13
22 18
23 18
24 7
25 15
26 25
27 14
28 19
29 16
30 13
31 17
32 24
33 8
34 32
35 17
36 33
37 6
38 16
39 30
40 16
41 4
42 39
43 10
44 11
45 1
46 41
47 24
48 45
49 40
50 12
51 36
52 47
53 49
54 31
55 46
56 16
57 39
58 42
59 4
60 19
61 30
62 50
63 58
64 54
65 14
66 6
67 45
68 66
69 5
70 37
71 39
72 70
73 72
74 61
75 45
76 30
77 70
78 29
79 4
80 43
81 77
82 54
83 76
84 61
85 18
86 75
87 36
88 3
89 40
90 55
91 55
92 23
93 25
94 79
95 59
96 9
97 94
98 72
99 60
100 6
101 62
102 27
103 32
104 73
105 77
106 21
107 18
108 2
109 24
110 16
111 15
112 62
113 72
114 81
115 94
116 71
117 70
118 35
119 6
120 21
121 13
122 99
123 111
124 64
125 93
126 58
127 123
128 39
129 96
130 122
131 85
132 32
133 16
134 53
135 108
136 39
137 126
138 78
139 113
140 21
141 17
142 129
143 39
144 20
145 36
146 117
147 92
148 129
149 30
150 90
151 55
152 75
153 23
154 63
155 89
156 39
157 113
158 154
159 158
160 101
161 73
162 59
163 17
164 102
165 130
166 91
167 26
168 11
169 51
170 126
171 126
172 123
173 27
174 48
175 114
176 25
177 110
178 168
179 129
180 90
181 79
182 48
183 180
184 158
185 1
186 41
187 44
188 118
189 152
190 174
191 20
192 19
193 184
194 173
195 78
196 46
197 6
198 103
199 11
200 192
201 190
202 61
203 120
204 185
205 194
206 120
207 137
208 172
209 196
210 127
211 49
212 135
213 37
214 59
215 194
216 43
217 157
218 180
219 85
220 170
221 206
222 18
223 46
224 141
225 201
226 132
227 179
228 85
229 124
230 139
231 187
232 128
233 180
234 98
235 58
236 149
237 212
238 178
239 2
240 202
241 158
242 75
243 197
244 165
245 190
246 78
247 156
248 139
249 215
250 219
251 28
252 125
253 166
254 209
255 150
256 180
257 101
258 46
259 206
260 112
261 164
262 124
263 48
264 88
265 102
266 42
267 240
268 224
269 201
270 26
271 8
272 121
273 204
274 16
275 141
276 10
277 237
278 223
279 4
280 160
281 79
282 54
283 168
284 156
285 219
286 250
287 149
288 38
289 5
290 282
291 87
292 86
293 247
294 136
295 26
296 242
297 196
298 270
299 113
300 94