300 300
476 447 645 347 520 849 618 111 749 911 79 513 893 232 54 350 783 772 906 499 245 511 248 173 273 855 31 492 914 153 936 805 932 825 309 250 514 119 100 495 996 717 901 887 679 7 169 305 299 393 302 404 380 633 139 584 36 126 258 13 679 369 143 927 349 467 366 222 512 168 976 66 266 917 449 955 250 721 47 660 161 191 126 604 926 32 881 184 219 868 35 449 886 303 561 72 771 379 175 715 199 101 865 994 287 860 930 899 862 553 432 4 654 526 735 211 220 574 930 343 287 846 937 518 932 812 50 82 983 920 539 299 946 862 773 986 185 811 223 138 365 880 118 607 973 267 155 177 569 116 93 76 932 563 868 645 889 641 811 416 595 996 792 516 607 375 219 146 590 334 888 789 453 710 948 145 16 644 457 438 879 491 33 505 742 58 849 604 125 345 758 583 313 576 285 794 479 716 220 649 755 188 528 837 912 423 104 89 150 946 446 913 667 333 445 989 503 380 318 771 878 833 391 87 164 905 812 224 225 352 531 954 410 618 747 709 140 473 476 819 775 885 890 75 784 587 737 316 91 999 705 59 353 395 176 80 711 385 283 815 320 220 809 641 373 803 383 1 711 673 444 802 483 642 892 688 932 274 45 824 51 911 464 437 606 243 606 278 328 538 612 950 471 813 872 726 83 38 980 749
2 31 11 11 18 23 24 11 16 11 36 30 45 42 38 32 16 21 25 47 48 24 27 22 30 48 4 43 32 7 3 14 21 16 30 17 39 37 35 43 27 9 26 22 25 46 26 9 15 33 28 42 50 48 36 48 20 20 31 4 6 13 48 5 37 46 31 2 1 42 17 48 21 5 41 21 27 20 15 11 2 9 3 14 19 29 41 44 49 20 43 19 10 44 32 7 7 13 10 16 2 34 39 27 29 12 37 38 27 50 38 35 33 42 37 33 40 39 7 19 39 47 28 39 19 13 47 27 24 43 26 7 36 16 1 18 27 31 11 38 12 25 19 42 45 11 11 49 20 28 26 4 15 20 23 5 10 16 10 35 22 19 24 28 16 49 35 26 22 22 25 25 6 19 29 10 23 17 13 27 45 32 42 42 14 41 24 45 26 12 15 21 24 37 2 4 29 11 45 16 4 39 19 18 48 23 25 31 42 26 24 25 37 9 11 41 1 39 40 41 13 1 25 31 48 14 10 48 39 8 29 21 43 41 16 1 39 46 42 43 17 19 1 2 4 14 15 34 26 3 43 36 9 39 45 39 35 46 31 16 13 14 27 39 41 45 20 16 8 39 48 15 43 11 47 34 15 25 49 36 50 14 29 34 15 29 50 25 29 48 34 3 3 23 40 33 12 41 32 41
2 1
3 1
4 1
5 1
6 1
7 1
8 5
9 4
10 1
11 9
12 5
13 12
14 6
15 12
16 8
17 16
18 15
19 16
20 18
21 18
22 17
23 22
24 22
25 20
26 21
27 21
28 26
29 22
30 22
31 27
32 30
33 23
34 33
35 30
36 26
37 36
38 35
39 29
40 34
41 34
42 36
43 42
44 34
45 38
46 44
47 39
48 44
49 39
50 45
51 48
52 45
53 47
54 49
55 54
56 53
57 51
58 52
59 50
60 59
61 53
62 59
63 58
64 55
65 59
66 63
67 66
68 63
69 63
70 64
71 70
72 62
73 72
74 73
75 71
76 72
77 67
78 68
79 70
80 77
81 75
82 79
83 81
84 83
85 82
86 80
87 83
88 85
89 84
90 89
91 82
92 88
93 85
94 87
95 89
96 87
97 93
98 94
99 97
100 94
101 95
102 101
103 99
104 97
105 99
106 103
107 100
108 98
109 105
110 107
111 110
112 110
113 107
114 104
115 114
116 106
117 109
118 117
119 114
120 115
121 116
122 116
123 116
124 117
125 119
126 121
127 122
128 124
129 120
130 129
131 126
132 129
133 128
134 132
135 134
136 129
137 135
138 128
139 129
140 130
141 131
142 137
143 136
144 136
145 139
146 139
147 140
148 141
149 144
150 145
151 145
152 150
153 147
154 151
155 153
156 149
157 151
158 155
159 150
160 150
161 160
162 156
163 162
164 154
165 161
166 162
167 164
168 159
169 163
170 162
171 163
172 164
173 171
174 167
175 166
176 168
177 167
178 175
179 174
180 171
181 175
182 177
183 181
184 181
185 179
186 179
187 177
188 185
189 188
190 185
191 182
192 184
193 186
194 191
195 188
196 192
197 187
198 197
199 190
200 192
201 191
202 192
203 202
204 203
205 196
206 205
207 199
208 198
209 205
210 206
211 205
212 206
213 204
214 205
215 214
216 210
217 216
218 217
219 216
220 211
221 212
222 213
223 217
224 214
225 223
226 225
227 225
228 222
229 227
230 224
231 224
232 228
233 230
234 225
235 233
236 226
237 236
238 233
239 235
240 230
241 231
242 237
243 235
244 241
245 236
246 236
247 237
248 238
249 245
250 245
251 246
252 248
253 249
254 251
255 254
256 249
257 252
258 250
259 252
260 252
261 254
262 255
263 253
264 254
265 256
266 258
267 264
268 263
269 268
270 261
271 264
272 262
273 267
274 266
275 265
276 275
277 271
278 272
279 273
280 277
281 275
282 281
283 275
284 281
285 279
286 280
287 278
288 278
289 287
290 281
291 283
292 287
293 292
294 288
295 293
296 289
297 293
298 291
299 291
300 299