300 300
8025 550 2168 9555 3826 6160 5130 1697 1029 6469 3983 8327 2766 5179 4953 9637 9612 3997 922 7570 4140 6923 6998 7688 3483 6838 2012 6761 805 6959 7096 5523 5009 374 7344 9342 5643 3780 7094 499 4470 8259 3758 4124 1499 1747 1029 1928 3921 3502 59 5553 4030 8823 3991 4059 6827 585 5703 4675 1553 2733 8884 1048 1739 699 9455 5945 9954 2215 9791 9661 1769 1699 1783 5126 5407 7510 3119 5418 1901 7728 7480 3439 7469 2530 6428 7409 5907 4345 9598 9798 6875 5562 4051 7363 2791 2033 5127 9828 8254 5427 6882 8313 5957 139 3437 9212 3253 4810 6688 378 2680 5491 3882 6076 7673 4341 6899 3127 7767 3741 145 5845 266 7566 9513 8579 441 9582 6276 844 5856 3624 3574 3613 5619 4953 785 1972 4792 8707 3446 3052 5901 9921 1054 3982 5279 3284 3062 4946 3864 4875 6776 8899 3203 5646 3607 813 314 9175 2310 4681 8186 7202 5005 4539 8737 3431 3977 2707 8469 3659 5735 4000 4751 6851 8236 4582 7097 6928 6633 3163 3707 7662 9991 4996 6994 3559 8174 5693 5964 4016 2092 9631 8840 5166 767 7792 6738 9858 8943 6719 9057 3395 7020 4119 2344 1976 326 9234 1115 9737 5183 4119 2007 5026 542 5778 9457 2639 8456 7755 8185 2833 2744 7293 7372 3339 859 5865 693 7741 6689 993 4931 7326 9252 6436 8630 1024 1772 895 7186 820 4642 4200 3792 9818 8854 2263 9735 7686 8284 2839 2973 1794 1199 9332 5396 9469 5471 7987 4270 9769 1252 6960 5059 60 2677 8591 8672 7567 1286 6856 3618 4988 1465 2220 4059 1121 7306 2679 5590 7235 390 2175 5781 5169 3425 1635 8755 8353 4442 9706 9799 3757 8009 4734
1 1 1 1 1 1 1 1 1 1 1 1 1 1 1 1 1 1 1 1 1 1 1 1 1 1 1 1 1 1 1 1 1 1 1 1 1 1 1 1 1 1 1 1 1 1 1 1 1 1 1 1 1 1 1 1 1 1 1 1 1 1 1 1 1 1 1 1 1 1 1 1 1 1 1 1 1 1 1 1 1 1 1 1 1 1 1 1 1 1 1 1 1 1 1 1 1 1 1 1 1 1 1 1 1 1 1 1 1 1 1 1 1 1 1 1 1 1 1 1 1 1 1 1 1 1 1 1 1 1 1 1 1 1 1 1 1 1 1 1 1 1 1 1 1 1 1 1 1 1 1 1 1 1 1 1 1 1 1 1 1 1 1 1 1 1 1 1 1 1 1 1 1 1 1 1 1 1 1 1 1 1 1 1 1 1 1 1 1 1 1 1 1 1 1 1 1 1 1 1 1 1 1 1 1 1 1 1 1 1 1 1 1 1 1 1 1 1 1 1 1 1 1 1 1 1 1 1 1 1 1 1 1 1 1 1 1 1 1 1 1 1 1 1 1 1 1 1 1 1 1 1 1 1 1 1 1 1 1 1 1 1 1 1 1 1 1 1 1 1 1 1 1 1 1 1 1 1 1 1 1 1 1 1 1 1 1 1 1 1 1 1 1 1 1 1 1 1 1 1
2 1
3 1
4 1
5 1
6 2
7 2
8 5
9 8
10 6
11 10
12 8
13 8
14 11
15 11
16 12
17 15
18 13
19 17
20 17
21 20
22 18
23 20
24 23
25 23
26 21
27 22
28 24
29 24
30 25
31 26
32 28
33 32
34 32
35 33
36 31
37 36
38 34
39 34
40 38
41 38
42 38
43 42
44 42
45 42
46 42
47 45
48 45
49 44
50 46
51 47
52 51
53 50
54 52
55 51
56 53
57 55
58 57
59 55
60 58
61 58
62 58
63 62
64 60
65 60
66 64
67 64
68 63
69 64
70 68
71 66
72 70
73 72
74 73
75 73
76 71
77 76
78 76
79 75
80 75
81 80
82 77
83 82
84 80
85 83
86 81
87 86
88 84
89 88
90 89
91 86
92 90
93 90
94 89
95 93
96 93
97 92
98 95
99 98
100 97
101 96
102 99
103 101
104 102
105 102
106 101
107 104
108 105
109 106
110 108
111 109
112 107
113 109
114 113
115 113
116 115
117 113
118 113
119 118
120 119
121 120
122 120
123 121
124 121
125 121
126 122
127 122
128 125
129 125
130 127
131 126
132 129
133 130
134 133
135 132
136 135
137 132
138 134
139 136
140 138
141 138
142 138
143 140
144 139
145 144
146 144
147 145
148 143
149 145
150 149
151 149
152 148
153 148
154 149
155 151
156 152
157 156
158 155
159 154
160 159
161 158
162 159
163 161
164 162
165 164
166 165
167 163
168 167
169 167
170 169
171 167
172 171
173 168
174 172
175 172
176 175
177 176
178 177
179 175
180 176
181 176
182 180
183 181
184 180
185 182
186 181
187 185
188 187
189 188
190 187
191 186
192 188
193 190
194 191
195 192
196 194
197 193
198 193
199 194
200 199
201 197
202 201
203 202
204 200
205 203
206 205
207 202
208 205
209 208
210 205
211 209
212 211
213 212
214 210
215 211
216 212
217 215
218 214
219 216
220 216
221 216
222 218
223 220
224 220
225 222
226 222
227 225
228 223
229 226
230 228
231 228
232 230
233 229
234 229
235 231
236 235
237 236
238 235
239 236
240 235
241 236
242 241
243 241
244 243
245 241
246 242
247 244
248 245
249 248
250 248
251 250
252 247
253 251
254 250
255 252
256 254
257 255
258 257
259 255
260 259
261 260
262 259
263 261
264 259
265 261
266 263
267 264
268 266
269 268
270 266
271 270
272 270
273 269
274 273
275 271
276 274
277 276
278 275
279 277
280 276
281 276
282 279
283 280
284 280
285 283
286 281
287 285
288 285
289 285
290 289
291 286
292 290
293 291
294 293
295 293
296 293
297 294
298 294
299 295
300 299