300 300
72 92 75 68 43 61 86 92 88 67 58 64 27 53 78 25 78 14 38 46 56 2 34 16 50 60 3 15 37 80 49 80 63 20 27 92 47 82 3 14 33 87 40 90 45 43 73 13 51 48 1 71 90 74 6 8 12 81 48 50 77 48 13 53 17 1 24 24 25 42 47 84 7 62 27 98 71 44 46 39 17 17 13 47 38 43 66 43 29 86 60 55 30 40 83 15 84 73 51 77 51 40 48 34 76 27 6 28 54 12 67 40 84 17 67 22 97 70 90 97 9 47 90 85 15 71 4 47 38 60 55 83 5 30 97 99 63 5 79 82 14 4 71 56 94 67 33 53 11 86 49 18 43 17 52 31 33 98 50 16 33 71 96 41 60 72 45 80 33 73 3 98 64 58 77 37 48 87 43 56 15 10 8 71 9 58 86 3 80 8 56 77 62 81 86 55 55 2 100 56 46 48 74 80 91 96 64 47 54 52 50 1 92 17 68 31 80 5 96 38 34 55 41 95 3 61 81 87 77 2 65 39 44 71 53 75 4 5 52 35 8 95 80 39 7 65 48 5 22 40 73 16 63 27 58 44 35 57 18 87 96 62 100 73 2 68 80 55 43 69 34 33 88 4 18 31 37 28 91 52 3 2 7 71 93 19 29 11 58 97 72 9 61 55 76 19 81 5 66 43
14 90 17 24 66 22 40 90 63 81 64 90 84 21 67 38 51 26 92 35 56 100 88 4 87 83 29 79 58 55 91 29 7 48 13 60 32 56 69 12 66 53 11 67 46 49 3 83 40 77 85 97 12 67 24 79 80 3 71 59 43 1 12 56 67 51 51 3 100 18 50 26 16 97 23 2 59 28 34 45 61 60 99 31 79 78 38 84 85 87 39 50 51 22 4 40 93 51 35 88 62 48 84 6 29 45 55 55 89 72 64 98 50 74 48 75 40 82 84 41 67 40 23 90 74 16 85 45 22 30 1 27 67 19 17 78 14 21 83 52 8 32 92 27 17 81 49 37 68 26 96 60 29 20 29 83 1 48 29 49 87 29 46 49 44 96 23 74 45 61 43 91 8 41 79 52 84 73 19 38 82 24 4 26 37 74 17 13 4 37 36 12 89 87 17 20 85 99 26 84 10 5 32 22 89 39 36 63 24 5 87 60 53 42 82 9 2 42 97 74 34 75 88 25 71 73 29 65 19 66 16 16 69 2 61 27 31 26 36 77 18 21 70 23 13 20 68 37 26 75 10 56 34 38 49 56 31 70 12 58 41 79 31 17 100 3 84 98 87 98 55 44 74 19 61 97 97 23 79 25 21 8 39 18 86 61 24 65 70 89 28 25 44 15 7 10 57 13 3 39
2 1
3 1
4 1
5 1
6 4
7 3
8 7
9 8
10 6
11 10
12 3
13 11
14 8
15 2
16 15
17 14
18 12
19 14
20 1
21 6
22 17
23 15
24 11
25 19
26 12
27 17
28 7
29 5
30 4
31 2
32 27
33 4
34 21
35 18
36 8
37 17
38 30
39 11
40 30
41 23
42 20
43 18
44 13
45 25
46 7
47 34
48 40
49 17
50 1
51 14
52 47
53 39
54 16
55 6
56 45
57 3
58 21
59 23
60 5
61 12
62 33
63 60
64 37
65 49
66 15
67 33
68 60
69 3
70 11
71 25
72 61
73 25
74 26
75 32
76 20
77 62
78 59
79 22
80 69
81 71
82 1
83 36
84 15
85 9
86 20
87 56
88 61
89 66
90 36
91 15
92 22
93 92
94 69
95 13
96 61
97 25
98 46
99 81
100 2
101 89
102 64
103 80
104 98
105 59
106 95
107 4
108 42
109 96
110 101
111 109
112 107
113 109
114 33
115 37
116 26
117 73
118 62
119 31
120 37
121 106
122 102
123 95
124 62
125 62
126 108
127 65
128 125
129 13
130 22
131 27
132 32
133 35
134 16
135 105
136 37
137 117
138 17
139 64
140 14
141 63
142 67
143 2
144 11
145 104
146 100
147 105
148 85
149 40
150 96
151 8
152 39
153 97
154 13
155 49
156 100
157 21
158 132
159 32
160 42
161 104
162 105
163 99
164 102
165 95
166 37
167 91
168 123
169 66
170 36
171 161
172 136
173 149
174 145
175 39
176 100
177 52
178 65
179 55
180 6
181 25
182 88
183 145
184 9
185 170
186 121
187 5
188 23
189 138
190 188
191 32
192 85
193 15
194 70
195 78
196 129
197 35
198 38
199 184
200 112
201 156
202 122
203 109
204 152
205 202
206 72
207 59
208 51
209 168
210 178
211 8
212 138
213 198
214 46
215 135
216 116
217 16
218 168
219 91
220 215
221 40
222 44
223 169
224 5
225 49
226 49
227 214
228 1
229 47
230 117
231 19
232 182
233 81
234 22
235 205
236 216
237 194
238 11
239 48
240 169
241 68
242 152
243 196
244 217
245 193
246 77
247 109
248 111
249 192
250 9
251 16
252 134
253 100
254 79
255 239
256 22
257 31
258 143
259 31
260 72
261 11
262 178
263 247
264 230
265 82
266 5
267 32
268 169
269 246
270 5
271 116
272 144
273 54
274 96
275 172
276 68
277 47
278 240
279 119
280 118
281 33
282 33
283 29
284 109
285 202
286 15
287 267
288 108
289 88
290 121
291 189
292 250
293 137
294 249
295 238
296 26
297 141
298 119
299 151
300 76