300 300
4 4 1 1 7 2 1 9 10 4 3 9 4 5 6 10 3 8 5 5 2 1 3 8 4 2 5 8 10 5 3 10 7 7 3 10 1 9 8 10 8 5 10 10 7 7 7 9 8 8 4 3 10 4 1 3 6 1 3 1 9 3 10 5 5 10 10 3 6 122 1 3 6 4 3 9 5 3 6 8 2 5 7 8 8 9 10 1 1 1 9 10 6 9 1 8 4 103 7 1 10 10 141 9 3 8 9 5 10 2 8 1 6 3 1 7 2 8 3 1 2 2 8 8 7 2 2 5 1 3 9 2 5 130 3 138 6 4 1 5 4 5 9 7 10 3 5 6 7 4 149 8 8 6 6 8 5 10 6 4 3 2 10 5 9 4 8 10 1 3 10 6 6 3 5 4 5 7 1 6 10 8 7 6 9 7 4 3 4 1 4 3 8 5 3 10 5 7 5 2 8 1 4 5 6 9 7 9 6 9 4 2 7 2 10 127 5 111 2 6 9 10 7 3 5 5 6 2 3 7 3 10 8 6 7 3 9 1 10 3 6 5 8 1 4 10 5 3 5 7 9 10 3 6 1 9 6 9 3 3 7 2 10 6 2 5 3 1 8 7 3 5 4 2 3 5 8 9 2 6 4 9 1 3 9 6 1 10 7 2 1 10 6 6 4 6 9 8 6 3
30 35 1 34 50 56 9 22 88 67 26 19 18 14 44 36 22 82 43 58 12 32 90 43 56 93 11 63 94 60 46 48 36 67 9 44 54 10 90 39 14 99 12 77 49 53 81 56 25 20 17 18 60 91 74 47 31 71 71 14 55 60 87 8 65 64 26 89 83 92 77 5 55 65 27 84 11 67 82 41 45 58 52 28 51 64 61 35 96 2 20 81 84 62 91 10 15 24 95 7 75 88 60 30 11 87 79 22 57 23 10 81 51 45 8 68 46 98 12 61 50 100 58 24 87 7 40 29 67 31 87 37 7 7 79 94 99 39 77 17 60 68 65 97 42 99 19 48 14 66 33 93 70 82 68 4 29 52 82 32 47 29 77 76 83 30 47 2 69 5 67 31 45 10 1 39 85 60 95 38 56 44 84 68 8 16 38 96 69 95 27 61 16 100 93 52 55 99 19 29 80 35 64 84 47 59 25 29 27 1 37 28 90 7 99 91 68 86 4 98 65 63 15 73 68 29 44 90 90 78 70 45 18 53 62 43 98 100 67 33 84 63 47 78 45 14 52 63 28 9 86 43 49 100 37 81 39 89 95 1 93 6 81 44 53 42 20 56 7 49 9 76 3 32 66 78 80 5 15 85 65 24 81 93 13 15 12 83 22 68 46 61 74 62 37 26 71 30 28 6
2 1
3 1
4 2
5 1
6 1
7 5
8 4
9 4
10 4
11 10
12 3
13 6
14 8
15 5
16 8
17 16
18 14
19 8
20 11
21 16
22 17
23 21
24 10
25 11
26 9
27 8
28 12
29 22
30 17
31 30
32 3
33 18
34 3
35 26
36 15
37 15
38 13
39 24
40 17
41 6
42 23
43 19
44 33
45 9
46 22
47 41
48 9
49 24
50 39
51 47
52 42
53 35
54 5
55 18
56 48
57 15
58 10
59 36
60 4
61 59
62 44
63 3
64 45
65 33
66 62
67 52
68 49
69 13
70 40
71 56
72 61
73 51
74 69
75 35
76 21
77 37
78 35
79 36
80 43
81 65
82 64
83 45
84 58
85 30
86 68
87 50
88 26
89 24
90 61
91 71
92 7
93 51
94 55
95 69
96 30
97 32
98 18
99 41
100 81
101 61
102 40
103 94
104 103
105 76
106 54
107 63
108 2
109 76
110 96
111 18
112 28
113 18
114 103
115 63
116 18
117 106
118 96
119 7
120 7
121 101
122 91
123 95
124 62
125 33
126 31
127 8
128 100
129 48
130 87
131 127
132 114
133 125
134 36
135 23
136 128
137 128
138 124
139 14
140 58
141 4
142 101
143 127
144 118
145 81
146 35
147 105
148 49
149 132
150 62
151 44
152 42
153 79
154 124
155 59
156 130
157 141
158 76
159 29
160 9
161 4
162 69
163 137
164 15
165 37
166 41
167 162
168 145
169 89
170 17
171 106
172 130
173 172
174 33
175 20
176 115
177 162
178 66
179 70
180 155
181 43
182 157
183 16
184 177
185 177
186 41
187 55
188 14
189 156
190 129
191 66
192 99
193 170
194 65
195 24
196 65
197 46
198 68
199 132
200 55
201 178
202 195
203 5
204 79
205 3
206 15
207 116
208 102
209 38
210 74
211 85
212 76
213 174
214 11
215 58
216 31
217 28
218 191
219 4
220 187
221 197
222 80
223 145
224 106
225 92
226 145
227 176
228 110
229 171
230 214
231 62
232 113
233 173
234 109
235 160
236 48
237 104
238 72
239 61
240 165
241 138
242 185
243 206
244 3
245 211
246 221
247 36
248 182
249 78
250 176
251 244
252 190
253 21
254 168
255 153
256 93
257 196
258 2
259 192
260 190
261 33
262 75
263 52
264 77
265 201
266 59
267 106
268 248
269 53
270 249
271 68
272 72
273 39
274 3
275 107
276 1
277 249
278 169
279 175
280 272
281 40
282 4
283 30
284 20
285 50
286 92
287 181
288 200
289 87
290 221
291 263
292 14
293 133
294 14
295 137
296 161
297 129
298 146
299 210
300 9