300 300
99 304 422 75 252 964 865 387 844 612 291 260 574 734 482 14528 709 424 957 530 49 484 743 992 239 416 681 786 359 507 843 723 482 60 604 303 380 216 301 557 495 61 977 373 611 752 930 44 918 425 118 276 147 991 674 52 308 537 150 385 297 315 633 133 591 619 483 189 192 907 793 974 319 456 328 446 527 965 901 245 254 563 710 946 196 787 943 152 291 636 178 954 540 696 344 940 365 348 839 306 544 580 136 954 256 783 36 499 238 665 389 345 503 5 432 33 189 448 747 149 209 388 6 171 666 11015 748 650 22 302 894 644 126 715 719 651 709 963 59 285 418 132 744 852 10226 286 516 987 680 758 571 315 751 402 223 640 592 381 192 469 864 485 156 619 187 22 247 497 158 667 651 373 129 278 913 404 282 11778 810 556 890 841 34 13346 959 635 571 635 608 488 270 593 548 1 668 921 659 510 265 907 133 972 436 798 488 389 965 472 930 906 166 726 602 547 82 444 441 471 871 697 797 387 974 371 530 733 14059 920 306 377 161 582 669 857 705 552 934 112 321 960 604 534 757 706 757 724 690 379 720 706 481 121 566 260 448 348 334 273 70 856 635 339 82 380 868 932 694 55 535 509 688 546 144 461 256 657 13 161 49 701 348 91 50 678 549 178 179 295 716 866 224 446 829 598 10398 660 10219 507 808 414
1 1 1 1 1 1 1 1 1 1 1 1 1 1 1 1 1 1 1 1 1 1 1 1 1 1 1 1 1 1 1 1 1 1 1 1 1 1 1 1 1 1 1 1 1 1 1 1 1 1 1 1 1 1 1 1 1 1 1 1 1 1 1 1 1 1 1 1 1 1 1 1 1 1 1 1 1 1 1 1 1 1 1 1 1 1 1 1 1 1 1 1 1 1 1 1 1 1 1 1 1 1 1 1 1 1 1 1 1 1 1 1 1 1 1 1 1 1 1 1 1 1 1 1 1 1 1 1 1 1 1 1 1 1 1 1 1 1 1 1 1 1 1 1 1 1 1 1 1 1 1 1 1 1 1 1 1 1 1 1 1 1 1 1 1 1 1 1 1 1 1 1 1 1 1 1 1 1 1 1 1 1 1 1 1 1 1 1 1 1 1 1 1 1 1 1 1 1 1 1 1 1 1 1 1 1 1 1 1 1 1 1 1 1 1 1 1 1 1 1 1 1 1 1 1 1 1 1 1 1 1 1 1 1 1 1 1 1 1 1 1 1 1 1 1 1 1 1 1 1 1 1 1 1 1 1 1 1 1 1 1 1 1 1 1 1 1 1 1 1 1 1 1 1 1 1 1 1 1 1 1 1 1 1 1 1 1 1 1 1 1 1 1 1 1 1 1 1 1 1
2 1
3 1
4 2
5 3
6 2
7 4
8 6
9 7
10 4
11 4
12 11
13 5
14 6
15 4
16 2
17 6
18 13
19 7
20 14
21 13
22 4
23 2
24 12
25 5
26 7
27 1
28 17
29 11
30 4
31 18
32 2
33 10
34 11
35 29
36 23
37 14
38 33
39 8
40 32
41 12
42 41
43 37
44 11
45 3
46 45
47 42
48 27
49 13
50 49
51 47
52 43
53 12
54 8
55 27
56 28
57 56
58 8
59 7
60 39
61 24
62 31
63 45
64 15
65 43
66 56
67 61
68 52
69 45
70 4
71 9
72 67
73 42
74 6
75 48
76 10
77 48
78 75
79 2
80 79
81 72
82 57
83 27
84 81
85 54
86 61
87 25
88 73
89 45
90 46
91 54
92 3
93 3
94 54
95 36
96 7
97 23
98 55
99 81
100 16
101 59
102 73
103 64
104 49
105 76
106 15
107 21
108 75
109 90
110 44
111 7
112 92
113 104
114 78
115 108
116 86
117 82
118 112
119 72
120 77
121 32
122 44
123 122
124 49
125 105
126 47
127 87
128 38
129 51
130 32
131 76
132 50
133 26
134 89
135 18
136 33
137 48
138 116
139 10
140 34
141 56
142 35
143 46
144 103
145 70
146 32
147 59
148 147
149 37
150 73
151 104
152 126
153 91
154 26
155 145
156 21
157 150
158 43
159 130
160 62
161 80
162 104
163 142
164 92
165 21
166 140
167 36
168 40
169 131
170 89
171 7
172 121
173 83
174 131
175 137
176 102
177 14
178 56
179 174
180 55
181 123
182 11
183 113
184 44
185 60
186 29
187 133
188 104
189 84
190 179
191 21
192 34
193 143
194 60
195 141
196 176
197 72
198 139
199 154
200 96
201 66
202 91
203 199
204 98
205 31
206 193
207 161
208 152
209 30
210 120
211 42
212 56
213 38
214 152
215 204
216 99
217 169
218 88
219 50
220 68
221 63
222 82
223 9
224 84
225 134
226 106
227 139
228 64
229 84
230 193
231 84
232 152
233 208
234 223
235 124
236 56
237 118
238 103
239 223
240 166
241 235
242 173
243 17
244 219
245 177
246 167
247 119
248 115
249 11
250 229
251 59
252 104
253 195
254 214
255 144
256 154
257 95
258 140
259 35
260 33
261 157
262 127
263 176
264 43
265 171
266 97
267 137
268 224
269 77
270 106
271 93
272 75
273 175
274 117
275 43
276 10
277 217
278 42
279 51
280 19
281 239
282 131
283 266
284 227
285 56
286 162
287 18
288 223
289 248
290 155
291 177
292 1
293 111
294 159
295 83
296 196
297 83
298 91
299 4
300 47