100
14 2 42
45 2 41
13 0 13
20 2 14
15 0 7
36 1 2
3 0 26
7 2 3
27 1 48
2 2 48
23 0 9
19 0 24
33 1 41
47 2 46
34 0 12
19 0 10
19 1 30
26 1 9
2 1 46
44 1 40
43 2 18
21 0 30
8 2 25
41 2 11
18 0 15
36 0 14
30 2 41
12 0 31
18 2 39
45 2 27
29 0 40
28 2 5
47 0 47
1 0 29
18 0 34
4 0 33
24 0 20
12 2 32
24 0 48
49 0 41
48 0 26
23 2 17
14 1 38
24 2 48
2 1 37
8 0 1
23 0 25
45 0 38
17 2 1
18 2 8
18 1 4
14 0 46
45 2 19
39 1 39
38 2 38
24 1 16
2 2 26
45 2 16
7 0 40
34 0 23
5 0 1
9 0 40
47 2 41
47 2 27
21 1 2
3 0 21
2 1 29
8 2 22
7 2 21
22 1 1
14 1 2
20 1 25
7 1 11
20 1 36
1 2 13
4 0 15
1 2 1
23 2 43
40 1 31
43 1 5
12 2 12
18 2 13
47 1 20
38 2 46
43 0 18
36 1 9
29 2 11
45 0 4
33 0 28
16 1 32
12 0 30
31 2 37
32 2 4
38 2 18
17 0 25
2 1 9
41 1 26
42 0 18
5 2 33
40 2 48
