1000
14 2 42
45 2 41
13 0 13
20 2 14
15 0 7
36 1 2
3 0 26
7 2 3
27 1 48
2 2 48
23 0 9
19 0 24
33 1 41
47 2 46
34 0 12
19 0 10
19 1 30
26 1 9
2 1 46
44 1 40
43 2 18
21 0 30
8 2 25
41 2 11
18 0 15
36 0 14
30 2 41
12 0 31
18 2 39
45 2 27
29 0 40
28 2 5
47 0 47
1 0 29
18 0 34
4 0 33
24 0 20
12 2 32
24 0 48
49 0 41
48 0 26
23 2 17
14 1 38
24 2 48
2 1 37
8 0 1
23 0 25
45 0 38
17 2 1
18 2 8
18 1 4
14 0 46
45 2 19
39 1 39
38 2 38
24 1 16
2 2 26
45 2 16
7 0 40
34 0 23
5 0 1
9 0 40
47 2 41
47 2 27
21 1 2
3 0 21
2 1 29
8 2 22
7 2 21
22 1 1
14 1 2
20 1 25
7 1 11
20 1 36
1 2 13
4 0 15
1 2 1
23 2 43
40 1 31
43 1 5
12 2 12
18 2 13
47 1 20
38 2 46
43 0 18
36 1 9
29 2 11
45 0 4
33 0 28
16 1 32
12 0 30
31 2 37
32 2 4
38 2 18
17 0 25
2 1 9
41 1 26
42 0 18
5 2 33
40 2 48
17 0 34
21 2 28
43 1 5
29 1 7
19 0 12
27 1 27
10 1 28
14 0 43
15 2 47
34 2 33
10 1 38
40 0 10
5 1 6
3 2 14
31 1 22
23 2 29
49 0 2
4 0 8
20 1 41
6 1 35
2 2 48
2 2 30
6 0 29
13 0 33
6 0 42
44 1 33
21 2 13
42 0 8
18 1 11
2 2 5
20 2 33
43 1 21
22 1 40
29 1 44
43 1 49
4 0 21
1 1 10
29 2 33
48 1 25
21 2 34
13 0 36
47 0 7
24 1 16
12 2 25
21 2 29
16 2 7
14 2 40
13 2 36
43 1 34
16 1 24
19 1 41
39 2 37
24 2 26
5 1 5
1 0 39
7 1 25
44 0 44
30 1 5
39 2 22
14 0 23
19 1 43
20 0 9
44 1 29
3 1 30
26 1 43
32 2 48
40 2 4
32 1 29
4 1 33
19 0 49
48 1 35
8 2 29
43 1 41
25 0 12
36 1 45
25 2 23
1 1 40
22 1 21
44 2 10
17 1 41
9 0 6
24 1 43
47 0 46
49 0 17
26 1 8
48 0 40
36 1 1
11 1 46
22 2 10
28 0 19
22 2 22
9 1 22
2 1 43
9 2 15
40 1 8
13 1 19
11 2 42
23 2 34
21 0 23
44 0 3
6 1 39
39 0 37
10 2 37
32 1 36
34 1 37
44 1 15
20 2 21
30 0 34
6 0 5
31 1 7
11 0 11
8 2 46
38 2 41
32 0 20
43 1 45
23 2 32
36 1 38
18 2 22
21 1 49
42 0 30
48 1 21
36 0 9
42 2 44
11 2 38
35 1 30
29 0 8
8 0 40
23 1 10
13 0 49
20 0 28
28 2 22
32 2 11
20 0 2
18 0 31
31 1 49
30 0 20
20 0 16
26 2 14
44 2 23
13 0 24
25 0 13
41 1 40
16 1 18
21 1 20
29 1 10
27 0 27
31 2 32
48 2 2
6 0 5
21 2 24
24 2 17
29 1 19
47 0 46
22 0 2
4 1 7
3 0 21
37 2 18
29 2 20
15 0 29
45 0 31
3 0 17
24 1 27
5 2 21
15 2 44
12 0 35
43 1 6
29 1 14
34 2 8
5 0 45
20 1 3
16 2 30
11 0 22
30 2 44
34 0 5
14 1 10
19 0 10
22 0 40
34 0 33
8 2 43
42 1 28
21 1 47
14 2 8
43 2 37
38 0 17
1 1 25
5 0 33
24 0 3
22 0 3
28 0 42
15 0 26
44 0 4
16 0 11
40 2 36
2 1 47
13 1 19
11 1 19
41 1 4
26 2 48
48 1 46
34 1 9
9 0 21
16 2 32
10 2 13
23 2 15
11 2 46
31 0 16
3 2 45
4 2 30
26 1 32
12 0 41
40 1 14
35 0 26
10 0 46
1 0 1
7 0 26
2 0 25
6 2 29
33 2 44
2 0 34
25 1 24
10 2 35
5 0 27
18 0 17
13 1 25
9 1 6
48 1 49
25 0 34
43 2 24
37 1 15
1 2 37
35 2 24
39 0 2
23 2 32
10 0 49
22 1 24
6 0 27
2 0 20
22 0 31
44 1 18
38 0 1
18 0 8
30 0 33
4 1 14
19 0 43
9 1 9
33 0 4
7 2 18
37 1 7
9 2 41
13 1 47
44 2 9
29 1 42
27 2 25
24 2 11
11 0 35
38 0 13
18 2 20
27 1 29
20 1 7
6 2 18
37 1 15
48 0 36
27 2 40
16 1 24
43 0 16
13 2 19
10 1 42
34 1 4
40 2 14
34 1 21
14 2 21
39 1 7
18 0 47
19 0 3
21 0 42
28 1 19
7 2 33
47 0 35
24 0 5
4 0 8
6 2 1
25 0 26
43 2 29
20 0 33
46 0 12
39 0 42
26 2 36
9 2 7
49 1 21
42 0 24
39 2 25
12 2 48
26 0 28
39 0 27
13 0 20
4 0 27
33 0 41
42 1 40
40 2 48
3 0 4
47 0 35
30 1 19
17 1 9
23 0 13
3 0 42
33 1 9
12 2 18
42 1 32
2 1 7
19 0 34
18 2 6
12 0 39
27 0 8
33 0 20
3 0 11
39 0 33
47 2 7
24 2 25
8 2 11
4 2 28
49 1 33
15 1 4
18 2 30
8 1 24
17 0 30
49 0 48
9 1 18
43 1 46
13 0 38
45 0 19
47 1 31
40 0 31
22 1 4
45 2 35
35 2 16
9 2 3
6 0 3
48 1 32
41 0 11
24 1 5
43 2 21
31 0 45
15 2 25
46 2 42
33 2 10
17 0 11
29 1 8
37 2 4
31 2 36
49 0 25
38 0 8
42 2 31
11 2 17
21 1 12
14 0 48
11 2 24
21 2 41
20 0 23
48 1 46
16 0 28
32 2 45
32 1 42
41 2 45
31 0 15
11 2 3
27 1 44
15 1 5
39 2 36
2 2 35
39 2 2
35 0 43
6 1 38
18 2 31
39 1 14
17 2 43
7 1 24
2 1 24
44 0 6
43 2 22
9 1 39
18 2 9
2 2 35
29 1 45
8 0 22
42 0 28
39 1 8
30 0 29
30 2 26
25 1 4
36 0 6
44 1 9
37 0 17
13 2 35
8 0 20
38 2 42
31 0 17
36 0 34
19 0 21
32 0 8
24 2 4
22 0 46
3 1 47
26 1 21
3 2 36
36 0 47
49 2 34
4 1 38
18 1 47
7 1 15
44 2 3
48 1 45
20 1 36
43 0 40
7 0 14
20 1 33
33 0 26
48 0 7
18 1 23
20 0 26
36 0 45
38 0 17
9 2 32
44 0 28
30 1 14
27 0 13
6 0 16
41 0 12
14 1 26
7 2 37
26 0 16
15 2 28
9 2 1
6 1 23
24 0 49
6 1 37
48 0 25
9 2 18
2 1 42
10 1 5
32 1 2
1 2 42
44 1 22
31 1 3
43 0 35
26 2 31
10 1 20
38 2 1
39 1 9
37 2 26
44 1 8
3 1 49
28 2 5
9 0 42
9 0 11
14 1 21
28 2 3
44 2 20
3 0 16
21 2 32
2 2 39
6 1 33
2 2 20
6 2 32
30 2 25
19 2 24
6 0 31
16 1 2
35 0 39
21 2 33
46 2 11
8 1 6
2 1 21
16 1 26
28 0 38
24 1 46
20 2 2
16 1 9
22 0 10
42 1 8
26 1 38
24 2 32
36 1 33
25 1 25
16 2 4
10 1 9
41 1 4
48 1 47
39 2 39
1 1 41
15 2 14
10 0 27
45 2 3
6 1 2
46 0 11
12 0 11
35 0 31
48 1 45
6 1 35
2 0 42
26 1 38
31 0 22
33 0 12
48 0 9
18 1 43
6 1 22
47 1 38
10 2 15
38 0 47
28 0 13
10 0 33
5 1 32
43 2 15
17 0 17
3 1 4
11 2 3
39 0 24
49 0 23
36 1 23
42 2 48
12 2 29
28 2 12
38 2 22
36 2 26
42 1 19
12 1 7
45 1 7
22 1 5
37 2 38
2 2 49
12 1 13
34 0 4
3 2 42
49 1 28
9 1 47
24 2 27
36 0 33
4 1 39
44 0 37
24 2 47
42 2 49
27 2 12
43 2 26
36 0 9
15 2 30
18 2 19
21 2 2
35 1 44
46 2 9
26 1 17
33 2 31
22 0 20
45 0 3
24 0 48
37 1 48
25 2 14
47 0 9
8 1 23
24 1 12
46 2 16
26 1 22
49 2 25
38 2 20
40 0 27
29 1 6
35 0 12
17 0 20
41 1 41
25 0 13
47 0 40
27 1 45
29 0 7
34 1 38
49 0 28
31 0 15
39 0 39
8 2 42
10 0 46
22 1 47
33 0 48
31 0 24
22 0 4
20 0 7
12 1 2
4 0 8
30 2 38
16 0 7
47 1 18
47 1 46
26 0 7
48 1 11
30 0 23
28 1 24
47 0 17
5 1 37
23 1 20
15 2 43
33 1 38
16 1 6
32 1 12
7 2 7
31 1 30
22 2 34
6 0 18
25 2 49
47 2 35
44 2 12
34 0 43
35 2 49
6 1 21
40 0 17
32 0 39
18 1 37
33 0 21
44 1 15
18 2 1
27 2 45
18 2 44
11 0 21
9 2 37
37 1 8
35 1 25
40 0 34
3 0 12
47 2 13
17 0 29
38 2 24
38 1 22
1 0 9
3 0 8
18 2 21
12 2 33
24 1 45
9 0 21
12 1 4
47 2 5
17 0 35
8 0 12
36 2 33
39 1 1
28 1 19
13 1 7
26 0 40
47 2 14
40 1 33
30 1 25
29 2 35
20 2 20
4 0 35
6 0 33
45 1 21
46 1 10
7 0 29
16 2 40
2 2 7
47 0 2
15 0 38
13 1 39
4 1 48
19 2 26
12 0 23
38 0 2
17 0 9
30 0 14
27 2 36
45 1 14
2 0 36
38 0 42
24 1 39
19 0 11
47 1 45
28 2 15
17 1 47
42 2 2
25 2 10
37 1 44
14 0 25
46 2 20
18 2 47
6 2 4
15 0 2
39 0 34
38 1 31
11 0 9
14 1 18
37 0 13
9 1 49
30 2 26
22 0 33
18 1 18
34 2 34
40 0 11
43 1 47
34 2 29
21 0 38
32 1 10
12 2 19
44 1 16
10 0 13
2 1 42
39 2 49
30 1 17
4 0 3
15 0 27
6 2 45
39 1 3
9 2 48
46 1 41
22 1 20
24 0 30
3 2 47
24 2 16
2 2 22
9 2 10
13 1 35
21 2 33
2 2 19
17 0 34
25 1 25
37 0 27
26 0 26
49 2 35
30 0 16
15 0 4
19 2 40
37 1 38
42 1 16
48 1 17
5 2 10
46 1 31
27 2 6
30 1 2
27 0 2
26 0 26
40 2 48
16 1 5
18 2 18
3 2 3
42 1 23
2 1 14
23 0 49
11 0 32
49 1 6
3 2 48
22 1 40
47 2 41
9 1 8
43 1 18
45 1 1
35 0 22
35 0 9
1 1 13
1 2 9
3 1 8
20 0 20
48 2 20
36 2 8
14 2 5
14 1 1
27 1 39
18 2 5
13 2 46
1 0 45
14 0 45
10 0 8
20 2 39
31 1 4
12 2 12
24 1 12
25 0 2
7 0 8
29 0 46
27 1 19
46 2 38
22 0 29
23 1 17
7 0 30
9 1 37
42 2 12
15 0 13
36 2 27
34 1 21
35 0 39
3 1 25
3 2 45
3 2 45
38 2 32
33 2 1
37 1 27
45 2 35
42 2 16
34 1 35
5 2 5
37 1 12
45 0 22
49 1 9
41 0 25
46 1 48
8 2 38
37 2 40
9 1 40
17 0 35
37 2 12
48 0 47
43 2 7
40 1 41
31 2 5
42 2 1
17 0 20
24 2 9
13 2 49
32 0 14
16 2 24
6 1 30
19 2 32
4 1 23
43 0 33
21 2 8
23 1 43
7 1 35
33 0 27
38 0 9
43 1 45
44 2 20
18 2 16
31 0 43
7 2 17
20 0 12
45 1 22
4 1 20
49 0 49
41 1 4
33 1 7
9 2 49
13 0 49
3 1 49
23 1 14
46 2 15
12 0 32
35 1 10
24 1 5
45 0 43
22 2 9
25 1 19
5 0 27
3 0 26
4 2 29
6 1 20
47 2 11
46 1 49
15 2 29
17 0 49
17 0 31
11 1 12
45 0 39
40 2 2
12 1 11
46 0 31
42 2 10
18 1 17
4 1 41
1 0 15
23 2 11
28 2 6
35 0 46
35 1 20
1 2 5
43 0 11
38 0 38
44 2 30
10 1 22
28 0 15
14 2 21
29 1 22
38 2 9
22 0 12
32 0 35
17 0 37
5 0 35
48 1 13
16 1 33
48 1 36
24 2 36
18 2 34
40 0 1
17 2 5
25 0 1
32 1 45
4 0 2
32 0 1
43 2 48
29 0 18
42 2 33
35 2 6
18 1 9
1 0 44
16 2 21
25 0 35
2 0 45
30 0 1
20 0 17
