10000
14 2 42
45 2 41
13 0 13
20 2 14
15 0 7
36 1 2
3 0 26
7 2 3
27 1 48
2 2 48
23 0 9
19 0 24
33 1 41
47 2 46
34 0 12
19 0 10
19 1 30
26 1 9
2 1 46
44 1 40
43 2 18
21 0 30
8 2 25
41 2 11
18 0 15
36 0 14
30 2 41
12 0 31
18 2 39
45 2 27
29 0 40
28 2 5
47 0 47
1 0 29
18 0 34
4 0 33
24 0 20
12 2 32
24 0 48
49 0 41
48 0 26
23 2 17
14 1 38
24 2 48
2 1 37
8 0 1
23 0 25
45 0 38
17 2 1
18 2 8
18 1 4
14 0 46
45 2 19
39 1 39
38 2 38
24 1 16
2 2 26
45 2 16
7 0 40
34 0 23
5 0 1
9 0 40
47 2 41
47 2 27
21 1 2
3 0 21
2 1 29
8 2 22
7 2 21
22 1 1
14 1 2
20 1 25
7 1 11
20 1 36
1 2 13
4 0 15
1 2 1
23 2 43
40 1 31
43 1 5
12 2 12
18 2 13
47 1 20
38 2 46
43 0 18
36 1 9
29 2 11
45 0 4
33 0 28
16 1 32
12 0 30
31 2 37
32 2 4
38 2 18
17 0 25
2 1 9
41 1 26
42 0 18
5 2 33
40 2 48
17 0 34
21 2 28
43 1 5
29 1 7
19 0 12
27 1 27
10 1 28
14 0 43
15 2 47
34 2 33
10 1 38
40 0 10
5 1 6
3 2 14
31 1 22
23 2 29
49 0 2
4 0 8
20 1 41
6 1 35
2 2 48
2 2 30
6 0 29
13 0 33
6 0 42
44 1 33
21 2 13
42 0 8
18 1 11
2 2 5
20 2 33
43 1 21
22 1 40
29 1 44
43 1 49
4 0 21
1 1 10
29 2 33
48 1 25
21 2 34
13 0 36
47 0 7
24 1 16
12 2 25
21 2 29
16 2 7
14 2 40
13 2 36
43 1 34
16 1 24
19 1 41
39 2 37
24 2 26
5 1 5
1 0 39
7 1 25
44 0 44
30 1 5
39 2 22
14 0 23
19 1 43
20 0 9
44 1 29
3 1 30
26 1 43
32 2 48
40 2 4
32 1 29
4 1 33
19 0 49
48 1 35
8 2 29
43 1 41
25 0 12
36 1 45
25 2 23
1 1 40
22 1 21
44 2 10
17 1 41
9 0 6
24 1 43
47 0 46
49 0 17
26 1 8
48 0 40
36 1 1
11 1 46
22 2 10
28 0 19
22 2 22
9 1 22
2 1 43
9 2 15
40 1 8
13 1 19
11 2 42
23 2 34
21 0 23
44 0 3
6 1 39
39 0 37
10 2 37
32 1 36
34 1 37
44 1 15
20 2 21
30 0 34
6 0 5
31 1 7
11 0 11
8 2 46
38 2 41
32 0 20
43 1 45
23 2 32
36 1 38
18 2 22
21 1 49
42 0 30
48 1 21
36 0 9
42 2 44
11 2 38
35 1 30
29 0 8
8 0 40
23 1 10
13 0 49
20 0 28
28 2 22
32 2 11
20 0 2
18 0 31
31 1 49
30 0 20
20 0 16
26 2 14
44 2 23
13 0 24
25 0 13
41 1 40
16 1 18
21 1 20
29 1 10
27 0 27
31 2 32
48 2 2
6 0 5
21 2 24
24 2 17
29 1 19
47 0 46
22 0 2
4 1 7
3 0 21
37 2 18
29 2 20
15 0 29
45 0 31
3 0 17
24 1 27
5 2 21
15 2 44
12 0 35
43 1 6
29 1 14
34 2 8
5 0 45
20 1 3
16 2 30
11 0 22
30 2 44
34 0 5
14 1 10
19 0 10
22 0 40
34 0 33
8 2 43
42 1 28
21 1 47
14 2 8
43 2 37
38 0 17
1 1 25
5 0 33
24 0 3
22 0 3
28 0 42
15 0 26
44 0 4
16 0 11
40 2 36
2 1 47
13 1 19
11 1 19
41 1 4
26 2 48
48 1 46
34 1 9
9 0 21
16 2 32
10 2 13
23 2 15
11 2 46
31 0 16
3 2 45
4 2 30
26 1 32
12 0 41
40 1 14
35 0 26
10 0 46
1 0 1
7 0 26
2 0 25
6 2 29
33 2 44
2 0 34
25 1 24
10 2 35
5 0 27
18 0 17
13 1 25
9 1 6
48 1 49
25 0 34
43 2 24
37 1 15
1 2 37
35 2 24
39 0 2
23 2 32
10 0 49
22 1 24
6 0 27
2 0 20
22 0 31
44 1 18
38 0 1
18 0 8
30 0 33
4 1 14
19 0 43
9 1 9
33 0 4
7 2 18
37 1 7
9 2 41
13 1 47
44 2 9
29 1 42
27 2 25
24 2 11
11 0 35
38 0 13
18 2 20
27 1 29
20 1 7
6 2 18
37 1 15
48 0 36
27 2 40
16 1 24
43 0 16
13 2 19
10 1 42
34 1 4
40 2 14
34 1 21
14 2 21
39 1 7
18 0 47
19 0 3
21 0 42
28 1 19
7 2 33
47 0 35
24 0 5
4 0 8
6 2 1
25 0 26
43 2 29
20 0 33
46 0 12
39 0 42
26 2 36
9 2 7
49 1 21
42 0 24
39 2 25
12 2 48
26 0 28
39 0 27
13 0 20
4 0 27
33 0 41
42 1 40
40 2 48
3 0 4
47 0 35
30 1 19
17 1 9
23 0 13
3 0 42
33 1 9
12 2 18
42 1 32
2 1 7
19 0 34
18 2 6
12 0 39
27 0 8
33 0 20
3 0 11
39 0 33
47 2 7
24 2 25
8 2 11
4 2 28
49 1 33
15 1 4
18 2 30
8 1 24
17 0 30
49 0 48
9 1 18
43 1 46
13 0 38
45 0 19
47 1 31
40 0 31
22 1 4
45 2 35
35 2 16
9 2 3
6 0 3
48 1 32
41 0 11
24 1 5
43 2 21
31 0 45
15 2 25
46 2 42
33 2 10
17 0 11
29 1 8
37 2 4
31 2 36
49 0 25
38 0 8
42 2 31
11 2 17
21 1 12
14 0 48
11 2 24
21 2 41
20 0 23
48 1 46
16 0 28
32 2 45
32 1 42
41 2 45
31 0 15
11 2 3
27 1 44
15 1 5
39 2 36
2 2 35
39 2 2
35 0 43
6 1 38
18 2 31
39 1 14
17 2 43
7 1 24
2 1 24
44 0 6
43 2 22
9 1 39
18 2 9
2 2 35
29 1 45
8 0 22
42 0 28
39 1 8
30 0 29
30 2 26
25 1 4
36 0 6
44 1 9
37 0 17
13 2 35
8 0 20
38 2 42
31 0 17
36 0 34
19 0 21
32 0 8
24 2 4
22 0 46
3 1 47
26 1 21
3 2 36
36 0 47
49 2 34
4 1 38
18 1 47
7 1 15
44 2 3
48 1 45
20 1 36
43 0 40
7 0 14
20 1 33
33 0 26
48 0 7
18 1 23
20 0 26
36 0 45
38 0 17
9 2 32
44 0 28
30 1 14
27 0 13
6 0 16
41 0 12
14 1 26
7 2 37
26 0 16
15 2 28
9 2 1
6 1 23
24 0 49
6 1 37
48 0 25
9 2 18
2 1 42
10 1 5
32 1 2
1 2 42
44 1 22
31 1 3
43 0 35
26 2 31
10 1 20
38 2 1
39 1 9
37 2 26
44 1 8
3 1 49
28 2 5
9 0 42
9 0 11
14 1 21
28 2 3
44 2 20
3 0 16
21 2 32
2 2 39
6 1 33
2 2 20
6 2 32
30 2 25
19 2 24
6 0 31
16 1 2
35 0 39
21 2 33
46 2 11
8 1 6
2 1 21
16 1 26
28 0 38
24 1 46
20 2 2
16 1 9
22 0 10
42 1 8
26 1 38
24 2 32
36 1 33
25 1 25
16 2 4
10 1 9
41 1 4
48 1 47
39 2 39
1 1 41
15 2 14
10 0 27
45 2 3
6 1 2
46 0 11
12 0 11
35 0 31
48 1 45
6 1 35
2 0 42
26 1 38
31 0 22
33 0 12
48 0 9
18 1 43
6 1 22
47 1 38
10 2 15
38 0 47
28 0 13
10 0 33
5 1 32
43 2 15
17 0 17
3 1 4
11 2 3
39 0 24
49 0 23
36 1 23
42 2 48
12 2 29
28 2 12
38 2 22
36 2 26
42 1 19
12 1 7
45 1 7
22 1 5
37 2 38
2 2 49
12 1 13
34 0 4
3 2 42
49 1 28
9 1 47
24 2 27
36 0 33
4 1 39
44 0 37
24 2 47
42 2 49
27 2 12
43 2 26
36 0 9
15 2 30
18 2 19
21 2 2
35 1 44
46 2 9
26 1 17
33 2 31
22 0 20
45 0 3
24 0 48
37 1 48
25 2 14
47 0 9
8 1 23
24 1 12
46 2 16
26 1 22
49 2 25
38 2 20
40 0 27
29 1 6
35 0 12
17 0 20
41 1 41
25 0 13
47 0 40
27 1 45
29 0 7
34 1 38
49 0 28
31 0 15
39 0 39
8 2 42
10 0 46
22 1 47
33 0 48
31 0 24
22 0 4
20 0 7
12 1 2
4 0 8
30 2 38
16 0 7
47 1 18
47 1 46
26 0 7
48 1 11
30 0 23
28 1 24
47 0 17
5 1 37
23 1 20
15 2 43
33 1 38
16 1 6
32 1 12
7 2 7
31 1 30
22 2 34
6 0 18
25 2 49
47 2 35
44 2 12
34 0 43
35 2 49
6 1 21
40 0 17
32 0 39
18 1 37
33 0 21
44 1 15
18 2 1
27 2 45
18 2 44
11 0 21
9 2 37
37 1 8
35 1 25
40 0 34
3 0 12
47 2 13
17 0 29
38 2 24
38 1 22
1 0 9
3 0 8
18 2 21
12 2 33
24 1 45
9 0 21
12 1 4
47 2 5
17 0 35
8 0 12
36 2 33
39 1 1
28 1 19
13 1 7
26 0 40
47 2 14
40 1 33
30 1 25
29 2 35
20 2 20
4 0 35
6 0 33
45 1 21
46 1 10
7 0 29
16 2 40
2 2 7
47 0 2
15 0 38
13 1 39
4 1 48
19 2 26
12 0 23
38 0 2
17 0 9
30 0 14
27 2 36
45 1 14
2 0 36
38 0 42
24 1 39
19 0 11
47 1 45
28 2 15
17 1 47
42 2 2
25 2 10
37 1 44
14 0 25
46 2 20
18 2 47
6 2 4
15 0 2
39 0 34
38 1 31
11 0 9
14 1 18
37 0 13
9 1 49
30 2 26
22 0 33
18 1 18
34 2 34
40 0 11
43 1 47
34 2 29
21 0 38
32 1 10
12 2 19
44 1 16
10 0 13
2 1 42
39 2 49
30 1 17
4 0 3
15 0 27
6 2 45
39 1 3
9 2 48
46 1 41
22 1 20
24 0 30
3 2 47
24 2 16
2 2 22
9 2 10
13 1 35
21 2 33
2 2 19
17 0 34
25 1 25
37 0 27
26 0 26
49 2 35
30 0 16
15 0 4
19 2 40
37 1 38
42 1 16
48 1 17
5 2 10
46 1 31
27 2 6
30 1 2
27 0 2
26 0 26
40 2 48
16 1 5
18 2 18
3 2 3
42 1 23
2 1 14
23 0 49
11 0 32
49 1 6
3 2 48
22 1 40
47 2 41
9 1 8
43 1 18
45 1 1
35 0 22
35 0 9
1 1 13
1 2 9
3 1 8
20 0 20
48 2 20
36 2 8
14 2 5
14 1 1
27 1 39
18 2 5
13 2 46
1 0 45
14 0 45
10 0 8
20 2 39
31 1 4
12 2 12
24 1 12
25 0 2
7 0 8
29 0 46
27 1 19
46 2 38
22 0 29
23 1 17
7 0 30
9 1 37
42 2 12
15 0 13
36 2 27
34 1 21
35 0 39
3 1 25
3 2 45
3 2 45
38 2 32
33 2 1
37 1 27
45 2 35
42 2 16
34 1 35
5 2 5
37 1 12
45 0 22
49 1 9
41 0 25
46 1 48
8 2 38
37 2 40
9 1 40
17 0 35
37 2 12
48 0 47
43 2 7
40 1 41
31 2 5
42 2 1
17 0 20
24 2 9
13 2 49
32 0 14
16 2 24
6 1 30
19 2 32
4 1 23
43 0 33
21 2 8
23 1 43
7 1 35
33 0 27
38 0 9
43 1 45
44 2 20
18 2 16
31 0 43
7 2 17
20 0 12
45 1 22
4 1 20
49 0 49
41 1 4
33 1 7
9 2 49
13 0 49
3 1 49
23 1 14
46 2 15
12 0 32
35 1 10
24 1 5
45 0 43
22 2 9
25 1 19
5 0 27
3 0 26
4 2 29
6 1 20
47 2 11
46 1 49
15 2 29
17 0 49
17 0 31
11 1 12
45 0 39
40 2 2
12 1 11
46 0 31
42 2 10
18 1 17
4 1 41
1 0 15
23 2 11
28 2 6
35 0 46
35 1 20
1 2 5
43 0 11
38 0 38
44 2 30
10 1 22
28 0 15
14 2 21
29 1 22
38 2 9
22 0 12
32 0 35
17 0 37
5 0 35
48 1 13
16 1 33
48 1 36
24 2 36
18 2 34
40 0 1
17 2 5
25 0 1
32 1 45
4 0 2
32 0 1
43 2 48
29 0 18
42 2 33
35 2 6
18 1 9
1 0 44
16 2 21
25 0 35
2 0 45
30 0 1
20 0 17
16 0 27
19 1 15
48 1 24
12 0 22
15 1 48
9 0 14
8 1 15
46 0 6
3 0 8
21 2 20
14 2 2
1 2 22
27 2 13
26 2 1
1 2 13
24 1 43
49 0 42
3 0 3
5 1 21
14 2 33
5 1 33
16 0 49
25 0 38
20 0 25
18 0 20
22 1 21
17 2 1
40 1 1
49 0 4
42 2 9
9 1 15
30 2 16
38 2 10
28 0 37
29 0 42
7 2 4
7 2 10
25 1 33
17 0 10
17 2 30
23 0 9
3 0 39
11 1 8
27 2 14
39 1 14
12 1 10
15 2 37
33 1 41
37 0 41
4 2 39
24 1 28
49 0 26
34 1 47
9 1 41
39 0 11
30 2 39
6 1 36
18 0 22
49 1 9
24 2 42
1 0 43
29 2 26
18 0 22
13 0 20
41 1 21
17 0 43
30 2 5
1 0 2
42 2 29
19 1 34
1 2 6
44 0 38
8 0 16
34 1 3
14 0 30
27 0 18
33 1 17
18 1 29
41 2 9
18 2 1
47 2 24
44 2 38
31 0 37
44 0 33
48 0 18
24 0 4
10 2 4
42 2 10
44 0 24
29 1 3
25 2 34
9 1 36
47 0 42
13 2 37
45 2 3
34 0 18
17 2 22
45 1 49
13 2 16
45 0 34
3 0 10
25 2 16
49 1 47
12 0 43
18 1 6
22 1 45
49 1 2
41 2 40
40 2 46
8 2 10
10 2 37
20 1 22
7 1 24
19 0 4
9 2 36
22 2 10
32 2 6
43 1 41
47 1 39
40 0 30
18 0 8
11 1 43
34 1 49
3 2 24
8 1 1
8 2 27
2 1 26
26 1 49
42 0 35
38 1 39
43 0 22
23 1 45
12 1 18
34 1 9
34 0 19
36 1 46
20 2 46
10 0 27
35 1 8
41 1 46
46 2 36
34 0 44
35 0 12
4 1 44
20 0 30
31 0 32
17 1 30
6 1 18
11 1 5
27 0 15
23 0 49
13 1 45
9 2 10
15 2 22
20 1 21
34 2 42
35 2 11
47 1 25
4 0 34
44 2 15
8 1 40
40 1 30
13 2 1
25 1 48
48 2 26
16 0 15
35 2 1
17 2 6
16 0 9
48 0 37
16 0 44
32 0 4
44 2 42
35 1 34
1 0 29
38 2 17
37 0 21
43 2 18
30 1 44
45 2 32
30 1 42
30 0 4
16 1 28
17 0 5
35 2 47
47 1 36
16 2 6
39 1 41
35 0 16
6 0 30
3 2 8
27 0 12
40 0 29
34 2 43
43 0 10
47 2 22
12 0 16
19 2 32
19 0 47
45 1 7
4 0 2
17 1 49
27 2 9
49 2 11
18 0 5
48 1 28
37 1 15
15 1 36
2 1 17
6 2 45
41 0 45
19 0 23
4 2 29
34 2 44
39 1 19
32 1 38
31 2 26
32 1 41
47 0 18
13 0 40
49 2 39
11 0 10
22 1 38
4 2 23
43 1 8
23 1 14
32 1 2
33 1 1
18 2 19
35 1 37
8 1 7
35 2 30
23 2 2
1 1 4
7 2 19
39 2 43
10 1 33
41 2 17
36 0 4
32 1 46
24 0 26
16 1 23
41 1 7
27 1 26
38 1 15
37 0 22
39 1 27
42 2 4
38 1 29
18 2 45
28 1 42
30 0 48
31 1 4
34 0 42
31 0 43
3 2 19
6 2 40
11 2 39
17 0 21
31 1 21
27 1 20
33 0 41
24 0 44
21 0 41
48 0 49
23 2 42
8 1 46
37 0 46
30 0 34
49 1 37
35 0 20
8 2 42
9 2 35
6 1 2
3 1 22
11 1 30
9 2 13
7 2 49
48 0 47
43 0 39
27 0 41
37 0 23
49 0 40
1 2 44
46 1 15
14 2 38
22 1 39
8 0 27
3 1 13
23 2 44
4 1 20
27 1 26
4 0 30
49 0 40
20 2 4
30 1 20
5 1 14
41 1 42
47 1 24
45 2 41
30 2 13
2 2 44
3 2 34
4 1 14
18 0 35
8 2 42
48 0 13
14 1 43
9 0 39
48 2 49
19 2 33
10 2 38
40 0 29
37 1 22
8 0 34
13 2 33
45 2 48
1 2 23
20 2 42
21 0 39
48 1 3
20 2 17
46 1 18
43 2 12
45 1 43
26 2 45
47 1 39
35 1 3
41 2 5
38 1 11
24 2 8
26 0 6
9 2 7
38 1 28
19 2 19
40 0 25
40 0 6
49 0 46
31 1 44
28 1 26
13 0 3
2 0 3
49 2 4
47 0 31
21 1 43
45 1 5
23 1 46
19 1 12
48 0 30
30 0 11
21 0 4
19 2 41
43 0 31
49 1 34
18 1 2
7 0 17
41 1 10
8 0 30
41 0 31
17 1 1
31 1 7
27 0 41
10 2 28
42 2 9
29 0 1
11 1 23
24 2 8
47 1 38
13 1 40
33 1 5
4 2 15
35 1 44
39 1 37
31 0 9
48 0 36
37 1 35
47 1 43
4 0 10
11 0 11
34 0 22
39 2 28
41 0 31
43 0 17
7 1 10
12 0 44
43 2 11
5 2 28
30 1 33
37 1 6
33 2 33
46 1 21
13 1 35
48 0 49
25 1 5
45 2 19
37 0 49
48 0 13
19 1 7
14 2 36
7 0 13
11 1 15
21 0 45
23 0 3
46 0 5
12 0 8
45 1 36
20 0 11
38 2 3
1 0 49
37 0 26
34 0 1
12 0 45
13 1 33
22 2 36
3 2 31
48 0 3
17 1 40
44 2 15
22 0 22
41 2 21
36 2 37
4 2 29
1 0 48
20 0 39
3 0 47
20 0 34
34 2 8
14 1 17
20 1 31
32 1 28
22 1 49
38 2 45
22 2 39
25 2 34
2 2 40
43 0 19
33 1 39
19 1 25
5 1 18
19 2 7
45 0 49
10 1 45
38 1 34
44 0 17
40 0 36
23 2 45
33 2 25
40 1 26
8 1 34
6 2 12
36 0 38
7 0 30
6 0 34
42 1 46
31 2 33
14 0 43
5 2 10
21 2 4
20 1 15
41 1 6
1 1 7
12 2 5
12 2 5
40 0 4
43 2 19
29 1 3
11 0 19
24 0 3
4 1 27
18 1 22
10 1 37
29 2 9
26 0 10
29 0 10
6 1 46
2 1 40
2 0 44
4 1 3
7 0 12
23 0 24
32 1 7
5 1 11
19 2 26
19 2 30
23 0 35
35 2 15
32 0 49
19 0 36
28 1 33
38 2 23
15 1 31
13 1 39
41 2 33
48 0 28
9 0 47
46 0 6
14 0 9
25 2 22
29 0 19
39 0 13
14 2 38
2 1 33
19 2 9
1 0 30
42 1 21
41 0 38
11 0 32
39 2 22
6 0 15
46 1 17
27 2 43
45 2 24
40 1 26
40 1 4
29 2 2
21 2 17
32 1 49
24 1 39
21 2 2
2 0 20
30 1 42
4 1 19
29 0 26
24 1 33
47 2 28
23 1 3
47 2 23
8 2 41
31 1 19
45 2 47
26 0 32
27 2 13
22 1 3
44 2 43
9 2 8
49 2 27
1 2 42
40 2 11
3 1 14
5 1 24
20 1 24
10 2 7
18 2 8
2 2 28
41 2 16
10 0 3
5 2 2
46 0 41
21 0 45
6 1 24
24 0 41
49 2 20
33 0 30
33 1 42
41 0 49
47 1 45
8 0 5
48 1 47
20 2 25
11 1 35
16 2 47
40 1 41
9 1 1
13 2 5
7 0 16
27 1 23
41 1 38
48 1 17
12 2 34
4 2 36
2 2 19
44 2 48
3 2 21
18 2 35
42 2 4
5 1 22
46 2 27
47 2 39
37 2 16
3 1 23
44 1 28
43 0 41
1 1 34
45 2 33
8 0 1
17 2 44
8 1 22
43 2 24
15 2 45
1 2 46
2 2 10
21 1 36
30 0 35
1 2 13
13 0 14
25 2 10
4 1 25
32 1 24
39 1 26
2 0 2
32 1 35
10 2 37
36 2 45
19 2 4
42 0 15
40 1 24
4 2 46
49 1 42
16 0 12
32 0 3
7 1 31
49 1 47
16 1 19
4 1 35
23 1 31
30 0 42
13 0 13
21 2 30
22 1 43
22 1 36
6 0 22
14 0 19
17 1 22
13 0 27
9 2 34
12 1 34
29 1 15
7 1 2
49 1 43
12 2 4
31 0 36
21 1 43
24 0 35
44 1 23
43 0 34
5 2 26
24 2 34
49 0 27
18 1 46
39 2 33
9 1 27
33 0 28
11 2 48
47 2 27
39 2 3
9 1 6
4 1 19
24 0 27
43 0 40
30 2 40
35 1 45
46 0 26
47 0 49
48 2 2
23 2 3
32 2 41
22 0 40
21 1 34
20 2 4
34 0 36
41 1 11
8 2 30
6 2 42
40 0 32
25 1 18
44 0 7
34 1 20
38 1 32
13 0 5
44 0 27
34 2 40
12 2 39
20 1 5
1 0 42
22 2 4
47 2 33
13 1 33
46 2 34
18 2 12
45 1 31
43 2 35
4 2 20
47 1 13
20 1 42
2 2 37
21 0 17
47 2 33
16 2 33
6 0 27
9 0 25
32 1 24
4 2 46
6 0 22
28 2 27
37 2 10
35 0 35
38 1 28
31 0 11
11 1 28
34 1 4
2 1 24
33 2 31
34 2 3
20 0 27
22 0 21
48 0 21
18 1 23
11 0 36
40 2 24
34 2 37
14 1 36
44 2 6
22 2 1
25 1 49
1 0 5
43 0 4
46 0 7
27 2 29
40 2 8
38 2 31
4 1 7
46 0 10
49 1 23
23 0 31
37 2 35
1 1 1
44 2 13
4 0 38
26 0 16
47 0 15
43 1 31
9 2 42
4 0 11
36 0 27
13 0 44
29 1 47
36 0 1
25 1 32
4 0 14
15 1 16
46 0 12
32 1 13
19 0 41
39 2 36
21 2 8
12 1 14
24 2 4
31 2 40
17 0 2
16 0 48
12 0 3
4 2 11
26 1 43
10 2 5
35 1 9
38 0 9
12 1 38
41 2 14
6 0 13
37 2 7
13 0 33
23 2 32
37 2 5
16 2 48
16 1 42
7 0 12
18 2 26
32 0 3
20 0 49
26 2 5
10 1 16
14 2 15
33 0 26
40 1 14
1 1 25
20 2 13
11 2 39
6 1 34
31 1 4
17 2 17
31 0 45
16 2 43
28 2 37
22 1 35
29 2 32
16 2 39
27 1 26
32 1 36
22 0 6
49 1 15
45 2 46
11 0 34
12 0 11
25 1 17
42 1 44
23 0 22
36 1 20
1 1 47
11 2 7
34 0 38
43 1 35
22 0 31
34 0 13
35 2 6
23 1 46
27 2 42
16 1 27
21 1 39
33 0 10
33 0 46
31 2 2
41 2 23
45 2 13
47 1 1
42 2 1
25 2 13
8 0 6
49 1 33
31 0 31
44 2 4
43 1 44
36 0 30
11 2 38
42 0 32
34 2 17
2 2 35
46 2 1
38 1 48
33 1 37
27 0 9
48 2 33
45 2 15
26 2 32
41 2 19
3 2 3
47 2 42
19 2 35
17 0 28
25 0 43
9 2 1
45 2 7
19 0 36
15 0 38
12 2 44
40 2 34
37 0 41
3 0 10
15 0 39
44 2 25
33 2 6
17 1 33
21 2 26
45 0 22
35 0 36
31 1 38
36 1 13
18 1 37
42 0 33
28 0 18
29 0 7
32 0 38
1 0 38
44 0 18
31 0 26
49 1 27
14 1 25
18 0 7
44 1 32
41 2 38
20 1 39
5 2 49
22 2 38
14 2 26
11 2 6
37 1 38
38 0 29
11 1 14
37 1 42
17 1 4
25 2 9
21 2 29
39 1 3
9 2 23
15 2 15
38 2 13
30 0 35
10 2 29
12 1 25
23 0 12
41 1 17
21 2 9
32 2 43
13 0 10
4 1 34
38 2 29
31 1 40
7 0 34
26 2 46
35 2 24
47 2 47
5 0 34
46 0 45
31 0 16
2 2 43
44 0 48
18 0 30
31 2 27
5 1 8
32 2 11
45 0 38
13 1 49
35 1 12
5 0 34
12 0 47
19 1 22
3 0 21
40 1 14
47 0 30
20 2 35
37 0 39
22 2 29
43 0 20
43 1 16
44 2 22
48 0 1
22 2 19
49 0 14
40 1 47
6 2 36
29 2 6
2 1 47
2 0 18
30 2 1
2 1 28
24 1 41
26 2 15
39 2 37
20 0 38
20 1 14
9 1 39
26 1 37
36 0 36
42 0 47
30 0 37
15 2 12
16 0 37
38 1 32
24 2 22
11 2 8
42 1 5
5 2 17
23 1 11
25 1 10
43 1 39
35 2 38
27 1 9
20 0 6
8 0 7
8 2 44
23 0 35
1 1 27
31 2 29
39 2 27
42 0 25
43 1 24
30 1 47
42 1 23
42 1 2
29 1 4
48 1 45
42 0 15
12 0 36
31 2 9
27 1 9
14 0 13
43 2 11
7 1 19
17 0 22
12 0 25
35 2 18
42 0 33
15 2 12
19 1 32
1 0 32
44 0 22
31 1 36
34 1 45
5 2 26
35 0 40
42 2 31
15 1 26
15 2 29
21 0 6
41 2 1
12 1 30
5 1 17
27 1 35
10 1 49
35 2 21
16 1 3
16 0 39
41 2 33
25 2 24
41 0 30
4 2 14
1 2 26
9 2 10
23 1 19
47 2 43
5 2 41
10 2 39
16 1 8
8 0 3
41 0 23
14 2 29
46 0 17
25 0 5
21 1 22
10 1 47
29 1 13
36 2 4
37 2 47
43 0 42
7 2 12
48 0 48
27 0 37
36 1 5
16 0 36
17 1 2
27 0 35
2 0 18
21 0 25
17 1 40
15 1 7
39 0 42
23 0 3
20 1 27
34 0 4
40 0 38
42 1 7
17 2 14
49 0 19
31 0 21
10 2 23
10 0 48
29 0 22
47 1 27
45 1 29
28 0 34
25 1 34
29 2 23
26 2 46
21 2 5
20 1 19
26 2 26
37 0 17
11 0 10
4 2 39
44 2 42
1 2 16
35 2 34
48 0 14
12 1 35
14 1 11
9 2 28
39 0 25
18 2 4
9 2 44
11 0 17
32 0 12
35 0 24
17 1 30
20 2 10
27 2 12
16 1 20
37 2 24
45 0 49
11 1 43
2 2 48
37 2 5
46 0 3
3 1 27
31 1 7
1 0 27
41 1 11
10 0 1
2 2 45
38 1 25
37 2 45
37 0 37
10 1 42
11 2 41
29 1 17
3 1 39
33 0 7
32 0 26
7 2 49
49 1 44
35 0 45
40 2 9
1 2 11
41 0 20
36 1 18
43 1 32
21 1 4
4 0 34
31 0 7
9 2 37
29 1 33
18 2 47
27 2 1
47 0 1
41 2 4
14 1 38
39 2 4
7 1 4
7 0 49
44 0 45
34 1 44
36 2 28
20 0 4
2 2 22
5 0 17
26 2 17
30 1 6
27 1 24
3 1 37
48 2 11
25 0 22
17 2 1
31 0 36
13 0 8
31 1 36
38 2 39
36 1 19
17 0 16
13 1 16
23 0 4
9 1 42
8 2 18
8 0 33
18 0 48
12 2 17
30 1 1
33 0 35
13 0 48
32 1 36
26 0 45
44 1 18
2 0 38
8 1 16
16 0 39
36 2 20
8 2 37
45 1 42
36 1 39
23 1 3
25 2 12
31 2 37
4 2 39
4 0 37
21 2 19
10 2 3
5 0 16
41 0 37
29 2 49
11 2 3
1 0 32
47 1 11
26 1 4
35 0 45
22 2 27
32 2 20
21 1 20
49 0 40
24 0 10
28 0 11
18 1 2
29 0 41
27 1 24
36 0 36
38 2 32
26 2 40
20 1 46
26 2 47
14 0 4
49 1 42
24 2 44
39 2 7
17 1 6
23 1 26
21 1 33
41 2 15
26 0 10
16 1 48
38 2 27
34 0 8
46 1 18
45 2 16
14 0 41
3 0 43
2 1 28
10 2 5
13 1 42
12 2 21
33 0 4
8 1 16
39 0 17
34 0 44
5 2 39
37 0 19
19 1 16
34 2 21
5 1 28
30 1 12
46 1 21
18 2 17
26 1 41
12 2 41
21 0 2
28 0 36
48 2 11
18 0 33
6 1 28
29 1 42
11 1 36
35 1 22
45 0 2
7 0 37
5 1 14
32 1 22
11 1 40
5 1 8
23 0 12
22 2 36
44 2 31
33 2 46
33 0 14
35 2 36
15 0 13
9 1 42
14 2 20
45 2 20
10 2 4
20 2 22
16 0 20
4 2 45
16 1 11
12 2 47
24 1 35
32 2 14
10 0 16
40 0 23
38 0 46
41 0 4
21 0 5
40 2 6
12 0 2
19 1 30
25 2 3
39 0 35
36 1 6
26 0 6
14 1 1
44 2 23
2 1 39
29 2 1
8 0 43
4 0 20
23 1 43
21 0 10
25 0 31
31 2 37
4 1 28
17 0 49
48 0 20
32 1 22
43 2 20
6 0 46
16 1 22
1 0 14
12 2 33
23 1 18
49 1 15
37 2 2
30 1 24
26 1 17
38 2 28
14 2 35
36 2 45
20 1 21
12 2 12
16 0 24
37 2 17
12 1 28
4 1 1
35 1 29
32 0 22
3 2 41
17 0 5
36 0 31
16 1 33
17 0 40
26 1 47
10 1 17
46 2 12
43 2 13
34 0 43
27 2 16
25 1 39
3 2 31
7 2 9
19 1 16
2 1 46
24 0 6
14 2 15
10 0 33
12 0 10
25 0 18
11 1 28
11 1 23
45 2 34
29 1 10
8 1 4
28 0 42
23 0 16
11 0 22
7 2 8
16 0 14
8 1 47
3 2 43
4 1 36
13 0 33
22 2 19
15 0 8
16 2 5
37 1 30
25 1 43
8 1 2
17 2 5
28 2 19
25 1 17
17 2 29
30 0 23
8 0 44
4 2 39
20 1 46
38 1 38
29 1 48
10 0 32
40 0 47
37 0 28
31 2 42
31 2 1
21 2 32
12 2 15
8 0 29
12 1 29
4 1 12
28 1 23
25 2 46
44 2 17
44 1 9
22 2 22
19 0 12
14 1 41
39 1 43
30 1 46
43 0 21
43 0 35
7 2 6
35 1 39
6 0 27
16 2 30
24 1 28
47 2 41
29 2 18
29 1 26
17 1 14
49 2 47
47 1 12
32 0 11
7 2 35
9 2 16
11 1 16
11 0 37
18 0 18
27 1 42
34 0 19
2 2 28
27 2 44
34 1 44
24 1 44
33 1 8
19 1 48
30 1 41
47 1 9
33 2 39
48 0 25
33 0 27
20 0 8
30 0 39
29 0 42
18 0 14
8 0 35
35 2 32
39 1 21
1 0 12
8 2 22
33 2 22
16 1 41
10 2 47
47 2 10
7 1 37
6 0 49
14 0 36
10 0 20
48 1 15
34 2 24
43 2 44
27 2 30
19 1 29
31 0 14
36 2 24
26 1 45
36 2 48
44 1 28
48 0 27
47 1 18
14 0 43
34 1 32
48 1 48
47 0 37
25 0 8
2 1 49
43 1 20
13 1 1
37 2 37
28 2 10
19 0 42
7 2 5
48 1 29
5 2 40
35 2 35
44 2 25
34 1 35
38 2 41
36 1 35
27 1 48
20 2 17
49 1 41
4 1 26
13 1 1
10 1 44
32 2 42
24 1 15
6 2 13
1 1 18
20 0 30
25 2 2
48 1 1
6 1 19
21 2 20
31 0 47
41 2 22
49 1 42
19 0 44
41 2 32
45 0 33
42 2 18
15 2 19
34 1 5
25 2 5
2 0 42
16 2 3
42 2 24
8 1 13
48 1 47
31 2 4
15 2 30
11 2 20
47 2 18
44 1 5
37 2 5
25 1 43
9 0 28
36 2 37
25 0 15
49 0 48
11 0 48
45 0 9
44 0 6
24 0 15
12 1 14
46 2 39
31 2 35
19 0 2
15 0 25
14 2 2
31 2 4
47 1 8
40 2 2
43 1 41
1 1 41
25 1 29
7 0 43
17 1 40
48 2 32
1 0 35
38 0 25
18 2 15
37 0 49
45 2 21
28 0 39
44 1 26
40 1 4
25 2 42
31 1 32
16 0 44
9 0 13
43 1 45
48 2 45
10 1 32
19 0 23
2 2 29
41 0 31
15 0 43
43 2 7
33 1 7
43 0 47
47 2 26
33 2 5
28 2 15
10 0 25
44 0 26
4 2 17
27 2 46
3 1 1
20 2 33
34 2 8
31 2 28
32 2 1
26 2 25
42 2 6
27 1 1
42 1 32
46 0 2
19 2 16
8 1 11
21 1 40
42 0 9
27 1 25
35 0 40
7 0 18
19 0 3
11 0 39
42 2 7
19 0 33
42 0 10
8 0 44
37 2 32
12 1 41
45 2 40
5 2 32
41 2 8
22 2 30
5 2 47
38 0 46
20 0 17
10 1 36
25 2 41
7 1 38
35 2 47
38 0 2
19 1 27
21 0 24
27 1 12
35 0 23
29 0 21
9 2 46
48 2 15
28 1 5
47 2 11
1 1 2
12 0 5
48 2 37
8 0 38
22 2 47
35 0 47
12 0 26
5 0 5
35 0 3
45 0 15
28 0 42
2 0 11
6 1 15
32 1 48
5 1 7
34 2 9
28 2 29
37 0 41
13 1 22
47 1 19
13 0 18
6 1 32
20 1 27
35 0 32
42 2 15
19 0 49
33 0 3
11 1 2
33 2 21
27 1 14
41 2 13
6 0 32
24 0 17
32 1 42
15 0 39
9 2 18
18 0 16
39 0 44
29 2 38
47 2 40
43 1 46
47 0 30
40 1 43
21 1 11
9 2 23
29 2 32
48 1 36
39 0 8
21 1 12
16 0 22
4 1 33
44 1 49
36 2 43
18 2 20
20 0 8
17 2 44
32 0 24
33 1 33
24 1 22
25 0 44
26 1 3
7 0 37
45 0 44
28 1 30
21 2 40
31 2 6
28 1 35
26 2 8
27 2 45
8 1 40
10 0 27
37 2 19
5 2 38
22 1 18
15 1 8
1 2 41
4 1 7
40 0 15
27 0 12
10 0 9
20 0 16
25 0 29
25 1 19
47 1 38
1 2 30
15 1 44
33 2 42
42 0 26
27 2 5
3 1 36
19 2 39
7 0 30
15 0 28
41 0 1
37 2 24
48 2 35
47 0 6
18 0 40
48 1 27
12 1 8
18 2 39
47 2 34
32 1 34
26 1 28
29 1 41
17 0 13
35 1 8
41 0 14
14 0 6
31 1 32
3 2 42
44 1 9
33 2 21
13 1 44
17 0 16
32 0 17
6 0 46
7 2 10
38 1 15
36 2 16
5 1 14
11 1 49
43 0 19
10 2 10
49 2 7
29 0 5
10 2 24
18 1 14
44 1 17
14 1 20
20 0 27
35 0 25
10 1 20
23 2 11
31 2 46
48 1 31
42 1 49
35 0 8
46 2 33
32 1 17
30 0 29
8 2 33
7 1 9
38 0 20
7 1 7
26 2 18
17 2 4
26 2 2
3 1 39
48 2 29
13 1 28
33 2 37
17 0 39
26 2 26
37 1 22
10 1 25
21 2 4
12 0 31
32 0 9
13 2 34
44 1 3
17 1 7
37 1 2
8 2 44
32 2 36
28 2 38
21 2 9
26 0 16
5 1 35
15 1 4
7 0 21
30 2 33
16 1 25
20 0 35
36 2 23
23 2 4
28 0 27
21 0 1
10 2 9
18 1 25
29 0 38
12 0 3
17 2 4
25 2 42
9 1 7
32 0 47
48 1 17
39 2 49
32 0 42
38 0 35
4 1 2
17 0 26
15 0 3
31 1 2
3 2 4
38 1 21
34 0 30
40 0 31
18 2 45
10 2 19
45 2 27
7 0 16
9 2 11
4 2 16
28 2 24
15 0 6
31 2 32
10 1 19
5 2 17
32 1 34
18 1 11
31 1 14
39 0 23
38 0 33
39 1 34
13 0 19
41 0 3
46 1 49
16 2 25
22 2 49
14 0 46
34 1 5
28 0 8
23 2 6
18 0 2
42 0 13
43 2 13
31 1 16
38 2 48
3 0 1
8 0 29
27 0 3
26 1 42
47 1 47
4 0 22
3 1 9
8 2 32
4 1 5
10 1 12
10 1 27
25 2 39
16 0 3
12 1 16
24 1 25
37 2 42
1 1 14
12 1 21
47 2 37
27 1 21
12 2 32
16 2 34
42 1 12
46 1 19
13 0 13
16 2 27
8 1 1
47 1 34
44 0 23
34 2 12
41 0 21
40 1 41
2 2 17
28 1 1
9 0 28
16 0 32
23 2 32
30 1 44
28 1 49
13 1 15
5 1 16
7 1 49
4 0 2
3 2 2
30 0 1
20 0 43
33 1 10
40 0 24
25 2 7
42 1 44
20 1 49
6 2 20
46 1 47
12 0 6
31 1 40
12 2 32
11 1 16
14 2 5
33 1 4
29 2 35
43 0 43
34 1 7
26 1 45
30 2 1
31 1 34
36 2 45
25 1 32
42 0 32
21 2 32
1 0 22
32 2 10
24 2 37
30 0 45
13 1 11
45 1 49
29 1 35
32 0 5
45 2 39
13 2 49
7 2 37
9 1 8
9 1 20
11 1 40
28 1 5
43 2 25
2 0 38
4 1 30
43 1 24
26 1 30
15 2 43
5 2 30
11 1 47
47 0 49
3 2 21
20 0 43
8 1 11
28 2 40
42 1 44
3 2 24
15 1 41
15 1 32
35 2 25
48 0 24
28 2 8
10 0 43
45 2 23
45 1 43
16 0 9
3 0 42
2 2 36
31 2 7
5 2 8
29 2 45
40 1 21
32 2 7
38 2 16
45 2 26
18 0 47
30 0 23
2 2 35
10 0 42
4 1 28
17 1 5
32 1 48
37 2 34
46 1 35
26 0 36
36 2 49
46 2 32
46 1 49
14 1 15
12 2 30
27 1 11
19 0 37
22 2 37
9 1 26
17 0 20
41 0 29
13 1 4
22 1 37
33 0 7
26 0 33
9 0 24
42 2 47
41 2 47
36 0 26
43 1 11
48 2 3
18 2 20
18 1 48
34 0 41
46 0 26
7 2 9
40 1 3
41 0 21
19 0 17
43 2 6
44 0 26
45 1 49
45 2 31
11 1 16
43 1 32
5 0 15
20 1 17
31 0 14
5 0 42
16 1 25
14 2 25
32 2 44
3 1 44
17 1 39
48 1 35
44 1 19
40 1 30
30 0 2
8 0 5
1 0 2
11 2 9
13 1 24
33 2 27
15 0 11
42 1 7
5 0 35
3 0 46
19 2 38
8 0 26
3 2 28
37 2 39
8 2 8
35 2 30
11 1 31
15 1 5
36 1 20
31 2 42
27 0 7
8 1 31
49 1 48
45 2 27
31 2 15
8 2 23
40 1 45
24 0 29
31 1 45
31 0 24
29 1 38
27 1 37
24 1 7
22 1 27
35 1 35
8 1 40
29 1 4
18 1 48
15 2 14
20 0 5
44 2 2
22 2 25
16 1 17
38 2 45
31 0 28
16 1 14
11 2 41
22 1 34
5 0 33
12 0 35
9 2 17
23 2 31
33 2 2
15 2 49
17 2 15
8 0 15
37 1 44
16 2 35
7 0 34
3 1 11
28 1 16
24 2 16
39 1 18
43 1 45
44 1 24
24 1 6
12 1 6
37 0 34
17 0 48
17 1 1
35 1 23
13 2 9
35 1 40
40 1 35
47 2 43
44 2 26
4 0 33
11 0 48
9 2 35
25 2 42
28 2 48
43 1 37
44 1 29
3 1 41
44 0 7
49 1 10
4 2 1
16 0 46
2 1 5
27 0 29
29 2 9
31 2 5
6 1 10
3 1 17
32 0 48
28 2 18
21 2 22
39 1 10
21 2 49
39 1 13
21 0 3
23 1 25
39 2 23
21 1 2
36 2 36
13 0 4
8 1 13
8 2 25
7 0 22
27 2 38
40 2 19
7 0 18
7 1 17
17 2 25
14 2 45
29 0 47
28 1 30
28 2 37
9 1 48
16 2 20
13 2 43
33 2 12
23 0 11
3 0 5
2 2 32
24 0 9
24 1 49
47 0 22
14 0 10
7 0 40
1 2 37
45 1 17
20 1 26
11 0 2
29 0 13
3 1 19
9 1 38
43 1 46
21 2 39
48 1 12
23 0 41
38 2 13
49 0 1
10 1 5
22 2 9
16 1 22
8 2 20
18 1 33
25 2 20
13 1 13
1 2 15
5 2 4
31 1 3
38 1 25
21 2 28
16 0 12
17 2 27
40 2 44
4 2 6
25 0 38
37 0 3
18 2 2
44 1 12
43 0 45
2 0 38
29 2 43
45 2 45
40 1 43
41 0 3
1 1 36
42 1 13
7 0 47
32 2 18
24 2 49
39 1 17
2 1 7
4 1 22
27 0 34
47 0 36
26 0 14
9 1 6
21 0 7
49 1 11
13 1 12
48 1 15
37 2 11
40 0 12
26 0 48
35 1 49
36 2 37
2 1 3
35 2 8
4 2 37
28 0 37
14 0 2
33 1 20
13 0 21
42 0 38
15 0 26
2 2 25
41 1 42
26 0 37
21 1 4
24 0 25
23 1 26
48 1 24
35 0 29
49 0 18
12 2 38
24 1 36
22 1 2
40 2 23
36 1 20
28 1 14
28 0 48
45 0 3
34 0 10
35 1 40
36 1 29
1 1 6
24 1 20
15 1 14
7 1 43
23 2 40
21 2 14
30 1 24
1 2 42
12 1 14
23 0 43
24 2 21
49 1 25
14 2 49
27 2 24
29 1 30
49 2 29
48 1 48
41 1 27
30 2 35
18 0 7
16 1 22
37 0 33
43 1 42
14 1 43
37 2 6
1 2 33
44 0 33
41 1 19
29 0 17
9 0 8
5 2 41
47 0 34
3 2 8
11 0 28
15 0 22
47 2 22
8 0 43
32 1 17
17 2 40
27 2 4
38 1 12
9 1 1
6 0 37
27 1 1
6 1 7
45 1 24
18 0 25
12 0 3
44 2 1
19 0 44
26 0 43
13 0 3
1 1 16
43 0 23
13 1 33
36 1 36
12 0 48
2 1 25
9 0 32
10 0 14
15 1 16
34 2 23
41 2 20
32 2 26
11 0 38
42 2 43
16 2 18
25 1 8
6 1 2
12 1 11
11 0 44
49 2 1
5 2 20
20 0 23
37 1 8
21 0 32
36 0 22
24 2 10
28 2 35
38 2 13
42 1 36
47 1 1
19 2 29
35 1 42
38 1 21
48 2 31
33 0 31
46 2 37
28 2 34
36 0 4
9 2 44
39 1 43
38 1 31
24 0 14
41 1 35
42 0 17
33 0 46
16 2 31
46 0 48
16 2 48
21 2 49
47 1 40
21 0 1
25 0 34
31 0 33
13 2 4
27 2 21
20 2 21
6 2 25
38 1 40
45 1 43
36 1 15
39 2 16
12 2 19
14 0 37
36 2 10
24 1 12
12 0 2
46 0 5
32 0 16
24 0 40
11 0 23
37 2 32
35 1 29
32 1 34
46 0 19
20 1 15
31 1 22
7 2 30
8 0 45
39 0 28
34 0 20
16 2 38
19 0 8
7 1 49
21 2 28
5 1 48
7 1 24
41 0 20
48 1 23
8 1 45
22 2 45
6 1 21
1 2 2
24 1 34
33 0 35
36 1 8
29 2 33
14 0 13
20 2 29
7 0 19
11 1 34
33 1 26
40 0 13
42 2 38
41 0 24
43 2 26
8 2 44
26 2 3
38 0 20
11 0 5
31 1 15
13 1 35
7 0 3
27 0 29
43 0 19
18 0 38
9 2 36
15 1 27
1 0 38
29 2 41
42 1 48
24 0 37
7 2 47
24 0 9
36 0 22
5 0 18
42 1 21
33 1 5
2 0 41
37 2 25
47 2 32
9 1 12
46 2 41
18 1 22
36 2 5
23 1 7
27 2 19
49 1 31
18 2 29
23 0 22
31 2 45
5 1 8
8 0 30
14 0 9
45 0 25
26 0 13
7 0 24
17 0 29
27 2 49
21 0 42
17 2 13
31 2 46
40 0 32
34 2 8
42 2 13
3 2 49
10 1 48
28 1 25
13 2 11
31 1 4
30 0 8
9 2 27
14 0 19
20 2 36
31 0 6
19 1 27
33 0 26
43 0 5
43 2 33
6 2 25
16 1 29
26 1 49
21 0 20
11 2 45
32 1 44
25 2 9
26 0 47
44 1 5
32 0 43
43 1 3
35 1 28
34 2 46
36 2 16
23 1 43
49 1 40
26 1 40
43 2 25
44 1 42
4 2 48
34 1 35
21 2 24
2 2 1
14 2 14
4 1 21
36 2 31
2 0 11
38 0 32
7 0 13
10 0 7
1 0 34
24 2 14
37 1 10
41 0 44
27 0 17
49 1 22
24 2 29
29 1 46
47 2 33
22 2 44
38 0 20
35 1 25
24 1 32
10 0 32
9 2 36
3 2 38
15 2 28
46 2 27
15 0 6
13 0 12
16 1 15
31 0 26
42 1 34
20 0 45
14 1 42
27 0 14
32 2 48
1 0 38
35 0 37
21 2 19
44 0 16
40 1 2
13 1 19
44 0 35
18 1 27
49 1 30
44 1 48
28 1 26
25 2 21
49 1 27
27 1 25
46 0 5
11 2 27
32 1 24
26 2 5
8 1 25
40 0 20
36 0 20
19 2 18
39 0 12
46 2 27
21 0 8
23 0 24
3 1 28
25 0 3
3 1 22
42 2 10
33 2 45
3 1 18
7 0 44
33 0 40
29 0 37
48 1 47
25 0 12
43 0 20
36 2 14
22 0 43
49 1 34
9 2 22
12 0 42
30 0 35
37 0 49
5 0 27
47 0 35
39 2 21
44 1 3
3 0 49
17 2 23
5 0 47
34 2 39
23 2 28
25 0 18
44 2 28
4 0 37
22 1 43
16 0 25
23 1 29
18 0 33
30 1 8
41 2 5
10 1 21
20 2 31
44 0 17
17 2 31
2 1 37
7 2 40
24 0 32
13 0 40
29 1 2
16 0 39
27 2 18
46 0 40
41 0 32
10 2 39
29 1 33
49 0 15
23 2 20
31 1 40
49 2 41
45 1 21
43 1 2
3 1 37
6 2 34
3 2 20
14 2 23
21 0 23
22 0 13
3 2 10
20 0 47
11 1 14
45 1 26
49 0 12
33 1 43
21 1 37
31 1 29
16 0 1
5 1 46
2 0 16
8 2 2
29 1 24
23 1 21
47 1 15
7 0 25
36 0 33
20 2 43
40 1 24
44 0 16
11 1 7
9 0 46
43 0 47
23 1 31
41 1 40
15 0 10
41 0 40
5 0 25
17 0 34
47 2 10
15 2 27
20 0 28
15 2 45
48 2 23
26 0 8
45 1 39
21 2 3
13 0 4
41 1 8
45 0 42
44 1 22
12 2 32
33 1 3
29 0 19
36 1 25
18 1 10
2 2 41
10 0 31
3 0 34
4 1 45
42 0 27
26 1 2
32 0 34
5 2 23
10 1 28
7 1 23
14 1 19
7 2 34
24 1 49
16 2 34
39 2 28
35 2 6
40 1 7
36 1 37
19 0 15
15 0 30
2 2 44
23 1 46
25 0 30
13 2 4
43 0 18
16 1 28
12 2 48
20 2 32
11 1 14
31 2 49
37 0 44
42 0 4
33 0 29
46 1 46
34 0 36
10 0 20
19 0 24
45 1 37
46 2 3
42 2 22
10 0 3
47 2 16
45 2 44
48 1 16
7 2 18
28 0 20
3 0 11
4 2 2
44 1 12
34 1 44
2 0 14
36 2 47
35 0 32
38 2 43
23 2 48
45 2 3
40 1 37
8 2 11
41 0 49
29 1 33
27 1 14
3 1 19
8 0 12
45 1 48
39 0 6
40 2 44
16 0 21
34 0 46
23 2 3
29 1 30
26 2 29
38 2 32
41 0 3
20 2 25
20 1 1
13 1 7
5 1 21
1 0 38
15 1 19
40 2 2
12 0 24
27 1 32
20 0 31
40 1 16
34 2 1
26 0 49
12 1 40
5 1 13
24 1 39
26 1 18
20 0 24
31 1 37
8 1 16
34 0 27
38 0 44
1 1 8
8 0 6
5 0 15
36 2 14
32 2 46
30 0 49
38 1 38
19 2 10
19 1 29
40 1 46
9 2 41
21 2 41
24 1 2
19 0 47
27 0 43
10 1 41
28 0 37
7 0 42
2 1 49
32 0 16
40 2 41
16 2 6
49 1 9
37 1 40
37 0 26
38 0 31
16 0 9
34 0 31
36 0 18
38 2 45
32 2 31
16 2 15
29 2 18
40 0 18
6 2 17
28 2 23
41 2 4
9 2 37
6 0 15
19 1 31
48 0 39
8 0 37
28 1 16
3 2 31
26 1 27
8 0 9
43 1 24
4 0 31
1 0 40
8 2 10
25 0 1
43 0 3
19 0 39
27 1 26
31 1 36
8 2 11
38 1 18
41 0 11
10 0 35
6 1 26
34 1 46
49 2 40
4 0 40
16 0 23
37 1 42
8 1 2
21 0 12
6 1 33
39 1 27
40 0 3
29 1 11
48 2 8
12 0 16
25 2 21
19 1 12
3 0 17
15 0 44
26 1 18
8 1 42
31 2 9
25 1 6
21 0 12
24 2 7
3 1 6
28 2 46
18 2 29
48 1 32
6 0 19
20 1 18
23 2 20
27 2 48
46 1 36
15 0 10
48 1 1
5 0 33
3 1 44
41 1 11
2 0 32
15 0 17
23 2 32
49 2 2
36 0 44
6 0 28
15 1 18
31 0 2
9 0 24
19 0 35
10 0 5
42 1 33
25 2 49
47 2 11
35 1 10
7 0 44
20 1 5
6 2 15
35 0 42
6 2 41
41 0 7
27 2 46
16 1 43
49 0 6
44 1 33
4 1 23
49 0 13
27 2 17
19 2 12
32 0 40
13 2 35
9 1 13
35 1 6
8 0 15
21 0 31
28 1 29
21 0 21
37 2 26
38 2 45
1 1 39
10 2 17
9 0 24
46 1 36
27 1 18
28 0 40
32 0 49
9 1 45
9 1 41
16 1 9
24 1 8
41 2 7
25 0 1
37 0 26
48 0 27
19 2 31
25 0 37
37 2 29
2 1 31
5 2 34
23 0 9
34 0 49
9 0 49
19 2 40
37 0 16
46 1 36
43 1 31
41 0 40
49 2 21
25 0 20
34 0 2
37 2 48
25 1 35
1 0 24
19 1 29
16 2 24
40 1 32
18 0 26
42 1 27
20 1 18
6 1 9
49 0 5
37 2 17
34 0 45
35 0 19
18 1 14
26 2 30
35 2 29
19 0 9
11 0 17
8 1 6
15 2 31
44 0 34
24 1 47
22 2 46
35 1 32
17 1 27
14 1 16
17 0 8
33 1 39
28 1 6
26 0 34
15 1 48
32 1 27
44 1 48
35 0 27
31 2 8
2 0 1
46 2 15
11 2 5
3 1 49
36 1 46
32 1 45
49 2 27
4 2 30
35 2 35
29 0 36
38 0 36
18 0 26
21 1 42
4 2 40
49 2 14
45 1 41
43 0 43
38 1 24
28 0 31
19 1 43
8 1 12
41 1 40
44 1 33
48 2 3
3 1 28
31 2 11
24 2 39
29 0 35
6 0 48
35 2 12
32 2 15
14 1 10
18 1 21
38 0 36
7 1 13
33 2 8
37 1 2
37 1 30
49 1 28
7 2 15
22 2 13
13 2 37
43 2 44
43 2 16
31 1 34
10 2 29
40 2 15
44 2 39
21 0 4
33 0 18
20 1 35
28 0 11
24 2 31
19 1 39
10 1 7
25 0 17
22 0 42
45 0 16
3 1 3
10 2 15
24 0 29
22 1 38
12 2 17
28 0 24
23 1 1
2 1 5
39 0 23
20 1 1
27 0 6
11 2 2
46 2 4
33 1 18
13 2 37
1 2 15
5 2 18
47 1 5
22 1 26
29 2 48
1 0 35
44 0 42
43 0 31
34 2 47
6 1 30
36 1 40
44 2 10
31 2 34
33 0 22
20 0 4
35 1 28
23 1 12
28 0 47
21 0 12
42 2 40
26 2 35
23 0 20
9 2 9
42 1 11
14 2 30
38 2 43
1 0 27
22 2 35
24 1 15
19 1 33
21 0 26
36 2 14
22 0 44
46 0 32
14 2 28
38 1 14
1 2 12
48 2 46
13 2 36
17 2 28
39 2 16
28 1 15
25 1 38
16 1 32
31 2 22
19 0 12
9 0 12
14 1 24
9 2 34
40 1 6
35 0 2
17 0 41
43 1 6
16 2 18
15 0 1
45 2 10
6 0 32
32 1 47
1 1 23
27 0 45
25 1 12
43 2 34
6 2 44
35 1 44
49 2 7
49 1 38
17 0 46
8 1 35
27 0 6
31 0 1
3 0 33
24 2 7
26 2 11
36 1 23
21 2 18
47 2 21
7 1 29
33 1 46
40 0 3
23 1 42
13 2 24
11 0 34
20 0 17
16 1 35
5 0 26
8 2 32
48 0 16
8 1 24
1 0 25
19 1 17
34 0 45
44 1 17
43 2 24
2 2 47
16 1 33
23 0 25
19 0 18
28 2 49
30 2 8
10 2 7
29 0 8
33 0 4
49 0 15
34 2 49
1 0 22
15 1 38
32 0 30
36 1 4
46 2 29
33 1 21
43 0 20
24 1 18
15 0 44
11 1 15
1 0 5
30 2 26
38 1 10
43 1 5
22 0 37
12 1 20
25 0 31
43 2 13
30 1 49
38 0 8
49 0 47
3 0 18
16 1 19
43 1 14
25 0 48
6 1 31
41 1 5
26 1 6
6 1 8
47 0 33
46 2 28
41 1 48
48 0 41
8 1 7
38 1 24
41 0 22
46 0 26
31 0 17
22 1 10
19 2 6
21 2 27
5 2 31
21 0 32
13 1 33
34 0 37
20 0 47
1 2 14
31 2 40
25 1 41
10 1 41
42 0 15
11 0 44
5 2 2
21 2 7
10 1 5
21 2 15
38 2 5
28 1 5
14 2 40
21 0 17
26 2 49
38 0 7
40 0 49
23 2 42
47 2 48
42 2 10
1 0 20
8 2 33
17 0 21
14 1 16
18 0 37
4 2 43
4 2 48
44 2 1
34 2 28
32 2 15
29 1 49
48 1 36
49 1 37
34 2 5
22 0 18
32 1 48
40 0 5
29 2 28
40 1 10
32 2 23
42 2 39
47 1 2
35 0 46
24 2 10
3 1 21
47 0 39
31 1 24
2 1 38
6 0 48
27 1 3
18 2 48
40 1 43
49 0 12
32 1 9
12 0 19
46 1 14
36 2 8
19 1 18
30 1 8
48 2 16
35 1 45
38 1 33
21 0 28
45 1 21
24 0 28
20 1 28
20 0 5
18 1 41
39 2 7
17 1 15
49 1 8
43 0 39
29 0 12
48 0 21
34 0 33
9 0 21
45 0 8
46 0 11
38 0 38
11 2 10
1 0 21
29 1 37
20 1 38
12 1 3
11 2 44
21 0 37
13 2 37
12 2 37
22 1 29
10 2 12
34 2 6
47 1 9
17 1 32
37 1 41
18 1 17
15 0 2
29 1 36
5 1 33
38 1 4
37 2 40
39 2 42
39 1 11
10 2 32
23 0 13
6 2 27
40 0 29
7 0 39
15 0 36
38 2 37
34 0 47
49 1 13
15 0 17
39 0 8
48 1 10
43 2 47
10 1 31
19 2 30
45 2 9
32 2 21
17 1 46
46 0 42
38 1 28
25 0 18
8 2 45
30 0 36
17 1 7
16 2 13
3 1 13
23 2 40
37 2 39
13 0 23
17 1 37
45 0 34
34 1 40
36 2 22
44 0 4
4 0 32
20 2 3
30 0 38
25 1 6
22 1 43
49 1 30
12 1 44
4 1 6
35 1 28
37 2 10
47 0 26
47 2 49
26 0 10
10 1 5
24 0 14
1 0 6
6 2 27
26 2 17
9 1 28
26 2 32
6 2 42
18 2 25
41 1 13
32 0 6
38 2 38
34 2 2
34 1 29
42 1 3
34 2 26
15 0 16
3 0 17
45 2 6
35 1 42
31 2 15
9 1 45
15 1 25
19 1 47
8 2 8
49 0 18
34 2 48
42 0 5
15 1 30
17 2 9
34 1 10
43 2 43
36 2 45
7 2 14
49 0 46
22 1 32
35 1 24
17 2 22
10 2 47
19 2 7
16 1 31
25 2 15
29 2 2
8 1 41
42 0 44
36 2 33
36 2 42
37 0 33
30 2 5
42 0 33
28 0 17
10 1 26
18 1 22
42 1 47
35 0 31
10 0 41
46 1 27
31 2 44
41 1 13
12 2 3
31 0 40
19 0 45
16 0 45
26 1 43
4 0 30
6 2 42
45 1 21
34 0 9
35 2 32
24 0 24
25 1 32
43 0 33
13 0 14
29 0 30
10 2 26
44 2 17
39 0 15
42 0 18
1 0 22
34 2 22
30 2 48
17 1 48
13 2 16
26 0 31
48 1 29
30 2 26
20 1 10
20 0 28
29 1 17
3 1 48
22 2 46
38 0 4
31 1 29
10 1 35
5 2 49
2 2 39
42 0 45
27 1 48
8 2 24
41 2 1
13 2 4
10 2 23
11 0 2
31 0 37
10 0 27
14 2 23
5 2 12
44 0 47
23 0 20
42 0 45
1 1 48
10 2 42
27 2 21
5 0 7
44 1 26
13 1 22
18 0 11
43 2 8
23 0 19
8 0 48
7 1 19
40 2 8
28 1 2
13 1 32
24 2 6
15 0 32
39 2 37
26 0 38
21 2 35
25 1 44
7 2 19
7 1 44
12 0 1
33 0 20
48 1 36
32 2 32
7 0 39
27 1 45
26 2 32
11 2 24
45 1 11
9 1 23
8 1 15
21 2 42
32 2 8
23 0 15
46 2 24
45 2 18
29 2 15
16 2 14
44 0 6
49 1 37
6 1 17
35 0 24
26 0 26
7 2 39
29 0 15
26 1 49
2 0 39
41 1 44
7 0 5
41 2 19
34 0 23
10 1 17
30 0 18
30 2 7
46 2 49
41 2 16
15 0 34
1 2 23
18 0 21
43 0 1
26 0 11
3 1 32
4 1 10
4 2 7
43 2 22
36 2 30
10 1 33
40 2 5
15 1 33
1 2 47
34 1 42
30 1 8
25 0 45
13 1 36
24 2 48
15 2 8
45 2 12
25 1 42
9 2 35
31 1 46
42 2 27
26 1 11
27 2 37
40 0 24
23 1 46
31 2 24
6 0 7
45 0 10
37 0 35
27 2 24
25 2 13
19 2 12
30 2 30
28 0 7
16 1 14
41 0 18
47 0 44
19 1 49
37 1 30
14 2 46
38 1 43
16 1 33
9 0 24
32 2 39
14 0 5
20 1 26
31 0 2
22 0 25
39 1 18
48 1 14
25 0 14
27 2 44
31 2 15
17 1 25
30 0 3
41 1 40
38 2 14
33 0 5
37 1 35
30 0 9
20 2 34
23 1 17
1 1 3
43 2 44
40 2 32
5 1 2
32 1 43
13 1 43
27 2 33
46 2 33
23 0 36
22 2 14
46 1 33
36 0 15
24 1 9
27 2 17
9 1 12
5 2 25
9 2 39
26 0 19
21 0 44
29 0 12
47 0 6
16 2 49
2 2 31
22 2 27
26 0 33
32 2 30
31 0 14
23 0 14
25 0 48
10 0 32
14 1 34
39 2 43
13 0 13
33 2 31
8 0 33
34 1 7
10 2 1
3 1 35
19 1 35
26 1 5
29 0 4
21 2 43
1 1 46
39 1 5
3 0 16
25 0 42
9 2 10
9 2 25
12 0 17
2 0 33
8 2 9
45 2 26
33 1 49
6 2 43
8 1 20
27 2 48
3 1 44
32 2 26
11 0 17
30 1 2
46 0 35
46 1 31
29 1 44
2 2 25
24 0 36
19 2 30
37 2 28
9 0 30
16 0 13
27 1 32
32 2 26
39 1 27
16 1 2
7 2 12
45 1 24
19 1 37
4 0 4
14 1 6
38 1 20
2 0 12
30 1 49
37 1 44
21 2 11
3 1 8
35 1 24
36 0 35
38 0 3
22 2 22
9 2 23
37 0 27
18 1 26
39 1 10
16 0 10
21 2 34
2 0 35
43 0 33
21 0 20
34 1 42
18 2 38
10 1 49
27 0 45
1 2 23
25 0 32
5 1 15
12 0 20
3 2 15
7 1 6
12 1 2
32 0 15
17 0 33
18 0 28
46 2 30
38 0 19
45 2 5
26 1 27
14 1 26
26 0 43
6 2 3
11 1 26
38 0 4
2 2 9
20 0 11
24 2 37
27 0 15
4 2 45
10 0 1
16 2 44
36 0 40
9 1 31
36 0 14
5 0 38
15 2 1
29 2 1
42 2 5
44 2 24
25 1 6
22 0 26
16 1 37
27 1 37
20 1 48
3 1 9
26 1 23
10 2 24
21 0 42
19 1 27
18 0 22
19 2 37
3 1 20
18 0 8
43 1 11
38 2 29
14 2 29
23 0 38
17 2 12
44 2 13
24 0 12
42 0 31
8 2 30
9 1 40
35 0 6
5 0 4
35 1 40
11 2 6
27 0 38
41 1 29
40 1 45
23 2 10
25 2 17
43 2 34
10 0 10
17 0 14
15 0 43
25 2 14
16 1 21
47 0 38
37 0 34
36 1 4
20 2 47
3 0 21
31 2 46
49 1 8
38 2 48
10 2 2
25 1 34
46 1 26
38 1 1
24 0 28
49 2 30
34 1 41
18 1 18
49 0 39
46 2 44
17 0 42
41 0 11
39 1 21
32 1 13
3 2 31
33 0 41
19 0 13
16 1 29
24 2 12
34 0 38
33 2 1
44 2 27
7 2 24
6 1 11
41 0 40
3 0 18
45 2 35
21 2 9
47 0 4
42 2 1
49 2 43
44 1 2
3 1 28
6 2 42
32 0 43
12 1 33
28 0 12
32 0 5
28 1 48
15 1 43
36 1 27
20 2 6
8 2 29
5 2 20
27 2 28
41 2 32
15 1 21
35 2 20
39 1 22
23 0 11
14 0 10
3 1 48
11 2 20
13 0 19
15 1 45
10 2 20
11 2 2
24 2 9
39 2 42
1 0 2
5 0 44
8 2 42
16 2 4
5 0 30
17 0 15
40 2 40
12 0 19
1 0 18
26 2 22
3 1 29
20 0 18
15 0 49
15 0 37
20 2 29
4 2 30
39 0 16
5 0 28
12 0 48
36 0 12
10 0 33
4 0 5
49 1 4
7 0 20
6 2 19
41 2 43
39 0 21
47 2 20
37 1 17
40 0 47
23 1 9
16 2 23
41 1 14
32 1 35
27 0 15
30 1 37
13 2 3
41 2 49
11 2 31
12 2 34
9 0 3
45 1 4
45 0 39
38 1 43
20 1 27
7 0 35
44 1 31
46 2 15
20 2 48
30 2 5
27 0 36
8 1 16
38 2 7
43 0 29
30 0 19
32 1 42
33 0 31
24 0 2
12 0 20
2 2 25
42 1 38
27 1 45
25 1 34
24 2 6
16 0 26
28 2 18
46 1 32
21 0 32
2 2 38
14 0 46
10 1 41
18 0 6
26 2 5
27 0 21
47 1 32
47 0 2
36 1 47
19 0 49
3 1 28
7 2 23
15 1 4
9 0 40
1 2 35
46 0 31
11 0 26
3 1 18
4 2 28
2 0 4
42 2 12
21 0 32
34 1 8
33 0 42
24 0 9
13 2 11
34 2 41
28 2 15
20 1 9
15 2 14
34 0 4
49 0 25
31 2 28
8 1 12
2 2 37
27 1 14
23 1 21
12 0 25
44 2 36
44 1 37
19 2 1
22 1 27
38 1 26
6 2 12
12 0 26
49 0 15
24 0 47
36 2 21
49 1 25
1 0 47
46 0 4
37 1 4
1 0 27
9 0 7
27 1 47
31 1 49
3 2 13
9 2 17
35 2 10
46 2 29
40 0 12
15 2 44
32 1 20
13 2 14
21 0 34
48 0 26
12 2 25
15 0 10
30 2 12
5 2 10
5 0 22
36 0 38
15 0 42
35 0 13
7 1 44
20 2 32
32 1 8
16 2 24
47 0 16
34 0 21
32 0 22
16 2 7
22 1 43
43 0 10
39 1 22
24 1 45
40 2 34
44 2 13
40 1 22
18 0 47
14 2 23
36 2 35
26 0 41
35 2 26
31 1 17
17 1 48
12 2 32
10 2 2
39 2 47
23 2 38
6 1 32
41 0 6
32 2 22
14 0 11
3 0 44
40 2 33
24 0 3
1 2 3
43 2 29
44 0 30
47 2 45
7 2 29
21 1 23
29 2 38
41 0 38
12 1 4
30 0 48
15 0 2
3 2 8
19 0 34
48 2 29
13 2 44
42 1 38
45 0 8
17 1 43
36 2 22
18 2 25
38 0 2
11 2 44
4 2 38
44 0 48
22 0 11
44 0 29
28 2 39
47 0 47
25 2 3
35 0 22
30 1 3
27 2 36
4 1 48
4 2 4
23 0 11
27 2 43
4 2 32
48 2 6
32 0 14
24 1 26
25 0 27
44 2 47
19 2 11
35 1 16
43 1 18
40 2 12
34 2 34
2 1 29
13 0 21
26 1 42
48 2 28
18 0 10
1 0 8
23 2 18
15 2 2
9 1 38
43 1 23
21 0 16
14 2 33
20 0 6
4 0 24
18 0 41
13 0 27
17 1 6
25 1 26
21 2 20
46 0 44
12 1 15
34 1 13
4 2 32
6 1 19
27 1 22
20 2 16
43 1 39
8 1 9
3 0 38
32 2 14
4 0 48
15 0 25
33 2 18
42 1 39
7 0 8
46 1 28
39 2 2
23 1 39
22 2 31
41 1 35
38 0 37
14 1 21
20 1 45
3 2 7
6 0 11
42 0 5
5 0 17
42 0 28
38 0 8
3 2 45
43 0 36
17 0 16
40 1 10
18 1 45
20 1 15
3 1 41
41 0 19
22 0 7
2 1 39
20 2 11
32 2 14
45 2 1
21 2 3
10 2 39
13 2 31
14 2 8
2 1 12
32 2 22
40 0 20
34 1 44
3 2 4
43 1 47
10 1 45
34 2 12
42 0 40
42 2 25
45 2 48
43 0 6
41 1 33
48 1 15
27 0 33
35 2 14
32 2 26
29 1 7
18 1 23
17 2 1
14 1 13
3 0 36
9 0 7
9 2 46
7 1 39
12 1 32
20 1 10
14 2 29
40 1 19
23 0 2
20 2 29
24 1 5
40 2 17
29 1 22
12 0 46
35 2 8
28 0 35
30 0 37
39 2 24
11 2 19
39 1 2
35 1 14
17 2 49
16 1 21
9 0 26
13 1 14
37 2 6
4 0 3
25 0 19
33 1 21
18 1 6
43 1 37
23 1 10
43 2 46
28 1 18
25 2 49
23 0 34
33 2 21
8 1 42
38 2 49
48 1 45
34 0 15
48 2 42
11 1 36
43 1 5
40 0 36
10 2 15
47 2 23
7 0 27
48 1 8
2 1 11
24 2 33
25 1 46
43 1 31
20 1 24
41 1 30
7 2 41
26 2 6
47 0 29
26 2 17
11 1 47
10 0 32
6 1 30
41 1 14
1 0 34
18 2 33
49 0 47
17 2 34
41 0 14
5 2 45
46 0 32
6 2 1
34 1 14
12 1 20
24 0 8
36 0 17
5 1 22
13 0 33
33 0 36
3 0 13
31 2 41
44 0 24
6 2 7
49 0 29
4 2 35
42 2 44
37 0 43
25 2 31
17 1 21
5 1 33
47 0 43
26 1 42
15 0 11
46 0 39
26 1 37
5 1 26
1 0 29
28 1 6
31 0 18
9 2 39
4 2 47
24 2 10
11 0 48
25 1 20
22 1 17
20 0 15
26 1 19
8 0 14
21 2 9
24 1 48
34 2 44
38 2 21
36 2 35
39 2 20
35 2 42
24 2 45
30 1 5
41 0 31
43 2 8
15 2 27
16 1 31
27 1 44
37 1 6
39 0 5
42 2 37
24 2 22
14 2 39
7 1 32
19 1 44
13 1 31
6 2 12
3 0 10
38 2 4
10 2 15
1 1 38
13 1 44
40 2 19
38 1 9
48 0 20
43 1 5
16 0 20
32 0 43
31 0 4
6 1 44
42 1 16
4 1 5
8 1 32
13 0 18
46 2 36
7 2 2
42 0 16
32 0 14
14 2 48
47 1 12
15 1 20
42 0 30
23 0 11
4 0 7
23 0 30
9 2 26
8 2 31
22 2 2
4 2 42
16 2 32
40 0 1
24 1 5
45 2 11
18 1 36
6 1 45
19 2 29
19 1 3
4 0 44
13 1 17
39 1 25
24 1 1
48 2 38
35 1 1
7 1 15
5 0 21
34 0 49
12 2 40
20 0 49
2 1 45
34 2 20
4 2 36
29 0 15
25 1 43
7 1 42
36 0 31
27 0 16
46 0 13
15 2 41
17 0 24
11 1 24
3 2 32
43 0 23
18 1 16
20 0 36
7 0 4
39 0 20
36 2 9
16 2 16
39 2 37
27 1 19
49 0 27
40 2 33
15 1 40
21 2 24
25 1 31
7 1 41
3 0 49
25 0 47
31 2 43
7 0 18
11 2 9
8 2 26
20 2 42
27 1 21
1 0 36
12 2 3
2 2 27
31 2 34
10 0 6
16 1 8
38 2 19
13 0 10
5 1 34
32 2 10
29 1 10
8 1 49
35 2 14
9 0 18
49 0 42
42 1 26
33 0 47
4 1 47
27 2 5
25 2 18
25 2 34
48 0 31
40 1 8
34 0 29
26 1 29
43 2 3
17 1 38
12 2 30
22 2 25
16 1 25
46 0 36
41 1 49
8 2 19
31 1 48
27 0 20
42 1 26
28 2 2
47 0 7
48 2 23
8 2 22
45 2 12
46 2 20
46 2 47
31 2 40
12 1 33
15 1 42
41 1 4
13 1 32
48 0 30
2 2 3
10 2 13
11 2 48
39 0 41
30 2 29
29 1 5
35 2 22
37 2 5
7 0 23
27 2 11
37 1 9
43 0 46
38 2 44
21 1 38
25 2 25
1 0 3
42 0 38
12 0 23
11 1 7
33 2 25
32 2 31
19 0 15
18 2 38
48 0 41
38 1 39
19 1 11
21 1 44
45 2 47
45 0 27
19 1 24
17 0 44
30 0 33
17 1 15
15 0 27
12 0 31
25 0 13
44 2 22
21 1 31
37 2 31
19 2 48
17 0 34
1 1 26
26 0 45
26 0 43
18 1 27
4 2 39
3 0 46
41 0 12
48 0 11
25 1 3
14 2 8
12 1 6
9 1 13
26 0 34
31 0 28
34 1 6
15 1 36
45 2 21
35 1 1
41 2 28
21 1 45
32 0 7
43 0 5
34 2 44
24 0 6
33 1 6
32 2 18
38 0 34
46 1 29
30 1 8
1 2 45
41 0 46
44 1 42
49 0 26
15 1 45
34 0 9
30 2 2
23 0 18
2 2 44
40 1 34
18 2 48
7 2 44
46 1 36
6 2 22
6 0 42
44 1 31
21 1 24
21 0 21
8 2 43
15 2 19
16 0 34
14 2 48
9 1 19
13 1 39
18 0 15
27 2 16
47 2 17
10 0 45
36 2 18
5 1 23
21 0 42
3 0 15
27 0 9
9 0 23
49 2 36
37 2 21
11 1 41
27 0 40
21 0 33
40 0 23
34 1 24
9 2 22
10 2 25
30 1 34
1 1 45
23 0 18
44 2 26
5 0 30
25 2 40
38 1 44
30 2 4
42 0 47
6 0 43
27 1 31
10 1 8
27 2 11
14 2 48
49 0 23
20 0 21
26 1 26
16 1 1
16 0 28
3 1 3
27 0 7
35 0 37
13 2 6
8 2 35
17 0 16
48 2 41
42 2 18
9 0 49
25 1 18
38 2 19
15 0 40
37 0 24
45 0 4
8 0 9
25 1 45
7 2 42
6 2 39
41 0 39
1 2 33
46 2 37
31 1 6
11 0 33
31 2 42
21 2 44
10 1 43
34 0 14
1 2 8
32 0 43
27 0 17
8 2 44
40 0 20
20 0 3
39 2 48
41 1 41
16 1 9
22 2 13
18 0 16
33 1 26
11 1 9
44 0 39
27 2 24
1 0 16
15 2 5
26 1 30
9 1 23
21 2 20
16 0 44
7 1 32
18 2 5
17 2 3
20 2 47
10 1 22
47 2 22
21 1 18
45 0 43
25 1 1
27 2 44
14 2 24
27 0 37
46 1 33
11 1 4
2 2 24
6 0 2
24 2 8
46 0 1
38 2 35
31 1 48
47 2 14
7 1 32
26 1 32
39 1 19
42 0 7
31 0 34
46 0 43
48 2 23
6 1 25
46 0 45
21 0 35
42 1 43
31 1 12
46 0 43
37 0 23
45 0 21
27 2 6
34 1 2
7 1 34
31 1 41
37 1 46
44 1 8
27 2 46
40 2 43
49 2 17
25 2 28
11 2 36
2 1 5
26 1 22
47 1 37
40 2 31
43 0 28
43 0 11
39 1 42
19 2 8
5 0 27
43 1 2
17 2 5
47 2 5
7 0 11
47 1 8
39 2 14
35 2 17
28 1 30
17 0 9
12 1 8
13 0 11
47 2 5
33 2 1
24 1 18
6 0 16
29 2 22
20 2 28
28 0 2
23 0 24
45 2 44
20 2 39
19 2 34
13 2 48
24 1 35
43 1 9
38 2 17
41 1 24
9 1 4
8 2 20
25 1 16
22 0 20
49 0 20
18 1 13
44 0 39
30 0 22
25 0 17
24 0 44
18 0 11
45 1 1
15 0 14
2 1 39
20 1 49
3 0 30
47 1 46
18 0 26
1 1 13
37 1 4
33 1 45
32 1 1
33 1 3
49 0 28
35 0 36
12 1 39
18 0 22
30 0 38
24 1 18
29 1 22
7 0 45
4 0 20
47 0 20
29 1 40
20 0 15
49 2 9
43 2 16
3 2 5
19 1 26
4 2 3
14 2 33
10 1 9
39 1 1
49 2 28
49 0 9
38 2 43
45 1 31
28 0 21
22 0 11
6 0 47
21 1 31
37 2 21
17 2 40
39 2 47
29 2 22
30 0 31
36 1 40
20 0 12
11 0 7
39 1 39
6 1 9
22 2 2
2 0 4
6 0 43
37 1 36
38 1 2
36 0 5
36 0 49
1 0 15
18 1 27
17 2 41
3 2 47
44 2 12
9 1 5
1 2 16
7 1 17
9 1 27
26 1 20
44 2 49
10 0 2
1 2 2
42 0 34
22 2 21
38 2 7
9 0 5
46 1 25
24 2 47
37 0 49
39 1 6
20 2 32
26 0 10
13 1 11
28 1 23
18 1 36
16 0 30
1 1 19
30 2 22
4 2 1
34 1 30
10 0 12
40 0 25
10 0 16
9 2 42
1 2 48
9 0 34
27 0 4
35 0 16
13 0 28
32 1 23
7 1 36
47 0 49
7 0 18
10 2 7
22 2 23
26 1 36
26 1 39
4 1 18
48 2 2
15 2 38
42 0 37
17 0 31
12 0 43
29 0 18
3 2 18
17 0 44
20 2 15
12 0 14
1 0 3
38 0 27
22 2 15
24 0 2
28 2 12
45 1 26
17 0 47
37 2 1
43 1 48
13 1 29
49 2 21
30 0 39
25 1 7
42 1 9
35 2 41
37 1 1
27 2 43
11 2 34
43 2 9
36 1 46
44 1 34
12 0 8
4 2 44
34 2 37
18 0 27
3 0 4
37 0 22
2 0 11
5 2 49
27 1 25
30 2 25
33 1 4
10 0 48
48 1 11
17 0 29
46 0 38
7 1 2
18 2 39
2 1 21
47 2 47
16 0 20
20 2 45
23 0 41
9 0 31
4 1 20
40 1 31
37 2 36
6 2 7
38 2 42
13 0 25
33 2 27
26 1 27
28 0 29
26 2 7
15 2 9
46 0 39
35 1 40
30 1 25
40 2 22
48 0 34
20 1 2
30 0 5
23 1 30
32 1 46
2 2 29
32 0 26
20 1 45
38 0 19
2 0 3
13 2 34
46 2 47
23 1 13
15 0 10
31 1 36
25 1 30
47 1 25
3 1 8
7 0 30
18 1 47
16 1 43
26 1 44
36 0 14
32 0 21
13 2 20
19 0 19
42 2 4
22 0 2
11 1 33
28 0 3
18 0 24
29 0 31
29 0 37
30 0 29
27 2 12
4 2 5
45 1 24
15 2 44
6 1 22
8 2 46
43 2 35
40 0 9
40 1 23
43 0 38
48 0 47
46 0 20
44 2 41
11 1 7
11 2 1
33 1 16
38 0 27
48 0 24
49 0 36
19 2 7
48 1 19
23 0 26
11 1 43
39 1 9
20 0 34
18 1 13
44 0 32
17 2 31
18 1 29
42 0 28
49 1 2
37 0 11
11 2 24
26 0 25
13 0 29
49 1 33
38 0 41
3 2 48
25 1 37
27 0 24
40 1 26
44 2 40
11 0 27
45 1 42
19 1 40
23 2 47
13 2 1
24 1 41
35 1 16
16 1 28
46 2 47
24 0 25
5 1 25
40 0 48
37 1 48
6 1 23
27 1 42
48 0 35
33 0 49
21 2 41
34 0 20
20 1 24
10 1 8
46 0 31
40 1 1
41 2 14
45 2 29
44 0 25
21 2 11
15 1 18
4 2 48
39 0 9
19 1 33
8 0 26
21 0 24
18 0 11
12 0 39
49 2 36
22 2 11
8 2 34
16 0 8
8 2 7
15 2 47
11 1 39
31 0 20
7 1 35
49 2 2
15 0 48
21 2 4
39 2 47
34 2 20
35 1 30
1 2 16
40 1 11
6 2 9
34 2 12
30 1 19
7 0 45
16 2 36
48 2 5
2 1 47
32 2 22
23 2 18
45 2 10
35 2 5
27 0 19
6 2 12
35 1 20
28 1 44
26 2 47
42 0 9
14 0 8
41 1 23
41 1 12
48 2 5
20 1 25
39 0 38
38 0 27
5 0 12
43 2 28
15 0 1
39 2 14
37 2 13
42 1 21
19 2 24
1 0 48
14 0 33
40 0 30
24 0 15
3 1 7
48 2 13
46 1 41
20 1 22
23 1 38
28 1 11
18 2 7
4 1 10
45 0 28
43 2 44
15 1 46
8 0 15
30 1 14
19 1 15
13 1 20
48 1 26
34 2 28
20 2 12
22 2 26
27 1 19
17 0 35
11 2 40
38 2 41
37 1 21
31 0 13
24 0 22
24 0 42
19 0 2
23 2 38
46 2 16
19 2 13
18 0 45
32 2 20
4 2 44
2 1 26
33 1 15
18 0 45
27 2 1
13 0 13
43 1 46
23 0 12
9 0 4
26 1 18
14 0 33
43 1 21
46 0 2
6 0 16
21 2 40
48 0 39
23 2 23
19 2 37
16 1 1
9 2 35
39 1 31
27 0 12
23 0 27
17 0 48
37 0 25
11 1 21
21 0 22
44 1 5
7 2 8
8 1 20
41 1 36
18 0 20
9 0 2
35 0 11
36 2 23
49 0 22
18 1 1
42 2 15
17 1 34
30 1 17
11 2 6
14 0 27
47 0 49
49 2 2
20 1 48
40 1 43
4 1 44
7 2 8
36 0 24
29 0 21
25 2 48
41 1 13
2 2 17
28 1 22
46 1 35
24 2 34
2 1 14
10 2 15
43 0 34
45 1 48
34 0 26
32 0 31
46 1 22
42 2 30
39 2 39
22 1 38
11 2 30
31 1 44
25 1 1
47 0 29
49 1 27
23 1 26
37 1 48
32 1 44
40 2 47
33 2 28
14 1 36
3 2 4
38 2 13
1 2 18
17 2 40
6 2 27
10 1 5
14 0 8
9 0 36
20 1 5
12 2 34
36 1 9
46 2 11
23 0 33
35 2 25
31 2 15
46 0 17
34 1 13
34 1 3
34 2 46
39 0 14
44 2 20
10 0 23
40 0 3
23 1 36
26 2 11
49 1 47
40 1 47
37 2 34
12 0 45
28 1 5
47 0 8
26 1 16
38 2 27
42 2 27
45 0 27
8 0 31
14 0 47
19 1 24
4 1 14
25 0 44
32 1 45
28 1 41
47 1 13
24 0 29
21 1 27
1 1 31
48 0 45
24 0 22
10 0 1
31 2 16
19 1 4
23 2 38
27 0 15
34 0 25
7 0 46
13 2 32
7 0 47
15 1 24
5 1 38
15 2 45
31 0 40
28 1 8
7 2 12
32 0 27
23 2 18
26 2 27
3 0 21
19 1 30
34 1 26
32 2 26
19 1 9
38 1 36
42 0 20
46 1 35
22 0 20
17 1 1
20 2 23
46 0 7
32 2 33
11 2 19
2 2 39
43 2 18
18 1 47
23 2 14
40 2 1
45 2 14
24 2 43
22 0 45
12 1 47
10 0 7
34 0 31
45 2 3
34 2 11
6 0 24
20 0 45
44 0 3
26 0 13
18 2 11
4 1 7
20 1 3
30 1 34
33 0 4
42 0 37
3 2 3
5 2 46
47 1 26
33 1 32
17 1 8
48 1 25
48 2 28
25 1 6
27 1 32
30 2 11
7 1 21
12 0 36
43 1 26
31 2 19
32 1 27
17 0 16
41 2 46
30 0 16
30 1 27
47 1 31
23 1 49
37 1 13
1 2 17
8 0 31
28 0 31
21 1 22
49 2 6
4 2 44
12 0 18
5 0 48
20 1 29
48 0 11
10 1 10
7 2 39
15 0 29
28 0 37
47 0 40
24 2 18
36 0 26
5 0 17
7 1 25
23 2 26
49 2 19
41 0 4
32 1 9
32 2 26
12 2 42
12 0 4
39 0 12
48 0 4
37 0 25
29 0 45
49 1 2
16 1 30
13 2 7
8 0 22
12 1 1
26 2 12
19 0 12
27 2 27
28 1 13
45 2 43
11 1 2
39 2 2
38 1 43
29 0 3
25 0 9
33 0 22
38 2 5
48 2 37
40 2 18
4 1 44
23 0 27
15 2 10
27 0 30
17 0 7
22 0 6
14 2 10
16 1 4
47 2 29
44 1 46
40 2 35
22 1 35
14 0 43
36 1 11
27 0 2
4 2 11
23 2 28
1 2 47
4 1 48
17 1 47
34 1 26
47 1 25
19 1 37
38 2 4
45 2 19
33 2 41
34 0 4
21 1 8
2 1 35
4 0 25
14 0 34
15 1 22
32 2 7
49 2 26
18 1 29
39 2 25
9 1 15
38 1 47
35 0 29
49 0 38
30 0 9
16 0 25
17 1 5
5 2 38
32 0 4
10 0 41
46 0 40
5 0 11
8 1 13
36 1 8
7 2 5
49 0 3
18 1 34
42 2 3
1 0 39
4 2 38
48 1 33
16 0 47
25 2 49
48 2 15
41 1 14
26 1 25
47 2 25
48 0 10
2 1 26
36 0 36
41 0 38
38 2 22
46 2 10
38 0 13
1 1 15
2 0 5
33 0 48
22 0 8
39 0 39
9 2 30
11 1 7
9 0 25
3 0 2
25 2 14
8 0 49
15 2 24
21 2 12
29 1 47
31 0 46
20 1 5
15 0 34
9 1 42
9 2 41
6 1 22
12 2 16
35 2 39
11 0 20
46 2 38
13 1 40
2 2 38
31 1 35
11 0 25
47 1 47
45 1 34
43 2 34
15 2 2
20 0 9
12 2 11
28 2 29
25 2 5
16 2 28
26 2 44
36 1 8
39 2 34
46 1 44
41 1 20
46 0 26
6 2 29
3 0 25
21 1 25
47 1 20
7 2 48
2 2 22
16 1 16
27 1 37
25 1 41
25 2 41
24 0 12
11 0 38
37 1 36
38 1 16
35 0 8
48 0 43
11 2 42
32 1 29
32 1 43
10 1 46
2 0 38
35 2 44
15 0 38
32 2 18
8 0 34
48 1 43
2 0 33
2 1 24
4 0 15
18 2 17
21 1 26
13 0 1
18 2 47
9 2 32
33 2 7
49 1 21
9 2 39
9 1 20
22 0 28
6 0 19
36 1 11
36 0 19
14 2 18
29 2 43
29 2 24
11 0 12
44 0 15
13 2 31
40 0 14
45 1 26
42 2 40
12 1 1
31 1 9
28 1 21
7 2 25
34 2 30
45 1 15
4 1 14
35 2 17
36 0 45
48 0 31
5 0 18
39 1 7
10 1 25
14 2 35
7 2 5
14 0 26
43 1 31
17 0 30
14 0 33
48 1 32
2 2 28
38 1 17
47 1 15
30 1 39
36 0 42
47 1 28
10 1 7
35 2 12
24 0 33
43 0 47
42 1 37
20 0 34
41 1 26
28 0 7
41 2 38
21 0 6
30 2 34
14 1 1
44 2 18
7 2 25
16 0 15
26 0 12
46 0 41
7 2 37
18 2 42
4 0 2
18 2 36
29 2 8
15 0 18
6 0 8
1 1 9
38 0 45
23 2 25
43 2 49
43 2 41
18 2 39
49 2 34
49 2 29
7 0 29
24 0 47
8 0 28
25 2 4
48 1 38
38 2 42
10 2 18
26 0 49
44 0 14
48 0 6
7 2 20
2 0 2
15 2 4
12 1 31
49 0 33
49 0 33
6 2 16
8 1 7
35 2 17
11 2 45
31 2 4
37 2 48
26 2 47
5 1 33
31 2 44
45 2 12
43 0 36
7 0 3
39 2 46
47 2 40
20 1 26
15 1 22
6 2 26
38 1 37
30 1 38
4 1 48
30 1 47
26 0 40
38 0 27
26 0 31
3 0 29
31 0 37
13 2 41
12 1 11
49 1 29
49 1 41
42 0 18
1 1 30
21 1 2
37 0 30
12 2 3
28 2 48
42 2 20
39 1 14
31 2 25
16 1 41
16 2 20
34 1 15
40 1 48
17 0 22
5 0 47
12 2 7
44 1 30
38 1 33
16 1 19
4 0 35
49 1 16
14 1 2
36 2 30
43 1 10
19 0 10
4 1 27
33 2 8
32 1 29
26 2 49
47 0 30
30 2 10
25 0 33
10 2 44
17 2 24
39 2 35
38 1 12
23 1 14
42 0 31
5 2 15
49 1 14
47 1 41
7 1 2
30 0 49
42 2 2
30 1 13
4 2 39
29 2 35
4 0 14
42 1 2
26 1 6
2 2 34
4 1 46
25 2 21
27 2 48
23 1 11
14 1 27
26 2 44
49 0 24
28 2 21
26 1 46
15 0 48
2 1 37
29 1 46
22 0 1
49 1 28
8 2 36
49 0 32
14 0 33
49 0 18
33 1 33
11 2 21
2 0 43
48 0 49
33 0 44
19 0 42
32 2 19
7 1 37
23 0 9
46 0 20
9 2 5
6 0 37
29 2 11
36 0 13
36 1 49
31 0 4
29 2 30
37 0 49
17 2 27
46 1 9
40 1 33
41 2 38
21 1 31
25 2 39
43 0 9
12 0 36
4 0 48
20 1 45
14 0 33
39 1 45
41 0 36
23 2 1
20 1 46
2 2 24
34 0 3
5 0 41
39 1 22
7 1 45
11 1 40
18 1 1
44 1 4
5 2 22
42 1 18
33 2 20
40 1 1
6 0 47
20 1 16
45 0 48
18 1 7
7 2 14
35 0 3
36 2 42
8 1 13
26 0 24
3 1 3
31 1 1
29 1 2
41 2 48
12 2 49
24 0 22
21 2 6
16 0 46
20 1 30
42 2 5
19 1 32
18 0 23
25 2 24
22 1 18
21 0 23
27 2 34
10 0 42
39 2 8
38 0 17
13 2 34
48 0 24
34 2 44
2 1 15
21 2 36
47 0 17
1 2 7
21 2 11
6 2 5
7 2 2
12 2 24
6 1 45
48 1 37
11 1 4
9 1 6
31 1 25
5 1 10
18 1 47
2 0 34
36 1 19
18 1 8
46 1 10
8 0 14
1 0 41
38 0 23
35 1 48
1 2 32
39 1 23
49 1 48
47 1 13
48 0 25
25 2 40
43 1 43
26 0 39
24 2 41
33 0 43
6 2 38
45 2 35
14 2 46
39 0 12
23 1 45
25 0 44
33 0 17
30 1 22
33 2 2
39 0 30
37 1 31
46 1 11
13 1 43
49 0 31
35 1 8
22 1 45
30 1 17
42 0 37
47 2 22
12 1 41
41 1 16
12 2 12
27 1 22
1 2 32
47 0 45
27 0 29
2 1 20
41 2 26
29 0 9
30 0 24
44 1 43
41 2 21
6 2 7
41 1 43
12 2 20
38 1 41
5 2 7
46 2 19
23 2 24
48 2 8
23 0 42
16 2 18
12 0 40
35 0 39
43 2 45
47 2 10
22 1 18
26 1 22
36 1 27
49 0 9
42 0 37
23 1 6
40 2 36
37 2 44
18 0 17
22 0 19
4 0 33
36 1 33
30 1 30
24 1 37
6 2 39
16 1 34
17 0 6
23 0 43
32 0 9
34 1 43
6 2 33
34 2 11
17 2 41
36 1 48
11 0 33
48 0 28
43 2 49
14 0 13
16 2 47
34 1 35
41 0 21
35 1 21
35 2 36
48 2 43
22 1 19
37 0 49
1 0 25
34 1 23
38 1 6
20 2 45
41 1 3
49 0 16
13 0 22
23 1 3
33 1 49
33 0 21
4 2 34
44 2 21
36 2 22
13 0 44
19 1 14
44 0 8
37 0 10
7 0 26
17 2 12
36 1 12
35 1 9
1 2 45
45 1 20
31 2 28
11 1 11
33 1 2
22 2 45
25 0 27
37 0 16
14 0 39
8 1 15
6 0 25
47 2 20
7 1 25
35 0 5
35 2 13
9 0 44
38 2 27
32 1 40
13 1 9
37 1 29
36 2 13
21 0 32
45 2 5
42 2 34
24 0 15
25 0 20
42 0 39
39 1 20
12 0 33
42 1 16
5 0 6
19 2 49
43 1 30
6 0 36
39 0 49
15 0 9
32 0 46
5 1 27
48 2 21
39 0 28
41 1 3
4 1 12
19 2 47
46 1 24
28 1 22
48 2 20
38 1 33
5 0 17
25 2 41
8 1 15
22 0 6
10 2 34
33 0 41
49 1 41
15 0 23
38 0 36
29 1 46
45 0 39
23 1 27
33 1 35
21 2 5
28 1 9
19 0 2
32 0 7
25 1 40
13 1 9
20 1 43
31 0 37
12 0 21
4 0 1
3 1 28
29 0 11
42 1 37
29 0 25
12 1 46
3 0 33
26 1 4
37 2 15
26 2 31
21 0 43
41 2 8
44 1 43
9 1 5
43 0 28
41 2 4
25 0 39
2 1 28
30 2 31
19 2 16
26 0 12
48 1 39
42 1 37
30 2 35
23 1 29
45 2 49
16 1 30
11 1 32
2 0 42
16 1 23
19 2 33
49 0 3
36 0 4
27 1 6
12 2 47
14 0 2
42 1 33
43 1 38
10 2 47
28 0 2
5 1 42
37 2 49
45 2 12
40 1 38
36 2 32
38 1 1
36 1 14
14 1 49
37 0 30
20 2 11
38 0 12
42 2 21
38 2 45
13 1 18
21 1 48
22 0 19
33 2 15
20 0 45
7 0 19
15 1 20
25 2 40
28 0 6
25 0 7
49 0 48
4 2 11
27 2 33
19 2 37
44 2 35
13 1 20
34 0 16
3 1 27
38 1 28
23 0 45
40 1 36
41 1 35
43 1 30
15 2 9
37 1 42
24 1 3
47 2 19
33 1 34
20 2 21
48 0 42
8 0 33
26 1 33
36 1 7
47 1 34
23 1 9
34 2 10
43 2 7
2 0 22
30 0 19
31 0 47
22 0 8
1 0 8
22 1 24
1 0 6
14 0 18
9 0 1
8 2 44
25 0 43
26 2 12
21 0 20
25 0 21
45 0 36
20 0 2
2 0 23
18 1 25
47 0 12
6 0 29
23 0 35
46 0 34
16 0 9
34 0 4
26 0 17
15 0 37
10 2 26
8 2 49
5 2 8
6 1 7
45 1 31
46 2 6
43 1 49
9 2 2
8 0 49
20 1 12
1 2 5
34 1 44
49 1 31
15 2 6
8 2 36
22 2 14
33 0 17
22 1 9
3 2 35
19 2 14
5 0 46
27 2 21
6 2 36
36 1 42
27 2 34
41 0 23
37 0 34
45 2 7
32 1 7
9 0 26
26 2 47
35 2 39
31 2 13
46 2 30
30 0 6
10 2 11
14 2 29
3 2 37
22 1 1
46 0 30
38 0 23
32 2 24
32 0 36
34 2 18
7 2 14
47 2 44
42 0 3
24 0 45
8 0 31
22 1 17
4 1 19
41 1 42
5 2 21
18 2 28
4 0 48
19 1 46
46 1 11
40 0 39
26 1 2
29 2 30
20 0 28
12 0 8
27 0 13
48 0 17
11 0 8
20 1 21
46 2 16
48 0 47
21 1 14
12 2 38
47 0 35
24 0 12
48 1 20
4 1 41
2 1 32
43 2 44
44 0 49
48 2 4
32 2 20
10 1 6
27 0 16
14 1 7
33 0 43
1 0 22
26 1 47
28 0 5
42 1 45
31 0 25
21 2 1
46 2 30
24 1 46
32 1 37
37 1 42
31 2 29
31 2 16
3 1 35
41 0 32
23 1 22
47 2 13
38 2 34
38 1 28
19 1 17
26 0 1
27 0 28
22 2 34
14 1 34
48 2 5
36 0 7
20 1 34
7 2 37
7 1 11
30 1 22
13 0 41
32 0 28
3 2 18
19 0 47
34 2 24
9 2 24
38 0 22
17 2 4
18 0 31
14 0 37
44 1 21
42 2 4
36 0 31
36 1 41
46 0 19
5 2 31
29 1 9
5 0 43
25 1 31
9 0 17
21 2 12
22 1 15
27 2 32
37 1 45
44 1 24
16 0 4
24 0 46
1 0 23
28 0 33
43 0 5
31 1 43
34 2 3
18 0 33
46 0 21
37 2 49
45 1 7
47 2 21
17 0 19
7 2 14
32 2 28
39 2 18
8 1 16
28 0 47
34 1 11
23 2 46
46 0 15
27 1 26
29 0 15
39 1 12
19 0 48
39 1 23
3 1 11
18 2 40
34 1 43
23 0 12
31 2 40
14 2 38
13 0 34
21 2 31
24 0 9
24 2 9
42 1 47
15 2 38
13 2 10
22 0 28
14 2 45
41 1 46
41 1 27
42 2 29
26 1 40
35 2 42
37 2 7
16 2 4
4 0 47
20 1 14
48 0 4
48 2 34
1 0 48
42 2 11
36 0 34
28 0 18
23 0 40
26 2 8
14 2 33
29 2 45
39 1 19
48 2 13
18 0 27
38 2 30
29 0 14
33 0 49
34 0 18
17 0 19
33 0 16
4 0 41
41 2 13
6 1 18
49 2 32
10 1 27
34 0 28
36 1 35
13 2 11
29 1 41
2 1 31
24 0 26
38 0 15
16 1 25
49 0 46
17 2 26
4 0 30
13 1 25
41 0 44
37 1 8
42 1 46
25 2 49
13 2 45
5 2 32
46 0 43
24 0 18
25 1 41
1 2 28
24 2 10
35 0 26
36 2 34
45 2 45
35 0 41
23 1 44
28 2 43
9 2 35
43 2 44
39 2 27
25 2 11
30 2 49
45 0 21
6 1 31
13 0 44
3 1 8
33 1 37
27 1 10
42 0 19
6 1 16
3 0 12
22 1 43
41 2 13
7 2 3
7 1 8
40 2 16
46 1 8
9 0 2
8 0 36
37 0 9
38 0 40
35 0 3
44 0 46
40 0 26
45 1 36
10 2 49
34 1 14
37 1 5
23 1 40
48 2 37
19 2 3
6 1 36
20 0 16
28 2 38
38 1 46
42 2 44
31 1 46
42 1 13
44 0 14
6 0 23
6 1 43
6 1 1
11 1 21
36 1 28
8 1 30
42 2 38
33 1 31
30 2 21
25 0 19
10 0 38
7 0 26
49 2 31
4 0 44
39 1 12
8 2 5
1 1 45
17 0 3
33 1 44
9 0 18
17 1 5
24 1 20
28 0 39
1 2 24
9 1 38
32 0 14
18 1 5
2 2 5
20 1 13
44 1 38
7 2 23
29 1 43
45 2 15
35 2 34
29 2 4
46 1 24
8 0 5
14 2 9
19 0 3
39 0 11
5 2 46
23 1 11
13 0 36
17 1 10
44 1 43
33 1 21
42 1 45
19 0 28
35 0 1
35 1 31
1 2 49
29 0 20
19 0 9
24 0 19
1 1 41
46 2 40
6 1 49
44 2 18
41 0 34
35 1 11
35 1 6
18 0 28
34 2 32
2 2 49
15 0 28
49 2 22
6 0 5
31 1 48
45 2 20
6 2 11
30 2 25
14 1 15
26 0 2
38 0 48
36 0 36
15 1 43
38 1 13
34 1 12
16 0 5
18 2 35
28 1 25
19 1 36
49 0 18
32 1 32
18 1 1
8 2 23
5 1 25
26 0 10
5 1 4
25 0 7
9 2 22
22 2 49
38 2 31
42 0 15
39 0 2
14 1 32
24 1 1
21 0 17
32 0 30
6 2 17
5 0 37
11 0 33
25 1 36
17 0 5
47 2 19
48 1 39
20 2 12
45 2 2
44 2 10
13 0 4
17 0 9
42 1 8
40 2 20
17 1 11
38 0 49
33 1 35
1 2 32
9 1 15
44 2 10
42 0 30
3 0 2
10 1 38
36 0 10
40 1 47
42 1 43
31 0 3
9 2 43
15 0 21
37 1 23
8 1 45
39 0 17
24 0 33
39 0 41
41 2 20
45 0 8
10 2 1
13 1 9
8 1 42
44 2 36
23 1 29
9 2 26
26 0 34
25 0 27
28 2 30
26 2 7
25 0 40
42 0 4
4 2 32
36 1 35
15 1 38
19 0 7
49 0 36
15 2 2
41 1 27
34 2 22
24 2 30
4 0 13
7 1 46
5 0 2
15 1 42
30 1 8
35 2 13
35 0 8
46 2 21
24 0 30
38 1 39
16 1 29
37 1 17
18 1 25
4 0 13
34 0 36
34 1 29
40 0 19
46 0 26
48 2 47
34 2 1
24 1 24
42 2 26
5 2 36
43 2 30
17 2 36
49 1 11
7 0 28
36 2 29
18 2 42
46 2 1
43 2 7
10 0 27
40 0 5
20 0 36
15 0 16
21 1 1
49 0 20
16 1 7
35 2 21
25 1 48
4 2 49
40 0 21
26 0 48
6 2 38
23 2 16
31 1 41
10 2 15
3 2 23
38 1 31
9 2 10
17 0 45
18 0 5
17 2 15
34 2 38
38 0 36
6 0 35
5 1 28
28 2 47
44 1 4
36 1 20
20 0 43
34 2 31
22 1 31
37 1 4
40 0 13
20 2 22
39 0 10
41 1 38
27 1 45
49 2 1
24 1 31
41 2 19
32 0 24
19 0 16
1 2 25
18 1 17
7 0 35
44 0 42
32 0 7
14 2 6
5 0 15
9 0 6
23 1 25
46 0 41
5 2 18
13 2 24
24 1 3
49 2 31
22 2 12
47 2 11
22 2 28
24 0 23
4 2 6
31 2 8
48 1 48
16 1 29
38 1 43
49 0 15
37 1 8
29 0 2
36 2 1
25 1 18
17 1 23
6 2 27
13 1 1
24 1 23
16 1 26
28 2 17
22 1 6
15 1 29
20 2 20
33 2 11
21 0 27
14 1 41
22 0 31
48 0 26
35 0 16
31 0 36
10 2 30
37 0 27
47 1 17
6 0 1
24 1 45
18 2 6
7 2 20
13 1 34
6 0 32
7 1 22
29 2 22
47 0 49
45 0 35
35 2 10
5 1 6
47 2 5
46 2 15
8 0 4
28 0 23
17 2 15
21 2 37
35 2 6
37 1 3
24 2 34
33 0 19
8 2 10
41 1 21
33 1 32
18 2 47
36 1 34
39 2 19
6 0 30
14 2 46
24 1 47
36 0 9
26 0 25
28 1 43
11 1 32
30 0 27
32 1 9
7 2 28
27 0 16
27 1 42
8 1 45
13 0 36
48 0 10
11 2 2
9 0 49
27 0 45
30 2 44
38 0 14
17 0 25
41 1 22
36 0 38
2 0 26
7 0 45
3 2 6
37 1 5
43 1 12
22 2 15
39 1 49
36 2 21
19 0 22
16 0 7
9 2 6
17 1 25
10 0 12
31 1 4
20 0 37
19 1 47
43 2 6
19 1 31
35 0 39
46 1 17
7 1 20
46 2 32
24 0 29
5 2 49
38 1 10
38 1 49
39 2 39
19 0 7
30 2 17
45 2 47
37 0 34
29 2 30
2 0 36
37 0 27
49 2 48
25 1 30
24 2 17
43 1 37
4 0 14
7 0 2
11 0 11
31 2 16
23 1 2
6 2 40
39 2 29
48 0 29
47 2 7
43 2 43
27 2 41
14 2 44
41 0 18
4 0 25
2 1 33
47 2 2
14 1 37
37 1 14
32 0 6
20 2 15
11 1 4
28 2 6
42 2 5
26 0 24
21 1 30
32 2 17
3 1 44
14 1 49
28 1 41
30 1 3
27 0 25
42 0 21
14 2 22
30 0 8
35 2 38
34 0 18
43 0 28
6 1 29
3 1 26
40 0 32
11 0 33
10 2 42
31 2 27
37 0 10
20 0 23
40 0 25
16 1 46
43 0 16
28 0 49
28 2 40
32 1 48
21 0 35
36 2 18
40 2 22
10 1 45
20 0 8
4 0 31
25 2 40
47 1 38
12 1 13
49 1 37
14 1 34
6 1 15
45 2 22
23 2 43
14 2 22
47 0 4
44 0 9
46 2 2
28 1 33
26 1 24
24 0 47
45 2 3
15 2 13
4 2 48
20 2 15
33 2 23
2 0 20
39 2 49
44 1 25
15 2 16
20 1 32
3 1 37
15 1 6
25 0 9
41 2 48
11 1 33
27 1 10
19 2 10
24 1 26
8 1 49
46 1 19
39 1 45
33 0 18
9 1 1
15 2 21
32 1 25
35 2 1
11 2 49
25 1 30
17 0 44
11 1 42
20 2 3
39 0 41
10 2 16
4 0 17
23 1 46
45 1 40
24 1 10
1 2 19
31 2 8
46 2 3
8 2 21
39 0 4
49 2 31
37 1 14
36 0 9
33 1 32
47 1 13
26 0 41
16 1 19
4 0 19
42 1 30
7 0 3
33 0 49
9 2 45
9 0 45
41 0 43
8 2 21
10 1 29
11 0 46
20 1 3
32 0 16
21 0 2
27 2 46
18 0 8
4 2 13
8 2 40
35 1 19
37 2 45
5 0 18
7 2 17
24 1 8
27 0 30
49 0 8
26 1 32
18 0 4
12 1 1
30 0 14
37 2 42
18 1 15
41 0 38
28 0 26
39 2 8
29 1 10
34 0 38
8 1 26
27 2 36
47 2 14
24 0 41
38 1 21
36 2 43
27 0 48
19 0 13
2 1 31
5 0 28
37 1 20
26 0 31
9 2 37
20 2 6
34 0 18
42 2 48
18 0 19
38 1 24
33 0 29
33 1 14
2 2 14
5 0 49
43 1 49
38 2 46
11 1 49
28 0 4
29 2 33
42 1 30
29 2 1
2 1 18
46 1 38
47 0 17
32 0 15
43 1 45
1 0 19
10 0 1
25 2 30
38 0 16
14 2 40
35 0 1
24 0 6
4 0 5
49 1 33
38 1 30
49 1 47
40 2 5
33 0 15
11 2 1
24 1 43
24 1 12
8 2 43
20 1 8
8 0 27
21 1 46
3 1 18
31 2 27
3 2 41
7 1 12
35 0 21
43 1 12
2 0 40
11 0 49
37 2 23
3 1 21
24 2 11
31 1 10
42 0 49
24 0 44
31 2 21
14 1 36
23 1 47
32 1 25
35 1 47
45 1 25
22 0 22
21 2 34
32 1 43
33 1 13
20 1 25
7 0 29
27 0 28
41 0 45
45 0 5
11 2 14
11 1 17
45 0 8
26 2 38
17 1 10
10 2 46
32 2 8
10 2 23
17 1 22
4 2 31
12 2 6
26 1 48
19 0 16
11 1 22
40 1 9
41 1 18
15 1 28
8 1 43
29 2 5
32 1 42
27 1 11
22 2 2
18 0 5
23 2 37
13 2 31
42 0 49
46 1 46
23 1 44
5 1 21
2 0 36
14 1 23
24 2 35
14 2 44
32 2 37
45 1 15
43 0 46
26 1 38
5 0 45
42 0 14
26 0 42
4 0 37
19 2 16
30 0 16
22 2 33
42 2 3
34 0 23
14 0 33
39 0 47
11 1 21
6 1 49
27 2 11
3 1 38
47 0 48
28 1 45
44 2 47
14 2 48
46 1 36
11 0 35
26 1 9
15 0 37
9 2 45
13 0 21
30 2 11
24 2 10
6 0 48
3 2 37
39 1 40
3 1 12
49 1 3
4 0 3
28 0 35
1 1 22
3 1 44
29 1 13
20 2 10
29 1 49
22 1 6
49 2 2
24 1 16
47 0 14
13 0 1
48 1 42
25 2 47
30 0 6
11 2 34
5 2 4
21 0 10
19 2 7
37 1 45
34 2 31
6 1 19
17 1 34
49 1 40
43 0 25
9 0 47
39 0 41
21 0 46
38 2 17
27 0 19
3 2 18
18 1 16
40 2 26
10 2 48
36 0 13
21 2 5
18 0 15
41 2 43
3 1 26
17 0 47
7 2 15
9 2 47
13 0 28
14 2 6
35 1 20
21 1 31
6 1 19
14 0 43
46 1 46
19 2 12
6 0 45
9 1 19
6 2 10
1 1 33
16 1 49
5 1 7
36 1 47
8 2 39
17 0 3
26 0 33
47 2 28
46 2 2
33 2 6
2 1 27
18 0 23
37 2 22
18 1 21
11 1 24
18 2 49
7 1 49
49 2 13
4 1 11
36 0 17
25 1 27
28 0 1
28 0 48
17 0 28
28 2 19
19 0 48
37 1 18
36 0 41
29 2 10
28 0 48
4 1 1
33 2 21
40 2 11
39 2 28
45 1 2
35 0 47
18 0 2
23 1 5
46 1 38
33 0 2
32 0 13
38 1 36
47 2 34
20 0 46
40 2 9
17 0 48
43 0 10
9 0 29
48 2 24
5 2 23
19 1 40
36 1 9
20 0 48
33 1 43
41 1 15
40 1 18
30 0 41
14 0 32
16 2 3
33 1 15
32 0 40
10 2 25
19 0 32
46 2 42
25 2 35
32 0 6
17 2 25
31 0 4
6 0 44
8 0 21
36 2 39
15 0 32
19 1 41
1 0 12
14 2 31
47 1 45
14 1 8
11 2 10
9 1 26
9 0 44
34 1 26
8 2 41
39 0 37
1 1 11
20 2 37
2 0 41
31 2 12
41 2 4
45 1 45
26 1 25
21 0 25
47 0 39
2 1 13
46 1 45
29 0 43
4 2 43
29 1 40
15 1 2
37 1 16
32 2 43
33 0 33
40 2 11
24 2 11
7 0 32
13 0 16
5 2 15
48 0 38
10 2 6
22 2 46
2 2 9
31 1 2
37 2 40
9 0 19
36 1 45
44 0 8
27 2 6
31 2 14
26 0 15
47 1 21
43 2 44
32 0 28
3 1 40
4 2 25
7 1 47
39 1 15
7 2 45
34 2 9
9 0 18
37 1 26
9 2 16
21 0 45
1 0 40
2 1 8
30 0 9
7 0 5
3 0 2
5 0 15
26 2 25
39 2 19
19 2 42
31 0 1
34 1 31
30 2 48
26 0 3
21 2 36
10 2 31
14 2 11
8 2 9
2 1 21
25 2 26
45 2 22
19 2 34
30 1 13
35 1 18
12 0 2
35 0 28
40 0 20
16 1 30
20 1 40
41 1 41
32 2 32
43 0 26
39 2 11
32 2 2
18 1 10
26 1 12
37 2 4
28 2 45
23 2 8
32 1 36
11 2 2
8 0 8
38 2 17
4 0 31
31 0 40
39 0 42
25 2 19
12 0 37
15 2 22
2 1 6
9 0 4
23 1 32
28 0 41
39 1 23
4 1 37
3 2 22
10 1 16
24 0 20
15 0 33
23 2 20
40 1 21
33 2 14
21 2 19
33 1 20
5 1 18
27 1 5
42 0 43
40 0 29
14 1 3
2 2 44
44 2 34
41 2 13
4 0 10
39 1 49
6 1 44
23 2 34
5 0 34
46 1 12
28 2 30
27 0 10
41 1 23
38 2 6
9 0 32
5 2 30
4 0 30
15 2 12
1 2 13
2 1 4
12 0 12
45 0 44
16 2 28
34 0 11
22 0 24
25 0 14
42 1 17
11 0 38
19 1 36
15 0 1
2 0 41
30 1 19
19 0 20
36 1 20
40 2 30
37 0 13
33 1 20
18 0 13
15 1 44
19 2 29
6 0 39
39 0 31
42 2 11
12 1 12
27 0 47
38 1 11
37 1 18
2 0 16
26 2 11
28 2 30
46 1 17
40 1 38
36 1 35
38 1 6
3 2 36
2 1 8
7 1 27
33 1 24
49 2 40
23 1 30
21 0 15
35 0 10
28 2 8
13 2 1
4 2 9
11 0 34
45 1 41
44 1 35
2 0 48
21 2 25
23 1 45
21 2 14
31 1 32
32 0 6
11 1 14
17 1 11
42 2 48
29 2 48
22 2 21
38 2 34
18 1 30
14 1 47
35 2 17
9 2 15
22 2 38
26 2 31
21 1 24
39 2 18
47 1 35
49 2 15
42 0 7
31 2 35
39 1 45
6 1 25
7 1 18
38 1 22
1 1 9
39 0 4
18 0 1
2 1 49
40 2 18
27 0 37
33 0 12
35 2 15
36 0 30
18 2 35
14 1 23
38 1 34
24 0 32
45 1 29
20 2 43
29 1 19
23 1 19
3 2 25
48 2 14
34 2 19
27 1 39
9 0 18
25 1 49
18 2 33
6 0 37
2 2 38
19 2 23
15 0 37
29 1 48
12 2 25
5 1 3
5 0 1
14 2 8
35 2 7
37 0 34
15 0 18
31 0 30
22 0 20
37 1 23
1 0 7
11 1 34
48 0 8
42 0 29
49 0 1
19 1 44
26 1 46
18 1 6
5 0 12
7 2 34
30 0 48
15 2 29
36 2 4
33 0 10
21 0 49
24 0 29
5 2 24
21 2 47
29 2 44
24 2 33
15 1 3
46 2 24
33 0 32
2 0 2
16 0 20
42 0 14
1 1 27
8 1 15
29 0 10
6 1 40
12 2 4
20 1 30
13 2 37
13 1 4
14 0 3
48 0 17
48 0 32
18 1 26
40 0 41
6 2 16
32 0 10
49 2 28
2 2 35
13 1 40
23 0 39
22 0 27
37 0 29
4 1 15
40 2 7
18 0 11
23 1 15
4 1 9
40 0 2
21 2 1
42 0 15
36 2 10
13 2 35
5 2 13
23 2 37
5 1 19
41 0 35
49 0 45
19 1 28
22 0 45
4 0 7
20 2 25
30 2 37
42 2 44
5 0 48
6 2 33
27 0 24
3 2 11
37 0 19
8 2 14
24 0 27
29 1 9
43 0 40
42 2 21
16 2 7
43 1 34
9 1 11
42 1 49
23 1 32
11 0 34
2 2 12
25 2 49
45 1 18
10 2 20
31 2 41
1 1 35
16 1 24
40 1 49
13 2 26
44 1 11
47 1 3
34 0 33
2 1 11
5 2 17
22 1 23
35 2 10
45 2 23
49 1 28
19 0 5
33 2 23
6 2 19
2 2 16
30 2 8
2 0 16
37 0 14
17 0 27
45 2 28
48 2 29
6 0 15
20 2 20
5 1 8
36 2 31
23 0 16
31 1 35
26 1 26
19 0 43
43 1 5
38 0 10
28 0 31
12 2 7
38 2 40
42 2 18
19 0 13
30 0 30
18 2 36
48 2 35
43 0 45
9 2 11
43 1 33
40 0 23
4 2 49
38 1 17
42 2 41
27 1 7
12 2 25
49 1 10
9 2 14
18 2 10
6 0 12
10 1 33
24 1 36
21 0 39
33 2 27
19 0 14
24 0 26
35 0 48
48 1 1
37 1 46
2 0 8
35 1 39
11 1 1
4 2 36
9 2 46
29 0 25
12 2 34
12 2 31
47 0 32
25 0 33
43 2 32
32 1 35
22 2 17
32 2 39
23 2 35
1 2 15
13 1 3
9 0 43
49 1 45
7 0 15
4 2 20
11 1 39
10 2 49
17 0 12
10 2 4
27 1 10
33 1 46
19 0 43
9 2 2
1 1 22
24 0 22
18 0 21
8 2 41
24 1 24
36 1 29
32 2 41
7 2 30
18 0 49
34 0 6
11 2 49
21 2 30
6 0 38
24 0 26
22 1 11
33 0 2
20 0 25
16 0 47
32 1 47
28 1 34
16 1 7
26 2 7
14 2 6
43 2 45
8 1 49
2 1 24
4 0 3
38 2 44
48 0 8
5 0 46
21 1 47
36 1 29
26 0 46
41 0 5
7 2 24
10 1 48
12 0 25
43 0 28
28 0 29
9 2 18
48 1 8
15 0 25
24 1 7
38 1 5
42 1 48
9 0 22
6 2 25
30 2 10
21 2 8
37 1 18
12 1 14
23 1 14
3 0 37
42 1 31
13 1 8
40 1 47
25 0 43
16 1 43
19 0 48
2 1 12
41 2 18
12 0 36
7 1 4
20 2 13
2 2 13
33 2 22
28 2 8
13 2 21
49 2 14
16 0 14
42 2 33
39 0 20
36 2 25
23 2 47
18 2 20
49 0 48
46 1 1
36 1 42
32 2 45
33 1 17
20 2 43
46 2 25
34 0 21
26 0 34
5 1 27
32 1 39
30 0 36
12 0 49
16 2 40
21 2 38
43 1 2
38 0 44
20 0 12
41 0 40
32 1 30
35 0 43
30 0 31
16 1 20
23 1 35
8 1 36
44 1 36
40 1 1
13 1 24
40 0 14
36 0 3
49 2 11
34 1 35
34 0 36
34 0 14
44 1 1
38 2 14
15 2 36
15 1 33
26 0 43
49 2 22
25 2 23
27 1 23
21 1 6
14 2 7
36 1 32
23 1 38
16 0 9
24 1 18
36 1 46
17 2 11
29 1 35
1 2 29
25 1 49
39 2 15
7 2 4
1 1 48
31 1 24
12 1 45
38 2 47
15 2 25
9 0 44
18 0 11
12 0 41
11 1 23
9 0 12
44 0 46
30 2 37
32 0 48
49 0 28
2 0 18
46 2 44
13 0 25
44 2 46
7 1 49
27 1 10
48 1 25
11 0 33
16 1 28
39 2 26
47 2 5
39 0 18
36 2 44
49 1 25
26 2 9
11 0 17
45 1 7
20 2 22
23 2 48
30 0 48
49 0 10
33 2 2
42 1 10
26 1 40
48 2 36
24 1 46
25 1 35
35 2 31
20 2 1
7 2 35
32 2 19
39 0 27
6 0 28
25 0 45
45 0 10
38 2 21
15 0 15
4 2 42
6 1 8
9 1 31
1 1 16
5 0 34
43 1 8
28 1 47
40 0 4
39 0 18
21 2 27
25 2 38
8 1 29
49 2 37
45 1 18
45 1 39
37 2 15
34 0 1
27 2 29
32 1 20
48 0 6
44 1 17
21 2 3
9 1 29
39 2 16
9 1 25
44 1 33
4 1 47
39 2 27
46 0 23
46 0 27
23 1 9
28 1 38
39 1 36
41 1 24
32 1 49
36 1 14
25 0 10
10 1 9
13 0 36
33 2 27
21 2 36
19 1 29
45 2 36
32 2 20
33 1 16
49 0 11
40 2 22
49 0 37
49 2 24
1 2 8
5 2 36
40 0 2
45 1 16
35 0 18
24 0 49
13 0 45
33 0 22
45 0 1
36 1 21
18 0 30
26 0 40
7 2 43
37 0 27
32 2 24
2 0 41
33 1 45
47 0 41
46 2 49
48 0 15
33 1 34
7 2 47
17 1 1
29 0 44
18 2 14
1 0 28
26 2 48
3 2 36
13 0 36
40 2 25
32 2 11
27 2 13
39 2 23
36 2 20
46 2 35
10 0 29
20 1 41
42 0 22
42 0 11
18 0 13
13 1 19
49 2 23
30 0 9
46 2 14
13 1 14
14 1 38
31 0 37
4 2 19
10 0 8
36 1 30
2 1 7
39 2 9
33 2 16
26 2 17
12 0 24
1 1 19
46 2 4
7 0 35
27 2 14
44 0 23
38 0 38
24 1 23
13 0 7
10 2 39
8 2 19
22 2 32
17 1 24
11 2 48
46 0 29
15 2 5
31 2 8
21 1 3
32 2 1
20 0 10
31 0 37
37 0 36
1 0 32
6 2 44
1 2 40
34 2 25
44 1 30
21 2 7
29 1 22
7 1 18
19 0 34
11 0 22
47 2 29
18 2 4
47 2 12
25 0 23
17 1 15
12 0 46
48 2 42
47 2 42
38 1 5
32 1 40
4 0 10
11 2 8
25 1 24
39 1 16
13 1 19
9 1 14
21 2 20
13 1 24
1 0 21
13 1 31
13 2 7
29 2 33
38 0 40
5 2 45
11 2 9
34 1 27
48 0 3
26 0 3
16 2 22
13 1 8
16 0 22
36 0 10
45 0 45
3 2 7
11 2 24
15 0 26
10 0 10
19 2 37
31 1 42
20 2 34
1 2 48
15 0 5
26 0 40
29 1 41
12 2 47
10 2 42
23 1 30
41 2 19
3 0 2
42 1 25
48 0 43
35 1 31
7 1 13
49 1 14
24 1 2
19 2 31
24 2 26
40 2 34
17 1 48
18 2 23
39 0 29
30 1 13
6 1 23
21 1 29
49 1 29
15 2 4
37 2 45
17 2 33
19 2 9
17 2 33
30 1 18
39 0 12
49 0 37
37 1 35
5 1 42
18 1 5
40 0 49
23 0 23
46 2 30
36 1 12
22 1 31
4 0 5
11 1 8
45 0 8
22 1 7
43 0 20
18 1 8
20 2 13
28 1 11
28 2 46
8 1 44
24 1 14
26 0 41
9 2 1
22 1 38
10 2 4
34 1 8
36 2 32
48 1 41
23 0 4
22 0 38
18 0 31
15 0 27
36 0 37
17 0 10
21 0 4
11 2 11
10 2 33
28 0 48
5 0 26
21 1 28
17 1 46
46 1 35
43 1 16
36 0 7
20 0 3
2 1 42
23 2 29
17 2 36
9 2 15
12 1 45
48 2 3
1 0 7
42 0 48
20 1 26
29 2 2
18 2 2
14 1 32
10 0 16
2 1 22
17 2 28
40 1 2
7 1 44
37 0 14
27 1 14
11 1 10
42 0 15
45 1 6
46 2 43
39 2 18
29 1 8
18 1 26
1 1 42
49 0 2
12 0 12
44 0 16
6 0 7
10 0 28
8 1 4
21 2 41
39 2 33
13 0 49
3 0 8
2 2 46
10 0 25
9 2 37
37 0 29
6 2 13
23 0 38
31 2 49
1 0 43
4 0 31
13 2 48
40 0 44
4 0 23
21 0 46
9 0 39
14 2 3
47 1 36
7 0 16
38 1 2
29 2 20
24 0 20
36 2 10
42 1 23
37 1 44
25 1 45
25 1 37
3 0 27
44 2 37
26 2 4
23 2 1
27 1 39
26 1 28
29 2 23
23 1 33
24 0 43
11 1 30
12 2 13
7 0 31
36 2 23
6 2 40
33 0 20
2 2 42
15 1 22
48 2 36
20 2 16
12 2 5
18 2 37
49 1 28
25 2 29
7 1 25
36 0 21
45 0 17
46 2 4
23 0 7
23 0 28
3 0 28
39 1 8
5 1 41
16 2 24
20 1 27
43 1 21
12 0 24
34 1 40
19 1 37
9 0 4
49 2 25
42 2 29
28 2 9
24 1 32
41 1 23
9 1 48
41 1 1
10 2 43
13 2 19
39 1 45
18 0 19
47 1 17
4 1 21
9 1 45
35 2 47
24 1 49
3 0 39
2 0 27
19 2 20
4 2 37
15 0 10
8 1 34
40 0 6
23 1 5
5 1 5
38 0 33
47 1 14
23 1 4
47 0 49
8 1 30
41 1 49
24 1 35
30 1 22
12 2 3
15 2 48
22 1 32
19 2 41
11 0 49
48 1 29
8 0 29
7 2 15
36 2 26
30 0 18
44 0 13
24 0 1
47 0 1
20 2 44
25 1 38
36 2 3
17 1 22
32 0 18
43 2 34
23 0 29
18 2 26
19 1 28
6 2 1
42 1 18
27 1 37
39 0 44
5 0 3
48 0 24
26 2 48
16 1 49
17 2 2
26 1 3
26 1 34
46 1 29
27 1 27
36 0 33
38 1 12
37 2 43
20 1 30
28 1 10
43 0 1
6 2 26
32 2 42
43 1 44
33 1 44
16 1 18
30 0 7
12 1 41
26 0 21
33 2 33
1 2 44
33 0 25
5 1 11
36 0 48
38 0 1
47 1 39
14 2 49
36 2 33
41 2 22
36 2 40
8 2 14
28 0 11
24 1 44
35 2 46
31 0 34
7 0 13
14 0 20
21 1 41
21 0 36
11 2 30
1 2 23
31 0 24
32 2 42
17 0 20
9 2 4
26 1 4
31 2 38
25 0 15
36 1 43
45 1 4
33 0 39
34 2 6
49 0 4
18 0 37
22 1 11
40 2 45
37 2 14
2 2 15
47 2 17
33 2 39
37 1 35
29 1 40
24 0 6
17 2 42
27 1 20
5 1 15
14 2 26
37 0 6
7 1 33
11 1 8
39 1 20
9 1 8
9 1 32
9 1 20
48 2 38
40 0 1
46 2 30
41 1 6
20 2 14
26 1 32
22 2 44
17 0 31
30 1 9
16 1 5
5 2 18
49 1 44
3 0 46
12 2 30
5 2 4
22 0 45
19 1 17
1 2 38
22 2 5
13 2 46
16 1 22
8 1 3
26 2 28
30 0 17
28 1 33
4 1 18
20 2 5
33 0 7
18 2 18
3 2 33
12 0 4
29 1 47
23 2 28
7 0 19
34 1 15
26 1 44
49 0 24
30 1 16
12 2 18
28 2 20
39 0 48
20 0 21
4 2 32
28 2 31
25 1 46
40 2 29
24 0 15
25 2 7
48 2 13
1 2 26
5 1 25
37 0 18
39 0 6
48 1 1
19 2 46
22 0 30
48 2 32
16 0 4
6 1 28
24 0 23
46 2 17
40 1 2
9 2 8
20 0 48
21 0 15
21 1 16
47 2 40
1 1 20
9 2 40
45 1 24
12 2 42
43 2 28
37 2 2
20 0 22
38 1 49
8 0 6
4 1 18
26 1 44
47 2 4
29 1 32
48 0 9
46 1 29
5 1 4
16 2 20
30 1 45
30 2 8
9 2 11
39 0 10
47 0 1
45 0 24
29 2 37
10 2 48
31 2 12
46 2 33
33 1 26
11 0 29
45 1 39
43 0 40
38 0 42
38 2 3
19 0 18
24 0 4
46 2 24
41 1 42
45 2 27
49 1 23
24 1 13
39 1 19
26 2 30
25 0 24
38 1 1
48 0 27
25 1 8
19 0 2
43 0 20
36 0 30
16 2 47
33 2 31
44 1 28
40 2 13
45 0 39
42 0 31
9 2 9
11 1 34
23 2 42
35 1 22
25 0 11
43 2 49
33 2 42
49 0 32
35 0 38
20 2 48
38 1 40
30 1 10
2 2 49
49 2 40
7 0 37
27 2 29
16 0 4
18 2 48
15 1 44
30 0 8
25 0 20
13 1 41
19 2 17
13 2 34
6 0 16
7 2 46
17 2 30
41 1 5
7 0 42
32 1 34
36 2 30
37 0 48
49 0 21
43 1 18
36 1 30
40 2 8
16 2 15
45 2 35
32 1 8
39 0 25
30 2 12
20 0 10
34 0 29
11 1 4
5 1 33
18 0 40
15 0 2
42 2 17
22 0 40
13 0 38
29 2 40
17 0 17
22 0 14
37 2 13
11 0 17
2 2 32
3 0 3
42 1 23
43 0 1
38 0 34
21 0 24
11 2 3
12 1 1
46 0 3
33 0 24
28 1 4
5 0 41
29 1 12
25 0 25
20 0 36
1 0 16
33 1 22
41 2 48
30 0 9
13 1 23
9 0 38
29 2 46
48 2 48
11 2 23
5 0 27
11 0 1
7 1 45
1 0 35
8 2 16
12 1 5
49 2 8
39 0 3
21 2 18
47 2 44
38 1 27
35 1 40
40 0 38
47 2 12
21 2 32
25 0 22
18 1 27
19 0 31
3 2 35
2 0 15
16 0 1
27 2 27
32 1 47
21 2 25
13 0 20
2 2 5
24 1 5
23 1 42
27 0 10
7 1 48
29 1 39
33 2 1
34 0 47
41 2 44
22 2 9
7 1 12
8 1 15
48 0 3
26 0 20
15 2 9
1 1 24
17 1 22
21 2 9
2 2 49
24 2 36
12 1 32
7 0 3
37 0 26
37 0 12
15 0 22
48 0 35
6 2 5
24 0 17
15 1 4
33 0 25
46 1 20
15 0 20
30 1 38
5 0 49
43 2 43
3 2 48
37 0 33
36 0 25
44 2 1
32 0 45
48 1 1
13 2 27
5 2 12
9 0 23
28 2 15
31 1 34
35 2 20
8 0 24
25 0 35
21 2 48
27 0 36
36 0 23
28 1 46
24 0 47
24 1 8
31 1 28
33 1 9
31 2 16
38 2 26
11 0 39
4 0 12
49 1 6
31 1 12
2 0 31
36 1 11
32 1 44
6 2 34
5 0 11
29 2 29
6 2 10
41 2 49
4 0 19
44 2 24
1 2 20
27 1 22
22 1 27
8 1 10
31 0 49
45 1 11
27 2 32
13 2 46
26 2 16
16 2 15
20 0 3
13 0 40
5 0 5
41 2 5
17 2 38
46 1 30
43 2 42
11 2 26
42 1 22
27 1 6
9 1 28
1 1 25
39 1 39
19 1 28
11 1 49
10 0 48
26 2 15
35 2 39
37 2 12
31 1 15
15 1 23
28 2 49
14 1 40
3 2 24
42 2 13
49 2 40
12 2 43
28 0 42
19 1 36
48 0 40
44 1 49
1 2 44
27 2 18
27 0 44
29 2 10
49 0 2
27 2 25
30 1 41
9 1 43
40 2 20
19 0 30
1 0 1
11 1 19
15 1 34
36 2 4
14 1 49
35 2 45
21 2 11
29 2 2
18 2 14
20 2 41
22 2 40
38 1 4
13 0 18
47 1 27
12 0 31
14 0 38
11 2 21
38 0 9
23 0 29
48 2 1
49 2 1
34 2 35
30 0 19
22 2 24
20 2 3
26 1 20
26 2 24
10 0 38
49 2 29
34 0 17
46 1 45
48 0 18
37 0 9
31 1 36
22 0 17
12 1 37
34 0 24
21 1 46
11 0 18
13 2 14
18 1 14
25 2 21
17 1 43
47 0 40
38 2 9
7 0 2
16 1 15
10 2 1
21 0 14
22 1 40
8 0 35
20 2 37
11 2 43
17 2 28
23 1 24
23 2 25
42 0 45
16 1 40
26 1 47
1 2 34
43 0 45
31 1 21
43 2 32
26 2 25
19 0 43
9 1 39
40 2 1
40 0 44
20 2 46
40 0 26
40 2 35
31 2 7
11 1 11
27 1 27
30 2 21
31 1 30
21 2 11
47 0 31
29 2 5
43 2 9
38 0 28
13 1 47
21 0 29
38 0 10
4 2 15
28 1 33
34 2 31
35 0 37
18 2 48
38 0 31
48 1 24
43 0 14
5 1 22
28 2 34
35 2 44
16 0 4
20 2 49
40 0 26
39 0 40
49 1 26
8 0 24
30 2 31
14 2 36
2 2 21
7 0 24
36 2 4
37 1 43
18 0 24
14 0 49
47 1 20
44 0 36
44 1 21
42 1 11
48 1 7
46 0 49
39 0 2
24 0 37
9 0 25
28 2 40
10 2 3
2 0 48
36 0 5
20 1 32
40 0 18
49 0 20
37 2 44
42 0 5
16 0 44
49 1 46
28 0 49
9 0 15
45 1 1
30 0 10
24 1 2
28 0 39
47 2 46
5 0 10
25 0 32
24 2 34
5 2 20
36 0 20
37 1 28
36 0 27
29 0 45
11 2 29
3 0 22
19 0 41
36 2 3
20 2 39
43 2 12
8 2 49
7 2 48
30 1 20
25 2 24
12 0 27
2 1 35
34 1 30
25 1 48
41 2 27
46 0 47
25 0 27
33 2 1
13 1 19
22 2 27
4 0 19
22 0 14
7 1 21
3 2 25
19 0 46
4 1 23
24 1 30
49 1 30
31 2 32
44 1 26
9 2 42
10 2 2
24 0 2
37 1 36
20 1 49
44 2 46
29 0 28
49 2 24
44 2 2
45 0 28
38 1 8
32 0 10
43 1 14
1 0 31
41 2 45
12 0 3
25 0 48
25 2 2
6 0 22
39 1 1
27 1 11
2 1 25
45 2 39
32 2 3
41 0 1
46 1 21
2 2 33
31 0 2
44 1 18
3 1 14
21 1 28
1 0 30
16 0 3
31 0 34
21 1 5
24 0 20
29 0 19
30 1 34
3 2 4
12 1 25
39 1 18
16 0 6
39 2 31
49 2 30
9 0 25
39 1 5
31 1 41
40 1 10
13 1 37
26 1 21
12 1 42
9 0 22
35 1 23
11 1 40
39 1 9
4 2 26
42 1 32
19 2 37
4 1 33
29 2 8
27 0 25
5 0 34
2 1 39
41 0 17
34 2 46
38 1 26
25 0 26
13 0 12
49 1 22
28 2 47
3 0 44
45 0 28
33 1 22
31 1 34
31 2 8
5 2 35
12 0 30
21 0 22
11 2 46
8 1 43
32 2 43
10 0 42
42 0 2
3 2 3
45 0 15
15 0 17
42 0 44
29 0 9
46 1 25
4 2 12
21 2 20
18 0 35
38 1 39
12 0 21
33 1 40
36 0 32
39 0 38
6 1 33
41 2 27
49 2 25
32 2 44
11 0 25
8 1 45
10 1 13
10 0 48
11 2 39
44 0 39
11 2 37
18 1 39
40 2 30
30 1 16
2 0 23
13 2 2
19 1 41
9 0 46
28 0 45
39 0 25
8 1 49
28 0 20
21 0 2
33 0 23
7 2 47
29 2 48
20 0 43
16 2 42
18 1 41
39 2 22
48 1 22
16 1 44
44 1 24
30 1 17
32 2 38
26 0 9
42 2 10
10 2 20
31 1 22
8 1 11
11 2 36
28 2 38
33 2 3
49 1 12
33 0 20
26 2 13
8 0 17
27 0 38
32 0 6
11 2 22
47 2 18
46 2 26
34 1 17
7 0 37
35 1 38
12 2 39
33 1 20
15 1 28
4 0 29
9 0 35
48 0 46
20 2 4
29 2 48
24 1 39
12 1 29
13 2 2
21 2 11
2 1 30
38 0 2
15 0 21
30 2 5
32 2 47
20 2 13
39 0 43
36 2 26
20 1 24
47 2 26
48 2 16
38 2 14
14 2 29
35 2 8
10 2 23
18 0 18
30 1 7
7 0 4
16 2 15
19 2 23
33 2 42
8 1 18
42 0 23
39 1 21
26 2 39
40 1 15
28 1 11
42 1 37
30 1 9
12 2 41
3 1 13
34 1 1
6 0 21
31 0 8
39 2 8
21 2 46
5 0 33
11 1 6
7 0 12
20 2 27
37 2 48
13 1 37
38 2 33
3 2 9
28 1 2
24 1 36
38 2 3
49 1 44
18 2 45
15 0 48
17 2 49
39 0 7
28 1 12
38 2 15
27 0 48
23 2 35
15 2 22
12 1 12
27 1 9
16 0 46
30 2 40
6 1 2
9 2 39
46 0 46
6 0 47
6 2 13
29 0 42
47 1 39
39 0 36
27 0 16
37 1 15
10 2 20
44 2 38
7 1 49
22 1 26
1 0 23
30 2 44
40 0 12
8 2 38
12 1 35
18 2 31
14 0 11
1 2 21
8 0 49
43 2 18
30 0 49
1 1 4
10 1 27
3 1 31
19 0 36
34 0 19
48 0 30
10 0 34
40 2 30
48 0 21
1 2 38
30 0 13
47 1 22
20 1 17
37 1 11
3 0 10
49 1 43
14 0 19
7 1 29
8 0 46
14 1 16
30 0 48
26 2 21
10 2 5
22 2 47
2 2 6
13 1 33
16 0 20
34 1 41
8 1 35
26 2 8
16 2 7
34 1 10
37 2 1
43 0 9
21 0 25
32 1 31
4 2 16
17 1 16
24 2 32
22 1 3
22 1 31
6 0 20
7 2 10
47 2 34
18 2 15
45 0 35
17 1 12
2 2 37
21 1 41
34 1 37
21 1 49
33 1 17
30 2 11
30 1 14
23 2 8
6 1 2
35 0 27
35 1 19
19 0 41
11 0 34
16 2 2
18 2 23
40 2 49
1 2 43
36 1 10
