100
25780 1
31048 11
6760 18
14347 20
731 20
6496 10
23459 10
196 8
9810 19
3952 14
14853 20
25227 9
4922 5
415 8
21986 15
4426 14
13752 3
7734 17
14544 1
5194 7
2163 17
13858 12
17450 17
10429 13
2841 9
26486 20
12174 12
13366 20
18650 12
22503 14
5984 4
18220 16
28395 15
32591 9
6981 11
12155 1
29445 3
555 18
3240 6
6882 2
18915 10
7197 12
11576 20
18821 2
11720 16
6762 8
32104 11
20589 2
29942 2
26236 14
6894 14
27652 4
30776 2
8289 10
12100 9
25242 20
2393 5
18763 16
28202 3
30434 10
31147 4
32270 6
9250 15
27253 5
12417 4
16806 20
21747 4
4174 18
20917 18
22446 18
27175 14
28492 10
29731 12
12009 10
29069 10
29876 16
26667 1
23485 10
27575 14
13996 12
3635 5
8883 12
10877 14
18113 7
15651 3
4857 2
16248 8
5218 4
14568 1
12512 18
31368 13
24419 12
14577 20
12382 6
30799 18
14971 3
32437 16
16269 1
16564 12
7621 2
