100
12710 6
789 15
6353 19
24178 18
31146 13
9799 18
19249 18
22601 12
15446 1
31598 18
29044 7
27034 9
15131 4
23675 17
10770 3
16817 8
9372 14
6707 13
24827 10
26862 5
26931 13
29871 3
3088 1
24898 1
24426 12
25564 1
14248 4
5814 16
14467 17
12283 20
25357 8
8164 10
17649 11
23073 12
11516 18
20092 3
2268 20
21689 19
20520 15
4032 5
8353 16
3070 5
28600 10
7432 6
30032 8
16001 7
13252 1
31807 15
16684 8
9641 15
13788 4
20579 14
25646 18
28206 2
15746 8
31241 5
2178 20
156 6
19627 14
2007 13
5897 10
6615 13
31809 10
30473 1
31701 2
13201 20
10404 8
17389 4
15024 18
15573 8
28196 14
19046 14
21398 17
8832 17
30089 15
30317 7
30518 19
10179 17
4236 10
17547 18
2933 12
3746 14
9819 9
4704 16
32747 13
4216 9
28696 11
16159 2
29283 11
9841 8
1370 14
7184 7
9055 10
8718 17
14507 5
11533 16
14995 3
5540 5
17417 8
14597 18
