100
30547 1
29957 7
31132 18
22387 8
20812 3
10812 4
6599 12
28161 4
13242 3
15610 17
24657 20
24530 2
7339 5
9400 13
20875 5
11443 14
11088 8
9013 1
11815 16
5108 19
23167 19
21237 2
30141 17
10985 16
19249 3
17853 17
31049 8
877 8
7941 19
13081 8
32171 9
25178 7
25276 20
14038 14
28198 8
1554 6
2235 17
8072 19
7906 10
31994 19
29581 9
19717 17
8043 2
3065 14
4190 20
7912 4
7471 1
9469 2
385 9
29455 11
22019 11
28022 14
22762 3
13342 13
6815 15
21722 4
25268 20
30714 9
24861 19
15135 2
32669 12
11854 14
26494 2
10052 8
3973 8
24329 8
26149 20
3528 7
27635 4
30942 17
21082 1
10033 17
29328 20
12227 1
12488 2
22151 18
8106 8
27507 14
30720 11
8150 4
14514 12
17900 9
756 11
11951 9
1726 9
6641 15
4988 11
27816 20
8456 2
8585 12
25813 15
10200 15
18285 12
9342 8
19997 16
18780 12
19694 1
14047 9
29912 20
7124 19
