100
14571 16
6897 20
13935 9
3032 5
6358 20
12090 14
27690 20
6677 5
23285 12
9697 19
14852 9
31345 8
363 15
28443 9
22218 9
1816 6
3278 12
3373 13
15354 17
4747 18
22695 16
21749 13
27209 7
20512 17
18421 16
32351 18
32288 20
3200 1
16810 8
1264 11
5147 4
13862 15
32044 18
22591 12
32137 11
13798 6
7893 20
23671 8
17646 16
5988 14
9331 9
15063 15
644 1
409 10
8649 1
562 12
182 4
32594 17
19725 1
5999 13
12452 16
6064 5
23400 8
30218 10
28322 17
13993 12
11641 8
16529 10
5816 12
25989 13
19410 18
8487 10
26916 20
21346 17
13177 13
31237 12
16083 8
11696 7
29289 11
26100 1
3564 10
18614 3
5134 1
2260 7
15941 2
6156 8
24012 6
12313 4
19948 1
30494 18
23417 8
17224 13
17823 14
16815 12
15327 6
1150 12
32084 13
15444 3
32059 3
8426 6
12466 6
19701 9
27072 18
4430 18
25494 14
848 3
25620 3
19073 4
5775 19
29045 12
