100
21137 18
18656 1
13799 9
28154 12
16496 13
13191 17
15365 15
14146 13
25164 2
7990 11
8660 13
10102 10
14689 13
14351 15
7556 17
5947 5
23663 20
3031 13
29704 2
1047 9
20028 11
5241 12
22422 5
25335 19
25616 8
21121 3
22057 14
682 10
15415 19
30626 18
22527 15
32356 8
17539 7
8496 9
11803 18
16444 7
20679 11
8871 1
12484 1
5038 20
16733 14
24610 1
28164 17
18457 15
14753 8
14565 19
26666 9
25410 12
26228 3
467 16
25673 3
25552 12
21690 15
4089 7
18614 10
5070 11
22492 17
21249 7
2958 10
27436 4
71 12
32704 20
12590 18
573 15
8683 15
19113 18
23225 1
5179 2
27324 9
12887 7
25750 10
4543 16
2357 9
23047 20
5358 9
17225 9
25296 14
29723 20
23090 20
31678 5
23183 5
15512 8
6548 6
23268 4
10102 6
937 12
3465 7
8168 19
15119 6
18458 4
13389 1
3034 14
14309 20
25054 4
20063 5
21547 5
30729 3
15497 13
27905 4
9525 11
