100
17478 6
32466 12
30725 19
32217 18
18459 9
14116 11
2389 20
17797 8
18878 16
10488 9
6080 15
26337 2
17547 4
32660 2
9659 13
23834 9
6708 20
7987 17
22097 17
26775 5
15167 15
4481 12
15779 20
25454 3
8067 6
16930 18
355 20
26093 4
3758 4
2860 6
18776 6
15122 13
14530 16
4521 17
32734 15
9491 8
7827 14
29206 20
25187 18
29144 1
19019 15
15590 11
25066 5
24443 18
22502 12
17152 15
21388 4
20687 15
19894 3
12860 13
28914 1
20950 4
17632 19
490 4
10460 15
27721 10
25053 15
12107 7
16285 10
19476 6
7419 10
18966 13
16285 16
13271 11
23257 14
20725 8
14806 11
16743 13
21742 16
24069 7
22103 1
587 20
20995 6
9050 15
13508 7
22591 9
11956 5
14200 2
7380 7
11700 10
13811 7
12763 11
32466 18
31310 18
18821 19
6000 3
17436 14
5989 18
23171 12
5914 3
28583 8
25733 10
12762 14
5678 19
3705 3
15342 4
2252 20
3318 5
30765 4
14100 15
