100
100000 100
100000 100
100000 100
100000 100
100000 100
100000 100
100000 100
100000 100
100000 100
100000 100
100000 100
100000 100
100000 100
100000 100
100000 100
100000 100
100000 100
100000 100
100000 100
100000 100
100000 100
100000 100
100000 100
100000 100
100000 100
100000 100
100000 100
100000 100
100000 100
100000 100
100000 100
100000 100
100000 100
100000 100
100000 100
100000 100
100000 100
100000 100
100000 100
100000 100
100000 100
100000 100
100000 100
100000 100
100000 100
100000 100
100000 100
100000 100
100000 100
100000 100
100000 100
100000 100
100000 100
100000 100
100000 100
100000 100
100000 100
100000 100
100000 100
100000 100
100000 100
100000 100
100000 100
100000 100
100000 100
100000 100
100000 100
100000 100
100000 100
100000 100
100000 100
100000 100
100000 100
100000 100
100000 100
100000 100
100000 100
100000 100
100000 100
100000 100
100000 100
100000 100
100000 100
100000 100
100000 100
100000 100
100000 100
100000 100
100000 100
100000 100
100000 100
100000 100
100000 100
100000 100
100000 100
100000 100
100000 100
100000 100
100000 100
100000 100
