100
631 4154
791 4334
912 4248
216 4483
390 4431
703 4087
555 4948
702 4129
729 4150
388 4658
407 4939
726 4989
837 4845
736 4698
79 4622
164 4709
130 4954
396 4392
555 4962
877 4295
394 4578
736 4299
880 4436
429 4607
939 4816
267 4344
108 4991
334 4943
189 4420
994 4619
396 4157
329 4524
464 4075
917 4369
38 4144
666 4783
76 4752
83 4954
189 4863
562 4478
32 4179
823 4138
524 4507
435 4711
280 4779
331 4674
289 4010
199 4751
438 4467
122 4475
964 4138
611 4038
891 4044
345 4430
908 4258
909 4290
438 4082
430 4960
942 4215
25 4220
995 4706
896 4283
70 4445
387 4506
265 4859
334 4228
998 4943
619 4239
989 4315
670 4247
574 4577
539 4010
12 4319
324 4952
887 4699
174 4232
758 4420
868 4826
218 4254
334 4482
114 4018
63 4463
963 4032
703 4302
348 4372
902 4920
302 4439
284 4313
111 4958
266 4996
10 4790
230 4766
211 4448
946 4428
703 4278
263 4168
297 4324
632 4610
709 4333
265 4056