20
12
832618866 44333013 36330404 572475630 598931990 965858468 132378205 880474210 941906396 104416876 214714249 353203190
15
338384437 556983988 145967531 25122615 65843835 615459989 212758074 777980182 543657731 797979100 209089757 713840488 298466443 446993506 587261504
2
588657439 360470025
14
291887304 659273197 169669001 496873600 369218591 956139795 234046469 952723569 852483365 846891069 380629012 72487608 569232048 147855713
11
353815621 153383358 488088760 507708997 760897348 728727716 169581430 388623663 972806144 838284752 631833464
8
173517523 386881316 616101804 690383265 114499637 505296985 187435094 821318161
7
59886859 424594788 83211699 11988800 111532979 354447999 343557447
9
160958110 583877035 619991969 212134211 500588891 457496101 426835479 129439295 542070992
14
403182976 997210117 822811394 455083152 622167176 823143275 404681822 866054744 146582836 696781838 744262703 441609064 328141181 120490819
7
325772242 638305739 662956159 799437952 628675261 362958491 4394771
14
82723856 982023767 531891359 954468690 361253773 945197069 954683725 636986202 698870580 558142121 809059957 413771003 278287126 561951036
5
784511361 883658475 550282270 861553070 823906361
9
601803221 166965724 515619541 739851487 716137924 652763406 917006027 455865309 476084507
14
563895351 714969962 792160533 246725675 835632155 720578773 349379472 986451339 229347492 805335510 79245538 886654490 21411818 725291438
12
762545258 70167081 926189098 272182579 462589172 686342703 281496005 876120127 753407426 45033337 749192354 449367997
8
325310559 998350411 201538831 452526390 689697939 81796418 613818522 967820586
12
96615853 97684066 890588392 86934801 917036800 742431032 389285689 282402454 673848459 560788314 119160828 535127989
7
409276538 669325030 639230551 697552734 734733312 717899557 100988791
6
845212708 138037701 465626986 884057727 396867535 712890811
6
885188026 423054401 136491795 340498838 332777467 563043276