5 186
4 1 3
5 1 9
5 1 13
5 4 12
4 3 4
5 6 11
5 10 11
5 11 14
5 8 13
5 2 11
3 2 2
5 12 16
5 11 15
5 4 10
5 2 15
5 5 12
5 8 12
3 1 3
4 2 8
5 12 13
5 9 10
4 1 6
5 11 16
5 4 16
5 3 4
5 5 10
5 7 16
5 10 14
4 6 7
5 1 11
5 7 7
5 1 1
5 6 13
5 5 6
5 3 7
4 5 6
5 2 6
4 1 4
5 4 6
4 2 4
5 10 15
5 3 15
5 6 16
5 8 16
5 3 10
5 4 13
5 6 10
5 1 10
5 6 14
5 7 13
4 4 8
5 13 16
4 1 8
5 5 9
5 1 5
3 2 4
5 2 12
5 2 4
5 2 13
3 1 4
4 1 1
5 12 15
5 4 9
5 2 10
5 8 15
5 5 7
4 2 3
4 4 5
4 4 4
5 4 11
5 3 12
5 9 9
5 5 11
2 2 2
5 14 15
3 1 2
4 1 2
5 4 7
5 2 14
5 5 5
4 5 8
5 10 16
5 1 16
5 9 16
3 3 3
5 7 8
5 8 9
5 1 15
5 4 8
5 10 12
5 5 13
5 10 13
5 4 15
5 6 6
4 1 7
5 1 8
4 4 7
5 5 15
4 6 6
5 15 16
4 3 7
4 2 6
5 11 12
5 14 14
5 2 3
5 9 15
5 5 16
4 7 7
5 1 2
5 3 9
5 7 9
5 3 14
5 2 8
3 2 3
5 8 10
4 1 5
5 11 11
5 6 7
5 4 14
5 5 14
3 1 1
4 6 8
5 1 6
4 5 7
5 8 8
5 16 16
5 15 15
5 1 12
5 4 5
5 6 12
4 2 7
5 10 10
5 11 13
5 9 13
5 8 14
5 3 11
4 5 5
5 3 13
5 13 15
5 2 5
5 1 3
5 14 16
3 4 4
4 2 5
5 2 9
4 3 6
4 3 8
4 3 3
5 12 14
5 7 15
5 2 2
2 1 2
5 1 4
5 6 15
4 7 8
5 1 14
5 13 13
5 1 7
5 7 12
3 3 4
5 3 5
5 3 16
5 12 12
1 1 1
5 7 10
4 2 2
5 9 11
5 7 14
5 5 8
5 2 7
5 3 3
5 8 11
2 1 1
5 4 4
5 6 8
5 3 6
5 13 14
5 6 9
5 9 14
5 2 16
5 3 8
4 3 5
5 9 12
5 7 11
4 8 8
4 4 6