7 2794
5 2 14
7 42 60
7 23 44
6 24 24
7 24 45
7 49 56
7 18 47
7 13 45
4 1 5
7 33 47
7 7 43
7 9 46
7 3 49
7 44 63
7 25 39
7 6 45
7 53 58
7 23 34
7 23 53
5 11 14
7 25 42
5 2 13
7 28 36
7 9 14
7 44 47
7 3 19
7 17 46
7 53 57
6 26 28
6 27 28
7 12 62
7 30 34
7 1 63
7 32 45
7 38 51
7 26 55
3 3 4
7 22 36
7 10 59
5 3 4
3 2 4
7 13 64
7 34 59
7 1 62
7 9 61
7 5 34
7 12 38
7 10 27
5 14 15
7 3 58
7 12 56
7 23 55
6 6 30
7 14 47
7 11 22
7 14 21
6 3 25
7 28 59
7 8 18
7 49 59
7 40 63
7 25 58
7 47 59
7 28 46
6 3 11
7 26 59
7 18 58
7 46 62
7 4 46
7 10 11
7 35 62
7 1 34
7 46 47
7 1 56
6 13 17
7 63 63
6 13 20
7 8 25
7 11 26
7 5 5
7 33 61
7 32 51
7 10 43
6 18 30
7 9 62
6 12 25
6 23 28
7 12 40
7 46 57
7 46 51
7 27 64
7 9 59
7 6 35
7 7 60
6 10 19
7 15 19
7 10 57
7 11 47
7 8 41
7 20 43
6 19 28
6 15 32
7 20 50
7 11 45
6 12 24
7 55 59
7 47 64
7 4 59
7 2 34
7 20 38
7 44 62
7 38 61
7 11 54
6 13 29
6 27 27
7 52 53
6 1 27
6 6 32
7 32 43
7 14 15
5 5 14
7 9 11
7 4 62
7 32 53
6 6 7
7 19 46
7 5 51
7 17 30
7 43 62
7 14 22
7 32 46
7 2 59
7 25 49
7 20 25
7 28 32
7 4 7
7 43 64
5 9 13
7 9 35
7 16 54
7 29 35
6 3 17
7 22 44
7 32 36
7 32 61
7 32 47
5 1 12
7 19 24
7 13 19
7 1 3
7 7 41
6 17 18
7 13 32
7 43 57
7 46 64
6 19 32
7 20 30
7 47 58
6 4 30
7 39 41
6 14 30
7 46 55
7 3 15
7 4 53
5 1 8
7 4 25
7 62 64
7 17 33
7 48 64
5 1 11
7 14 23
7 25 40
7 35 56
6 15 19
7 9 30
7 13 42
7 13 56
7 30 36
7 28 55
7 38 57
7 58 59
7 4 32
7 7 56
7 4 15
7 3 29
7 37 55
7 23 52
7 10 22
6 1 22
7 5 40
7 9 17
6 5 19
6 1 2
7 20 56
7 39 59
7 34 57
7 37 41
7 30 38
7 31 48
7 20 36
7 28 62
6 11 14
6 11 28
6 4 21
6 22 27
7 24 26
7 11 33
7 40 45
7 4 48
7 39 50
7 2 63
7 1 39
7 25 55
7 26 54
7 25 53
7 4 44
6 2 2
7 28 48
7 42 42
6 4 18
7 15 24
7 38 43
5 2 10
6 8 24
6 9 24
7 17 27
6 21 29
7 4 37
6 19 29
5 9 12
7 18 35
7 34 51
7 17 40
7 8 22
7 4 4
7 18 20
7 35 57
7 15 56
7 57 59
7 5 56
1 1 1
7 10 62
7 29 56
6 20 32
6 13 19
6 18 32
7 32 58
7 11 27
6 21 25
6 1 3
7 18 37
6 12 31
7 36 54
7 31 40
7 1 53
7 21 24
7 12 17
7 33 45
6 7 22
6 15 18
7 1 12
6 10 20
7 34 62
7 22 63
7 46 58
7 19 42
7 39 48
7 28 39
7 3 17
7 23 24
6 2 24
7 1 45
7 4 19
6 4 27
7 17 26
6 2 5
7 5 48
7 18 62
7 44 57
4 3 6
7 14 33
7 13 40
7 26 30
7 10 38
6 3 8
7 14 43
6 9 25
7 25 50
7 16 62
7 16 19
6 7 31
7 58 58
7 49 49
6 5 12
7 59 60
6 6 11
7 39 57
7 57 63
7 9 18
7 22 55
7 19 50
6 10 28
7 23 42
7 11 12
7 19 36
7 31 42
7 9 54
7 21 51
7 45 58
7 17 60
7 25 44
7 2 46
7 53 56
7 15 29
7 19 45
7 10 39
7 12 37
6 24 29
7 14 32
7 27 48
7 26 46
6 1 21
7 29 51
7 6 17
7 19 49
7 38 46
5 5 8
7 41 53
7 56 56
7 32 57
6 11 20
6 5 18
7 9 27
7 7 49
6 5 21
7 9 52
7 27 35
7 1 52
7 40 48
7 10 35
7 50 58
7 11 24
7 26 60
7 50 61
7 48 59
6 1 15
5 3 11
7 7 25
6 4 17
6 8 28
7 1 28
7 24 41
7 4 28
6 24 31
7 4 47
7 21 45
7 33 39
7 5 22
7 11 42
4 3 8
7 34 41
7 14 37
7 38 50
7 3 46
7 44 50
7 37 46
7 10 33
7 5 6
7 4 12
7 23 30
7 5 45
7 25 41
7 6 57
7 13 27
7 8 56
7 7 53
7 24 28
7 1 51
7 1 6
6 9 21
7 22 33
7 1 61
6 21 23
4 2 3
7 6 14
7 17 55
7 40 42
7 10 32
7 35 63
6 15 23
7 17 52
7 9 45
5 11 11
6 24 28
7 2 45
7 27 57
5 3 7
7 49 63
7 6 44
7 4 57
6 2 23
6 11 24
7 4 60
7 11 53
7 2 36
7 35 38
6 26 29
7 17 64
7 46 54
7 45 52
7 23 27
7 36 41
6 17 26
7 34 42
6 29 29
7 13 24
7 31 31
7 10 53
6 14 14
7 12 12
7 24 35
7 19 22
6 27 30
7 2 27
6 3 19
7 1 49
7 2 21
7 10 58
7 6 20
7 8 12
7 42 59
7 14 54
7 33 59
7 4 20
3 3 3
7 7 36
7 45 55
7 23 51
6 1 17
6 14 16
7 25 32
6 12 18
7 26 43
6 2 16
6 5 15
7 14 18
7 5 26
7 14 58
7 15 42
6 16 29
7 20 51
5 3 13
6 23 25
7 48 62
4 7 8
7 6 64
7 5 36
7 6 56
3 2 2
7 29 54
7 14 39
7 7 13
4 2 8
7 30 33
7 20 48
6 31 31
7 12 46
7 43 43
7 32 42
7 21 50
7 22 62
6 7 26
7 17 43
7 28 45
5 2 12
7 3 62
7 39 55
7 2 56
7 5 55
7 27 63
6 7 11
7 23 39
7 22 28
7 52 61
7 2 40
6 9 13
6 12 20
6 18 26
7 33 54
7 8 14
7 50 59
7 15 34
6 8 9
7 14 16
7 41 41
7 61 61
7 20 58
6 2 12
7 8 28
7 30 51
7 31 57
6 1 13
7 22 40
7 17 32
7 31 61
7 25 28
7 19 19
7 15 17
7 13 22
6 1 8
7 8 17
6 6 12
4 3 7
7 45 63
7 1 46
7 32 41
6 4 15
7 34 58
7 8 33
7 27 29
7 16 33
6 7 13
7 17 35
7 14 34
7 19 26
4 4 5
7 25 54
7 45 59
7 1 24
7 12 25
7 18 54
7 14 24
7 22 32
6 18 22
7 4 16
7 21 61
7 9 15
6 20 21
6 20 25
7 5 29
7 13 46
7 39 58
6 7 7
7 7 18
6 4 12
7 13 48
7 12 15
7 44 58
6 2 8
6 21 22
7 22 34
7 31 46
7 2 54
6 14 29
6 6 20
6 12 22
7 37 48
7 15 15
7 15 22
7 2 37
7 11 18
5 9 11
6 11 30
6 20 28
7 37 61
7 15 45
7 41 45
7 38 47
7 46 52
7 10 12
7 26 35
7 11 23
7 26 38
7 10 46
7 32 35
6 9 16
7 38 59
7 52 64
7 43 59
7 44 45
7 37 54
7 11 21
6 4 25
6 5 8
7 3 31
7 36 48
7 2 5
6 7 9
7 7 44
7 44 48
6 5 23
6 30 30
6 11 26
6 4 4
7 43 55
7 35 50
7 31 59
7 43 63
7 5 38
7 24 34
7 43 50
7 1 59
7 42 50
7 25 48
7 12 18
7 15 43
7 6 51
6 6 16
7 3 32
7 25 61
6 2 32
6 6 8
7 29 29
7 14 52
7 7 31
7 29 52
7 31 50
7 59 62
6 10 21
7 1 8
6 13 14
7 35 39
5 8 15
7 33 55
7 18 22
6 13 31
7 34 35
7 13 52
7 6 28
7 51 54
5 5 13
7 6 62
7 38 63
7 16 17
7 35 43
7 10 55
7 17 29
7 57 58
6 6 15
7 22 51
5 2 6
7 22 52
7 9 58
7 12 53
7 22 58
7 27 41
5 9 9
7 21 33
7 47 56
7 31 37
5 1 2
6 30 31
7 24 30
6 17 17
7 16 40
7 41 56
7 6 6
7 15 25
7 23 37
6 28 32
6 17 27
6 1 28
7 6 60
7 2 24
6 20 29
7 1 23
6 1 31
7 14 63
6 4 13
6 2 7
7 36 53
7 26 44
7 8 36
7 15 41
7 9 41
7 20 29
5 10 15
6 19 22
7 5 35
7 1 25
7 6 10
6 7 18
7 24 60
7 13 36
7 20 39
6 28 29
7 12 64
7 12 29
7 20 28
7 15 47
7 1 22
7 54 64
7 6 43
7 21 41
7 28 57
5 1 16
7 46 56
5 3 16
7 9 64
7 40 41
6 11 22
7 15 60
7 2 42
7 15 23
7 49 52
7 27 51
7 38 55
6 20 24
3 1 3
7 9 37
7 16 30
7 23 46
7 34 39
7 35 36
3 2 3
7 2 22
7 22 45
5 5 9
7 4 5
6 7 21
7 16 23
7 7 54
6 10 32
6 9 32
7 55 64
7 2 8
7 44 56
7 18 21
7 4 54
6 5 5
7 1 54
7 31 44
6 10 26
7 13 39
7 5 19
7 45 45
7 37 45
4 5 6
7 61 64
7 26 37
7 55 63
7 29 59
7 24 48
5 1 4
7 39 63
7 20 47
6 11 31
7 23 38
7 21 22
7 26 36
6 19 27
7 20 23
7 6 25
7 19 20
5 2 15
6 3 31
7 3 44
5 1 1
7 11 14
6 2 29
7 3 40
7 9 33
7 1 38
7 34 46
7 63 64
7 46 49
7 50 54
7 31 51
7 32 55
7 27 39
7 13 63
7 6 59
7 24 27
7 26 58
7 49 57
7 23 43
6 24 32
7 32 63
7 8 44
7 10 63
7 5 60
7 18 25
7 58 64
7 28 56
7 19 56
7 25 43
7 22 42
7 15 21
7 35 55
7 2 31
5 11 16
6 19 25
6 4 8
6 15 24
7 31 52
5 4 15
7 20 20
7 10 15
7 24 56
6 16 23
6 2 31
7 54 62
7 39 62
7 19 33
7 15 18
7 12 52
7 30 60
6 21 21
7 9 29
7 41 42
6 13 26
7 40 47
7 8 51
7 16 31
7 44 64
7 11 41
7 33 64
7 11 44
7 17 38
7 34 36
7 2 53
6 13 18
7 11 49
5 4 14
7 43 44
7 53 59
6 8 8
7 26 62
7 12 31
7 39 61
7 17 17
7 23 50
6 3 21
7 41 62
7 11 61
7 13 51
7 13 30
6 12 14
6 29 32
7 26 32
6 6 18
7 31 35
7 40 64
7 25 27
5 9 10
7 31 39
6 20 26
7 1 30
7 18 19
6 24 25
7 17 39
7 2 10
5 13 14
7 27 34
7 17 37
6 18 31
7 6 39
7 5 12
6 24 27
7 21 63
4 6 6
7 9 12
7 37 63
7 20 34
6 20 31
4 1 1
6 10 24
7 41 59
7 53 64
7 15 57
7 22 30
7 3 56
7 42 58
7 7 15
7 4 24
7 31 47
7 19 53
7 31 58
7 16 32
7 6 18
7 7 47
6 11 13
6 3 24
7 3 7
7 8 62
7 5 39
7 5 54
7 2 3
7 1 17
7 62 62
7 47 48
6 3 18
7 42 48
7 10 45
7 38 39
7 31 38
6 25 26
7 40 58
7 17 41
7 1 16
7 28 47
7 52 63
5 2 16
6 9 30
6 23 24
7 41 50
7 43 46
7 15 48
7 35 37
6 2 10
7 6 21
7 29 31
7 13 13
6 5 11
6 10 22
7 14 55
7 41 64
7 30 59
7 13 29
7 10 36
7 7 40
7 1 43
7 30 40
7 12 30
7 30 37
7 13 25
7 21 64
7 21 40
7 16 27
7 25 56
7 17 49
5 4 11
7 12 20
7 1 36
6 22 24
7 39 40
7 15 62
7 36 45
7 6 30
7 13 28
7 23 36
7 42 52
7 19 27
7 7 32
7 7 61
7 36 64
7 35 47
7 51 63
7 42 62
5 13 15
7 53 60
7 55 56
5 5 16
7 42 45
7 13 44
7 14 20
7 8 32
7 10 40
6 4 6
7 15 53
7 6 26
5 13 16
7 13 41
7 7 59
7 4 34
7 36 56
7 37 62
6 9 23
7 44 54
7 18 41
6 25 30
7 17 48
6 11 32
7 24 50
7 21 27
6 15 30
7 29 58
7 12 45
7 17 25
7 2 57
7 20 21
7 12 48
7 4 35
5 12 13
7 7 46
7 6 19
6 1 23
7 38 62
7 19 25
7 32 49
6 1 11
7 20 31
7 4 45
7 47 51
7 30 46
7 10 30
7 41 55
7 1 40
7 52 58
7 11 43
7 46 46
7 35 35
7 8 57
7 30 58
6 21 30
7 24 53
7 7 29
7 18 36
7 11 16
6 12 17
7 41 51
7 32 59
7 14 59
7 55 58
7 60 62
7 19 38
7 42 61
7 55 62
7 14 44
7 55 61
7 4 14
6 16 27
7 39 52
7 8 42
7 29 46
5 2 11
7 34 53
6 13 32
5 1 3
6 14 22
7 9 40
7 30 62
6 16 26
7 26 48
7 60 61
7 3 3
6 2 14
4 1 7
7 28 37
7 17 53
7 34 45
7 9 36
7 11 62
7 25 63
6 26 30
7 7 34
6 14 26
7 42 49
6 21 32
7 8 31
7 5 43
5 2 2
7 14 14
7 21 31
7 40 40
6 17 20
6 22 25
7 16 48
7 12 32
7 29 47
7 38 48
6 27 32
7 33 50
7 7 14
7 37 42
6 14 27
7 6 61
7 19 30
7 25 60
7 16 39
5 8 14
7 10 51
6 4 19
6 2 17
7 54 61
5 10 13
7 56 62
7 19 21
7 25 46
7 9 47
7 41 46
6 14 18
7 8 38
7 2 64
7 42 51
7 15 51
7 1 13
6 8 11
7 36 61
7 19 39
7 20 52
5 3 3
7 49 54
7 16 59
6 5 6
7 6 8
6 3 9
7 2 20
6 26 31
7 20 44
7 26 52
7 27 40
7 6 55
7 22 48
7 29 53
7 29 37
7 45 57
6 16 20
7 20 63
7 53 63
7 53 55
7 24 46
7 13 23
7 58 62
7 5 64
7 43 45
6 17 19
7 21 44
7 46 59
6 1 16
7 32 64
6 3 6
7 17 58
6 2 30
6 8 25
7 58 60
7 18 46
4 6 7
7 43 53
7 8 50
6 2 13
7 34 56
7 12 55
7 37 39
7 20 24
7 43 60
7 48 61
5 2 4
7 14 17
6 5 10
7 4 61
5 10 14
6 25 25
7 41 49
7 30 43
6 4 20
7 7 64
5 2 5
7 25 33
7 12 39
6 21 28
7 35 51
7 30 56
7 16 56
6 6 26
7 41 60
7 56 58
7 8 35
4 2 4
7 8 52
6 4 31
7 27 30
7 50 60
7 2 29
4 4 7
7 9 51
7 27 56
7 19 63
7 8 27
7 10 54
7 3 14
7 13 55
7 37 56
7 43 51
6 29 31
7 22 38
6 31 32
7 3 38
7 10 24
7 37 47
7 3 50
7 16 41
7 23 23
7 36 58
7 2 51
7 42 43
7 6 37
7 15 39
7 1 9
7 4 31
7 6 7
7 4 56
7 40 49
6 3 12
7 29 49
7 11 58
7 5 53
7 39 47
6 8 21
7 12 59
7 40 59
7 33 41
7 15 27
7 48 56
7 12 51
7 14 27
7 16 63
7 31 53
7 3 16
7 18 53
7 1 19
6 24 26
7 11 36
7 54 54
7 30 54
7 29 45
7 13 62
7 50 50
6 17 21
7 29 38
7 45 54
7 23 31
6 20 22
7 37 38
4 1 4
7 5 31
5 2 3
7 1 26
7 22 39
7 21 34
6 9 18
7 9 42
7 10 31
7 21 49
7 39 60
7 51 59
7 18 24
6 7 30
7 24 32
7 9 25
7 3 30
6 4 22
7 44 44
7 4 8
7 37 51
7 19 35
7 26 31
7 14 56
7 28 38
7 7 35
6 1 20
6 17 25
7 22 41
6 8 31
7 36 38
7 2 33
7 16 44
7 40 57
5 8 13
7 10 37
7 8 11
7 2 39
7 26 33
7 36 39
7 34 60
6 17 23
6 6 23
6 25 28
7 5 17
6 11 21
7 6 36
7 2 18
7 18 45
5 7 7
7 7 63
7 38 42
5 7 9
7 37 59
7 17 31
7 42 63
7 32 34
5 5 5
7 13 60
7 15 58
6 15 20
6 6 31
7 13 57
7 13 33
5 1 7
7 6 31
7 18 38
7 34 54
7 46 48
2 1 2
7 35 58
7 6 32
7 7 55
7 40 55
6 5 20
6 10 23
7 19 47
5 7 10
7 35 64
7 15 38
7 26 29
7 7 10
7 14 40
7 29 61
7 25 38
7 24 31
7 60 63
7 15 37
7 4 18
5 6 12
7 14 49
7 15 30
5 8 9
7 27 44
6 16 28
7 21 42
6 18 19
7 22 64
7 3 39
5 6 13
7 31 43
7 24 42
7 57 62
7 17 23
6 30 32
7 11 37
7 29 63
5 7 8
7 12 33
7 7 7
7 21 60
7 4 26
7 17 47
7 29 50
7 9 31
6 14 32
7 5 14
7 22 26
7 5 15
7 7 21
7 2 15
7 38 38
7 54 55
7 49 61
7 24 49
6 9 15
7 7 19
7 9 20
7 16 36
6 4 10
6 22 29
7 8 34
7 44 60
6 5 25
7 24 24
7 16 37
7 45 64
7 3 53
7 23 47
7 23 25
6 15 25
7 22 50
6 23 23
7 29 34
7 18 18
7 14 53
7 2 4
7 26 51
7 26 40
5 3 14
6 3 10
7 18 59
7 36 40
7 2 49
7 57 60
7 39 42
7 7 30
7 25 52
7 20 32
7 12 13
7 5 20
7 16 20
7 22 23
6 21 24
7 27 53
7 27 47
7 10 64
7 2 58
7 19 48
7 2 16
7 33 33
7 33 40
7 24 37
7 50 51
5 1 5
6 17 30
7 14 61
7 18 32
7 2 19
6 16 30
7 54 60
7 13 26
7 25 25
6 19 26
7 17 62
7 7 11
7 10 18
7 20 41
7 10 16
7 59 63
6 25 27
7 21 59
7 7 28
6 18 18
7 5 11
7 34 50
7 43 49
7 41 52
5 3 15
6 2 21
6 3 32
7 38 40
5 3 6
6 1 32
6 11 17
6 17 31
7 16 49
7 29 44
7 10 10
7 18 42
6 23 30
7 20 64
7 3 64
7 50 62
5 8 11
7 31 45
7 21 48
7 17 20
5 5 15
7 7 8
7 11 13
7 27 52
7 24 36
6 3 7
7 31 55
7 9 39
7 27 50
5 16 16
6 12 12
5 4 10
7 1 11
7 18 23
7 38 41
7 4 22
7 9 56
7 13 38
7 18 40
7 52 59
7 1 29
7 3 42
7 15 44
7 5 58
7 2 48
7 17 61
6 7 32
7 44 52
7 18 50
7 24 64
6 13 25
7 26 27
6 8 15
7 1 27
7 34 34
7 41 61
7 13 59
7 33 44
7 35 61
7 33 60
7 31 36
7 49 50
7 2 50
7 27 38
7 31 54
7 5 47
6 1 30
6 9 14
7 32 32
7 42 57
7 6 53
7 12 50
7 6 34
7 5 28
7 53 62
6 15 26
6 6 17
7 10 13
4 1 3
7 9 63
7 28 42
7 45 46
7 7 26
7 12 27
7 10 14
7 24 54
6 12 13
7 15 63
6 3 5
7 48 55
7 8 21
7 6 63
7 17 24
7 2 32
4 4 8
6 12 30
7 39 54
7 6 23
7 8 53
6 15 31
7 10 17
7 25 62
6 19 23
4 6 8
7 8 46
7 28 40
7 9 16
7 5 8
6 2 11
7 19 52
7 18 26
7 33 57
7 2 43
7 14 29
7 7 62
6 5 22
7 2 41
7 52 60
7 17 44
6 16 25
7 22 24
7 43 52
7 45 48
7 6 16
7 51 56
5 1 6
7 8 45
5 1 15
7 23 41
7 36 60
7 28 60
6 18 25
7 16 43
7 9 13
6 6 14
7 35 40
7 12 28
7 30 55
6 19 30
6 1 4
7 2 12
7 18 60
7 46 63
7 18 55
7 6 33
5 6 9
7 45 60
7 41 47
7 14 38
7 20 59
7 16 38
7 60 64
7 56 61
5 2 7
7 58 63
7 1 21
6 2 22
7 34 55
7 15 54
7 34 64
7 4 9
7 10 60
7 30 31
5 6 14
6 5 28
6 4 7
7 11 29
6 5 26
7 3 9
6 8 27
7 18 34
7 12 14
7 50 56
7 31 56
5 4 13
7 8 61
5 7 15
7 53 54
7 18 44
7 6 15
7 11 48
7 14 45
7 9 60
7 41 48
7 32 54
5 1 13
6 15 22
5 14 16
7 38 56
4 2 7
6 8 12
7 50 52
7 30 35
7 49 55
7 1 50
7 21 58
5 10 12
7 37 37
6 10 17
7 1 7
7 23 48
6 1 12
7 6 48
7 23 61
7 44 51
7 3 36
7 44 55
7 3 21
5 5 12
6 4 9
7 8 39
7 26 61
5 6 10
7 50 53
7 8 63
7 2 2
2 2 2
7 4 11
7 24 51
7 40 43
5 7 11
7 11 55
7 20 35
7 33 58
7 36 57
7 39 44
7 31 63
7 35 42
7 9 38
7 2 35
7 45 62
7 24 43
7 45 56
7 16 25
7 2 25
7 16 53
7 50 63
5 10 16
7 22 47
7 49 51
7 14 25
6 19 21
6 9 27
7 36 42
6 22 30
7 13 18
7 8 37
6 10 18
7 18 39
7 38 64
6 13 15
7 17 63
7 21 39
6 14 31
7 9 10
6 2 20
5 7 14
7 10 47
7 20 49
7 12 21
7 19 64
7 12 16
7 14 36
6 3 16
7 23 29
6 13 27
7 43 54
7 24 44
7 5 63
7 21 46
5 1 14
6 3 27
7 26 57
7 27 55
7 6 11
7 5 18
7 5 23
7 1 1
6 7 28
7 37 64
6 5 24
5 11 15
6 7 20
7 17 28
6 5 32
7 2 55
7 12 49
7 29 62
7 16 42
7 21 21
6 1 10
7 29 41
6 7 24
7 1 18
6 11 15
7 20 45
7 5 46
6 10 13
7 33 52
7 25 37
7 29 39
7 16 26
7 22 61
6 5 7
6 16 31
6 27 31
7 31 49
7 30 61
7 13 49
7 44 49
6 21 27
7 21 38
7 51 53
7 6 38
7 26 41
6 2 3
7 20 42
7 48 60
7 2 9
7 3 18
7 11 31
7 7 45
6 14 15
6 6 6
6 8 20
7 8 19
6 13 13
7 26 50
5 4 12
7 15 50
5 11 12
7 52 57
7 3 59
7 13 54
7 52 52
5 4 8
7 18 28
7 35 46
7 4 51
7 25 36
6 13 16
7 6 52
5 6 8
7 5 62
6 11 29
7 40 46
7 26 49
7 7 23
7 51 60
7 2 61
7 16 52
7 64 64
7 1 41
7 37 44
7 37 58
7 2 52
6 7 29
7 27 42
5 1 9
6 7 12
7 30 49
7 23 64
6 17 32
6 9 29
7 25 59
7 33 46
7 48 51
7 13 20
6 16 24
6 3 23
6 10 31
7 27 45
7 4 36
6 25 32
7 33 56
7 19 62
7 5 16
7 29 40
7 6 50
7 56 64
7 31 33
5 3 10
7 14 35
7 1 31
7 48 50
7 4 50
6 18 27
7 21 28
7 27 32
7 2 30
6 7 10
7 3 23
7 16 46
7 59 61
7 5 37
7 42 44
5 5 10
7 12 42
7 8 58
3 1 4
6 3 29
7 44 61
7 22 49
7 6 22
7 62 63
6 7 16
7 48 54
7 5 13
7 7 42
7 16 45
7 1 32
7 15 64
6 6 27
6 10 16
7 33 51
6 7 25
7 28 49
5 9 16
7 30 48
7 52 56
7 3 61
7 33 38
7 1 44
6 1 1
7 19 40
6 1 9
7 7 37
7 32 52
6 12 15
7 49 60
7 20 26
6 3 14
7 28 34
6 9 28
7 26 26
7 4 41
7 18 30
7 35 54
6 20 23
7 27 61
6 12 19
6 6 24
7 49 62
7 24 38
7 49 58
6 13 21
7 9 50
7 22 22
6 9 10
7 3 5
7 9 44
7 1 14
7 13 14
7 2 38
7 14 30
7 22 59
7 4 43
7 39 49
7 14 51
7 28 35
7 27 54
7 11 46
7 49 53
7 27 60
7 44 46
7 21 47
7 58 61
7 45 49
7 23 28
7 4 38
7 7 20
7 7 58
7 35 48
7 9 53
6 1 29
7 38 52
7 24 25
6 8 13
7 3 52
6 25 29
7 34 47
7 33 63
7 32 60
7 1 5
6 7 27
7 15 31
7 12 43
7 41 43
5 13 13
7 4 33
7 3 4
7 40 62
6 1 6
7 34 43
7 32 40
5 6 7
7 18 31
7 27 28
7 8 60
6 15 29
7 19 29
6 15 17
7 28 53
7 20 53
7 11 59
7 29 57
7 60 60
3 1 1
2 1 1
7 7 39
7 19 23
7 6 27
4 3 4
7 3 33
6 7 23
7 43 48
7 12 22
7 4 10
7 16 21
6 18 24
7 1 37
7 25 47
7 15 55
7 6 42
7 12 47
7 46 61
7 4 17
6 17 24
6 10 15
7 34 61
6 24 30
7 37 57
7 35 45
7 18 57
7 10 19
7 29 30
7 39 45
7 55 60
6 12 23
5 3 5
7 22 29
7 10 42
6 29 30
7 45 53
7 29 42
7 47 47
7 15 33
7 16 24
7 36 49
7 24 63
7 30 63
7 18 49
7 11 40
6 10 12
7 19 60
7 31 41
7 4 55
4 1 6
7 25 34
6 4 14
7 10 50
7 17 45
6 12 26
7 11 51
7 47 53
5 4 16
7 24 33
7 11 34
7 47 61
7 35 60
6 6 19
7 54 63
7 6 46
7 12 54
6 6 10
6 9 17
5 4 4
6 2 4
7 7 22
7 15 40
6 3 13
7 9 28
7 5 9
6 10 14
6 10 11
7 13 34
7 9 9
7 10 41
7 36 62
7 8 30
7 14 50
7 32 62
7 8 43
7 32 48
5 10 11
6 8 10
7 4 49
7 26 42
7 28 51
7 15 28
7 23 35
7 8 54
7 22 43
6 9 11
7 38 49
5 6 11
7 10 29
7 43 61
7 20 33
7 33 48
7 3 12
7 6 12
6 11 23
6 1 5
7 3 47
5 8 10
7 18 48
7 46 53
6 11 12
5 7 12
7 18 63
7 11 20
7 61 62
7 27 62
7 4 6
6 11 16
7 4 40
7 47 54
7 29 55
7 56 60
7 29 64
6 16 22
5 3 8
7 43 58
7 24 59
6 14 23
7 4 58
7 29 43
6 3 30
6 10 10
7 17 22
7 41 54
7 4 64
7 36 50
7 42 54
7 16 16
7 23 62
7 11 52
7 39 64
4 8 8
7 7 9
7 4 30
7 30 32
7 48 52
7 18 29
7 5 30
7 42 53
7 16 35
7 35 53
5 12 12
7 16 60
7 27 49
7 2 28
6 11 11
7 26 28
7 15 52
7 2 11
7 41 57
7 59 64
7 30 50
6 28 31
6 2 27
7 25 57
7 30 30
6 5 13
6 16 32
7 9 57
7 3 60
7 9 26
7 37 53
7 34 52
7 3 8
7 7 27
7 22 56
7 29 36
7 1 64
7 37 43
7 30 52
7 14 46
7 23 40
7 14 64
7 4 21
7 47 57
7 37 40
7 22 54
7 16 22
7 40 50
6 3 28
7 19 43
7 37 50
7 28 58
7 13 37
7 10 61
7 19 44
6 8 16
5 12 15
7 3 10
6 4 28
7 16 51
7 30 53
7 18 52
7 5 50
7 22 46
7 20 54
7 18 64
7 3 48
7 7 50
6 3 26
7 26 64
7 20 60
7 15 32
7 23 49
7 15 16
7 19 58
7 34 44
7 2 17
6 12 29
7 34 63
6 32 32
7 35 49
7 21 43
6 19 24
6 8 29
5 5 7
7 12 58
7 25 51
4 1 8
7 27 33
7 39 46
6 4 5
7 25 31
7 17 57
6 15 27
7 34 48
7 10 20
7 42 64
7 16 61
7 13 43
7 14 31
7 11 17
6 28 30
7 3 13
6 19 19
7 17 36
7 10 49
7 20 55
6 4 23
7 36 47
7 9 23
7 2 14
7 35 41
4 3 3
7 13 15
7 28 43
7 27 43
7 3 43
6 5 27
7 52 54
7 15 20
6 23 31
7 8 23
6 11 19
6 8 22
7 12 63
7 5 42
7 14 28
7 11 50
7 2 26
7 24 55
6 18 28
6 26 27
7 6 58
7 21 55
7 14 19
7 17 19
7 36 37
5 11 13
7 21 23
7 5 41
6 15 21
7 19 59
5 3 9
5 8 8
7 21 53
7 28 41
7 29 32
7 51 61
7 53 61
7 3 35
5 4 7
7 40 51
5 2 8
6 16 16
7 7 52
7 15 61
7 43 47
7 17 56
7 31 62
7 9 22
7 6 47
7 11 11
5 7 16
7 3 63
7 32 39
6 13 23
7 57 57
7 2 62
7 11 32
6 8 30
7 13 47
7 4 42
5 1 10
7 44 53
7 4 27
7 10 44
7 5 33
7 5 44
7 30 47
7 17 50
6 17 22
3 4 4
6 6 13
7 28 28
7 6 40
7 10 25
7 12 35
6 14 28
7 1 33
7 48 57
7 10 56
7 8 40
6 6 9
7 21 54
7 17 42
7 23 58
7 23 59
7 3 34
7 13 35
5 3 12
5 4 9
6 22 28
7 7 33
6 8 14
7 14 42
7 37 52
6 23 29
7 9 48
7 38 53
7 1 58
7 45 50
7 15 35
5 9 14
6 2 25
7 30 64
7 12 61
6 14 17
7 22 37
7 8 59
7 18 27
7 40 56
6 14 19
4 2 2
7 19 51
7 47 49
7 28 61
6 22 23
7 32 37
7 23 45
7 38 54
6 26 32
7 20 62
7 5 27
5 4 5
7 36 46
4 2 5
7 19 55
7 1 20
7 54 57
6 12 21
7 48 63
6 4 26
7 34 38
7 36 36
7 14 62
7 20 46
7 10 48
6 3 3
7 28 52
7 5 49
3 1 2
7 22 35
7 27 46
7 26 56
6 2 6
7 12 60
7 57 61
7 7 57
6 18 29
7 43 56
7 36 44
7 19 31
7 8 26
7 13 17
7 12 41
6 12 27
7 11 64
6 16 19
7 16 29
4 1 2
7 2 23
7 8 55
7 25 26
7 9 21
7 25 35
6 7 8
7 45 61
7 6 49
7 29 60
7 14 60
7 46 60
7 33 36
7 21 25
7 22 53
7 36 63
7 28 63
7 4 23
7 25 29
7 47 52
7 23 32
7 33 49
7 29 48
7 22 31
7 24 29
7 50 64
7 36 51
7 22 57
7 37 49
7 1 15
6 4 29
7 34 49
7 24 57
7 4 39
7 1 47
4 5 5
7 2 44
7 26 53
6 15 16
7 10 28
7 8 24
6 2 18
7 26 39
5 14 14
6 10 29
7 24 40
7 21 36
7 1 2
7 7 51
7 40 60
6 9 22
7 24 62
7 55 57
7 10 26
7 33 34
7 8 16
7 1 4
7 15 59
7 10 52
7 30 41
6 11 18
7 32 44
6 2 26
7 16 64
7 40 53
7 18 43
7 14 57
7 8 48
7 3 41
7 6 41
7 9 43
5 5 11
6 9 9
7 9 34
6 9 20
6 7 15
7 36 52
7 42 47
7 5 52
7 31 60
7 8 8
7 5 21
7 39 56
7 54 56
5 8 16
7 19 37
5 6 16
7 11 39
7 5 32
6 21 26
7 1 55
7 48 48
7 35 52
7 19 41
5 6 15
7 51 62
7 4 13
7 26 45
6 1 25
7 11 38
5 4 6
7 23 56
6 15 28
7 8 20
7 47 50
7 14 41
7 25 30
7 5 61
7 13 31
7 47 60
7 23 60
7 56 57
7 3 20
6 6 22
4 2 6
4 5 8
7 23 57
7 51 52
7 4 63
7 3 25
7 5 59
6 1 7
7 52 62
7 42 56
7 45 51
7 54 58
6 19 31
7 31 32
7 12 24
7 42 55
6 1 19
7 27 31
6 20 20
7 38 60
5 8 12
6 14 21
6 5 31
7 22 60
6 2 28
7 25 64
4 3 5
5 15 16
7 55 55
6 14 20
7 14 26
7 22 27
6 14 25
7 47 63
7 2 47
7 21 26
7 18 33
7 51 51
7 39 39
7 6 9
7 16 57
5 7 13
7 37 60
7 9 55
7 27 58
7 28 33
7 10 21
6 8 23
7 38 58
7 20 40
7 33 42
7 27 27
7 11 15
6 1 24
6 22 26
7 35 59
7 21 30
6 4 24
7 32 38
7 11 25
7 51 58
6 23 27
7 25 45
7 28 50
7 40 44
7 3 26
6 17 29
7 16 55
7 18 51
7 23 54
6 4 11
7 6 29
7 21 56
6 13 30
7 18 56
7 5 57
7 59 59
6 23 32
7 23 26
7 54 59
6 10 25
7 33 43
6 22 31
7 3 57
7 28 29
7 3 54
7 41 58
7 13 21
7 8 29
7 7 38
7 27 37
7 11 30
6 8 19
7 17 34
7 13 50
7 40 52
7 39 53
7 21 62
6 6 25
7 3 24
7 56 59
7 6 13
7 44 59
7 1 42
7 6 24
6 13 24
6 16 17
6 15 15
7 3 11
7 12 34
5 5 6
7 8 13
7 20 22
6 7 14
6 9 26
7 33 62
7 20 37
6 22 32
7 7 12
7 21 29
7 3 27
7 22 25
7 3 6
7 5 7
7 16 58
7 23 33
6 8 17
7 8 64
7 48 49
7 14 48
7 29 33
6 11 25
7 17 54
7 17 51
7 15 26
7 11 28
7 28 31
7 7 48
7 40 54
6 8 32
6 5 17
7 15 49
7 51 57
5 12 14
7 17 59
7 27 36
5 9 15
6 25 31
7 31 34
7 12 23
6 21 31
7 13 58
7 36 55
7 9 49
7 20 57
6 12 16
7 19 32
6 23 26
7 36 43
7 2 60
7 40 61
7 32 56
7 30 39
7 28 30
7 3 22
7 20 61
7 21 32
6 13 28
7 24 58
6 1 14
7 39 43
7 1 48
7 3 45
7 30 45
6 3 22
7 19 57
6 14 24
7 12 57
7 13 16
5 15 15
6 2 9
7 26 34
7 11 63
7 1 10
7 41 63
7 8 15
7 17 18
7 10 23
7 33 35
6 11 27
7 24 52
7 9 19
7 15 36
7 53 53
7 13 53
7 20 27
7 24 39
7 12 36
7 57 64
7 51 55
7 15 46
7 35 44
7 17 21
6 17 28
6 18 21
7 1 60
7 3 28
7 36 59
6 5 14
7 21 52
7 8 9
7 51 64
7 19 54
6 4 32
7 19 28
6 8 18
7 11 57
7 38 45
7 16 28
6 22 22
5 10 10
7 6 54
6 12 32
7 2 6
7 11 19
6 1 26
7 26 47
6 4 16
6 2 19
6 3 4
7 7 24
7 30 44
7 12 19
7 42 46
7 32 33
7 61 63
7 8 47
7 50 57
7 24 47
7 11 60
7 47 62
6 26 26
6 28 28
7 16 34
6 6 21
7 56 63
7 8 49
7 52 55
7 39 51
7 7 16
7 49 64
6 9 12
7 26 63
6 19 20
6 27 29
7 24 61
6 7 19
7 47 55
7 11 35
6 3 15
7 33 37
6 10 27
6 12 28
7 28 54
7 48 53
7 21 35
4 4 6
6 16 21
6 18 20
7 5 10
6 1 18
6 6 28
7 16 47
6 16 18
6 13 22
6 8 26
7 41 44
7 19 34
7 30 57
7 48 58
7 31 64
7 1 57
7 33 53
7 23 63
7 2 13
7 19 61
7 3 37
7 16 50
7 46 50
6 9 31
6 20 27
6 5 9
7 45 47
7 50 55
7 4 29
7 21 57
5 6 6
7 28 44
7 4 52
6 3 20
6 6 29
7 11 56
7 30 42
7 16 18
7 8 10
7 9 24
7 18 61
6 7 17
5 12 16
7 7 17
6 2 15
7 12 26
7 3 55
7 1 35
6 10 30
7 34 40
7 28 64
7 5 24
7 5 25
6 18 23
4 7 7
6 5 16
6 9 19
7 34 37
7 9 32
7 2 7
7 27 59
7 21 37
7 10 34
7 12 44
7 38 44
6 5 29
6 20 30
7 13 61
7 32 50
4 4 4
7 3 51
5 2 9
4 5 7
6 5 30