6 714
6 13 14
6 18 22
5 10 11
6 6 20
6 5 6
5 1 14
5 2 5
5 2 4
5 6 8
6 13 26
6 21 22
6 2 19
6 22 30
6 4 29
6 2 21
5 3 16
5 6 9
3 3 4
5 1 16
6 6 19
6 27 30
6 5 20
5 6 15
6 18 25
5 4 14
5 9 13
6 2 7
6 15 26
1 1 1
6 27 28
5 6 14
6 8 24
6 21 23
6 21 32
6 25 27
6 4 5
6 15 28
6 6 22
6 14 16
6 19 26
6 1 26
6 4 28
6 18 23
6 21 31
6 11 19
5 10 14
5 4 10
5 2 3
6 9 31
6 9 11
5 5 11
5 9 11
6 17 26
6 7 8
5 15 15
6 9 17
5 11 12
5 3 5
6 14 26
6 5 28
6 8 11
6 3 15
5 5 5
6 28 28
6 19 20
6 9 20
6 12 17
6 17 32
6 30 32
6 26 32
5 1 4
6 18 29
2 1 1
6 8 21
6 14 18
5 5 13
5 15 16
5 12 16
6 1 6
6 22 24
5 9 16
6 8 28
6 1 3
6 17 25
5 5 7
6 9 22
6 16 25
6 5 23
6 10 14
5 2 15
6 11 17
6 11 20
6 27 31
6 20 20
6 14 22
6 7 22
6 25 32
6 3 3
6 5 16
6 13 19
6 18 28
6 16 20
6 1 14
6 6 23
6 8 8
4 5 6
5 2 9
6 12 27
5 5 12
6 9 9
6 8 31
5 1 10
6 8 25
6 9 10
6 3 11
6 4 11
3 2 4
6 1 29
6 14 24
6 6 29
6 5 29
6 8 26
6 17 17
6 6 17
6 5 22
5 3 4
6 13 24
6 19 31
6 11 25
6 1 20
5 7 13
4 4 4
6 18 32
6 25 28
5 1 1
5 2 2
6 6 6
6 12 28
6 8 29
6 9 16
4 5 7
6 15 30
6 1 10
6 3 23
5 3 6
5 5 10
5 12 13
6 4 30
6 2 6
6 13 28
6 10 13
6 27 27
6 9 27
6 3 27
6 8 17
6 10 16
4 1 1
6 21 28
6 3 22
4 2 5
5 1 6
5 11 14
5 7 12
6 16 24
6 16 22
4 4 6
6 11 11
6 14 21
6 6 15
3 2 2
5 1 2
6 14 25
6 5 9
6 23 29
6 13 20
6 2 2
6 31 31
6 20 27
5 13 13
6 10 17
6 7 12
6 21 24
6 13 25
5 8 11
4 5 8
6 9 12
5 1 13
6 21 26
6 20 23
6 22 31
6 3 21
6 11 14
6 3 25
6 26 28
5 13 14
5 9 10
6 20 21
6 10 25
6 9 30
5 4 15
4 6 7
6 1 24
6 1 31
4 1 3
6 3 16
6 1 5
5 6 7
6 3 7
6 15 31
6 4 4
6 3 29
6 13 15
6 16 23
6 10 18
4 4 7
6 11 16
6 22 22
5 12 12
6 19 19
5 7 7
5 11 15
6 16 17
5 12 14
6 2 5
5 3 9
6 7 21
4 3 8
6 2 29
5 6 13
6 1 15
6 4 9
6 27 29
4 2 3
6 7 32
6 7 30
6 17 22
5 3 10
6 5 11
6 5 14
6 6 12
6 18 19
6 28 30
6 3 13
6 2 12
6 6 26
6 15 25
6 10 11
5 4 13
6 26 30
6 20 32
5 11 13
5 11 11
6 9 23
5 1 12
5 4 16
6 4 16
6 22 25
6 5 17
6 3 17
6 32 32
4 1 5
6 22 32
6 15 29
6 20 22
6 6 13
5 2 11
4 6 8
5 11 16
6 4 23
6 31 32
6 23 23
6 6 8
6 2 14
6 13 23
6 6 30
6 5 15
5 8 13
6 7 16
6 1 11
6 11 24
6 19 32
6 18 21
6 1 28
6 30 30
6 4 27
5 8 16
6 13 27
4 3 3
6 12 26
6 18 20
6 4 13
6 5 12
6 14 28
6 2 20
5 3 12
6 4 26
6 17 23
6 8 23
4 3 7
6 2 10
6 10 27
6 2 11
6 10 10
6 8 9
5 4 6
5 10 13
5 3 11
3 3 3
6 23 24
5 4 7
6 13 22
6 9 24
2 1 2
6 9 18
5 10 10
5 10 15
6 8 14
6 6 16
6 19 30
6 22 28
6 7 29
6 5 26
6 11 32
5 1 9
6 25 25
6 7 19
6 9 15
6 18 26
6 19 23
6 7 25
6 26 26
6 5 7
6 3 30
6 24 25
6 15 27
5 8 12
6 4 24
6 7 11
6 6 31
5 9 15
6 3 32
6 10 12
6 1 7
6 3 28
6 3 31
6 29 30
6 1 17
6 5 27
6 18 30
6 12 12
6 14 31
3 1 3
6 26 29
5 8 15
5 10 12
5 3 7
6 1 4
6 3 10
6 3 14
4 8 8
3 2 3
6 12 19
6 11 23
6 24 26
6 2 27
6 14 17
6 8 30
5 16 16
6 5 32
6 1 21
6 20 25
6 9 28
6 8 27
6 1 25
6 8 16
6 20 24
6 11 30
6 3 20
6 12 18
5 2 14
6 17 18
6 5 24
6 16 31
4 7 7
6 14 15
4 2 7
6 11 15
6 19 25
6 22 26
6 7 20
6 13 16
6 11 21
6 23 25
6 9 32
6 1 1
6 11 27
6 20 26
6 11 26
6 2 31
6 18 27
6 8 15
5 9 9
6 1 16
6 10 31
3 4 4
6 6 11
4 2 8
6 4 14
6 2 18
5 8 10
6 10 15
6 16 27
6 10 30
6 2 15
6 14 30
6 4 32
6 12 23
6 3 8
6 12 15
6 25 31
6 5 25
6 23 32
3 1 4
6 13 21
6 5 13
6 7 28
5 4 12
5 6 10
6 25 26
6 8 13
5 6 16
5 8 9
5 6 12
5 8 14
6 21 27
6 16 16
5 2 8
6 14 27
6 6 25
6 5 8
6 10 19
6 6 10
6 1 8
5 2 12
5 7 15
6 20 28
6 21 29
6 15 17
6 3 24
6 20 31
6 22 27
6 1 23
6 13 31
6 12 16
6 16 32
6 10 21
6 21 21
6 6 7
5 3 14
4 3 4
6 12 24
5 3 13
6 7 27
6 9 25
6 10 32
6 23 28
5 7 9
6 2 24
6 2 4
6 13 18
6 7 23
6 24 30
6 17 29
5 14 15
6 8 32
6 24 28
6 6 24
6 4 19
6 5 10
6 7 9
6 11 31
6 24 32
6 30 31
6 4 17
6 14 19
6 4 12
6 8 19
5 1 8
6 12 31
6 12 14
6 11 18
6 17 24
6 9 29
4 4 8
6 23 26
5 2 16
5 2 10
6 29 31
4 1 2
6 10 20
6 15 16
5 4 8
6 15 32
6 15 24
6 14 23
6 15 15
6 19 22
5 6 11
3 1 2
4 7 8
5 4 11
5 2 6
6 3 5
3 1 1
5 7 10
6 6 9
6 1 27
6 28 32
6 2 23
6 19 24
6 12 30
5 5 16
6 10 24
6 11 22
6 4 10
6 2 22
6 22 29
6 4 20
6 1 32
5 7 16
5 3 15
6 15 21
5 5 15
6 12 29
6 14 29
6 7 31
6 9 19
6 3 19
6 12 22
6 1 30
6 28 31
6 10 26
6 8 12
4 2 4
5 1 15
6 23 30
6 3 4
6 15 19
6 4 25
6 1 18
6 6 18
6 5 21
6 6 21
6 17 21
6 4 8
6 13 30
6 10 28
5 10 16
4 5 5
5 7 11
6 7 17
6 19 28
6 4 6
6 3 9
6 4 22
6 26 31
6 2 13
5 4 9
6 5 19
6 16 21
6 15 23
6 5 31
6 16 28
6 20 29
5 8 8
6 6 27
6 2 32
6 28 29
6 16 29
6 24 31
6 15 20
6 13 13
4 1 7
5 7 8
6 20 30
5 4 4
6 4 15
5 6 6
5 1 11
6 17 20
5 5 14
6 1 19
6 17 28
6 11 28
6 12 32
4 4 5
6 7 14
6 17 19
6 12 20
6 16 26
6 2 25
6 18 18
6 5 30
5 14 16
6 18 31
6 12 25
4 1 4
6 23 31
6 8 20
6 7 18
6 17 31
6 4 31
6 2 16
4 2 2
6 10 23
6 19 27
6 2 9
6 1 22
6 4 7
6 21 25
6 1 13
5 4 5
6 3 6
6 11 13
6 14 32
6 24 24
5 12 15
5 3 8
6 15 18
6 17 30
6 12 13
5 1 5
6 13 29
5 14 14
5 5 8
5 5 6
4 1 6
6 7 15
6 24 27
6 4 18
6 3 12
6 6 32
6 2 17
5 9 14
6 19 29
6 8 22
6 26 27
6 17 27
5 2 7
6 2 3
6 22 23
6 24 29
6 25 30
4 3 6
6 29 29
6 10 29
6 3 18
6 16 30
5 5 9
5 1 3
5 3 3
6 16 19
6 11 29
6 11 12
6 27 32
5 9 12
6 8 10
6 2 26
6 15 22
5 2 13
6 19 21
6 14 14
6 6 28
6 1 9
6 6 14
4 2 6
6 25 29
6 2 28
5 7 14
5 13 16
4 3 5
6 2 30
6 5 5
6 8 18
4 1 8
6 9 14
6 7 7
6 29 32
6 18 24
6 2 8
2 2 2
6 12 21
6 7 10
6 4 21
6 23 27
6 14 20
6 9 13
6 5 18
6 7 26
6 1 12
6 13 17
4 6 6
5 1 7
6 10 22
6 9 21
6 9 26
6 7 24
6 1 2
6 7 13
5 13 15
6 3 26
6 16 18
6 13 32
6 21 30