8 11050
8 48 128
8 39 64
8 38 57
8 17 25
8 6 116
8 81 110
8 38 115
8 62 92
7 30 46
8 65 82
8 52 88
7 25 31
8 43 113
7 7 12
8 1 46
7 24 31
8 48 62
8 83 124
8 103 110
7 7 21
8 31 72
6 1 9
8 13 40
8 66 85
8 84 103
8 59 118
7 13 19
8 13 56
8 27 117
8 77 86
8 13 118
8 18 72
8 9 21
8 36 38
7 48 52
8 24 33
7 6 14
8 69 123
8 34 49
7 3 9
8 14 70
8 16 26
8 75 121
8 9 128
8 46 124
8 20 91
8 45 98
8 37 52
8 59 62
8 63 93
8 43 83
8 3 119
8 79 125
7 22 52
8 32 51
7 40 61
8 21 31
6 8 15
6 26 32
8 57 109
8 45 81
8 6 77
8 25 67
7 25 42
7 24 56
8 81 109
8 57 84
7 1 45
8 16 59
8 60 78
8 54 116
7 36 61
8 11 66
8 53 100
8 16 20
7 14 46
8 24 70
8 38 117
8 28 67
8 65 66
7 14 24
8 4 43
7 10 42
8 13 120
8 81 86
8 66 96
8 70 100
8 6 112
8 2 61
8 62 108
7 41 51
8 32 33
7 23 26
8 42 58
8 9 38
8 4 15
8 22 72
8 11 107
8 31 76
8 15 114
8 44 88
8 54 89
8 120 121
8 66 93
8 13 70
7 56 62
7 33 44
8 90 121
6 22 25
8 48 117
8 32 41
7 34 35
8 80 85
8 5 46
8 89 93
8 9 64
8 30 75
8 57 81
8 75 82
8 3 96
8 24 35
8 50 63
7 33 36
8 16 29
8 60 123
8 47 58
8 27 67
8 36 84
8 47 67
7 6 8
8 22 62
7 11 17
7 34 40
8 69 88
8 89 105
8 24 51
7 62 63
8 27 126
8 18 29
8 34 112
8 36 99
6 14 21
8 15 28
8 23 32
8 21 38
8 75 116
8 61 108
8 66 77
7 31 60
7 49 56
8 16 48
8 29 66
8 14 79
8 54 105
8 24 50
6 7 26
6 8 32
8 71 123
8 63 70
7 37 63
6 17 18
8 45 70
8 63 69
8 1 116
6 18 26
8 39 109
8 113 120
8 84 95
8 99 111
7 40 42
8 95 97
8 10 74
8 63 63
8 30 56
8 12 105
7 10 37
7 19 53
6 2 32
5 1 10
8 1 16
7 14 30
8 76 112
8 114 117
6 15 25
8 62 67
8 70 117
6 23 24
8 31 91
7 9 16
8 13 127
7 23 56
8 11 91
8 18 107
8 34 72
8 115 120
7 30 43
7 33 59
7 15 19
7 22 32
8 14 17
8 80 117
8 56 60
8 27 50
8 14 38
8 1 111
7 11 26
5 4 11
6 14 22
8 10 28
7 23 52
8 28 33
6 9 20
8 74 80
8 42 122
7 2 48
8 10 121
8 25 87
8 51 112
8 84 92
7 33 55
7 11 48
8 4 112
8 9 54
8 5 118
7 11 19
4 2 2
8 9 27
8 62 81
7 11 15
8 16 110
8 17 72
8 44 94
8 33 105
8 21 115
8 17 71
8 2 59
7 5 53
8 52 64
8 85 122
8 8 105
8 30 112
8 29 53
8 31 77
8 23 81
7 4 23
8 89 95
8 30 36
6 27 29
7 46 47
8 4 54
8 8 31
8 65 108
7 6 42
8 13 88
8 16 117
7 39 39
8 62 106
8 49 71
8 18 89
8 6 113
8 40 93
8 64 72
8 46 75
8 30 118
8 15 18
8 107 115
8 1 83
8 5 26
6 11 12
8 63 89
8 12 14
8 22 36
7 32 52
8 99 122
8 51 56
7 36 54
8 4 55
8 61 94
8 38 101
2 1 1
8 124 128
8 60 97
7 49 60
8 20 37
8 99 102
8 17 17
8 122 124
8 34 62
8 52 126
8 24 68
8 45 120
8 50 70
7 25 34
8 7 45
7 19 31
7 16 22
8 13 39
6 6 6
8 106 113
7 21 41
6 2 28
8 61 100
8 47 124
8 86 101
7 11 11
8 14 32
8 33 95
8 27 123
8 84 105
8 47 98
8 101 113
8 16 46
7 22 39
8 14 67
8 81 104
8 61 127
8 38 72
8 16 30
8 55 110
8 53 63
6 12 18
8 49 49
7 25 44
8 31 34
8 102 110
6 7 21
7 52 58
8 60 73
8 69 97
8 37 76
7 31 33
8 20 128
8 11 101
8 5 122
8 59 63
8 52 57
8 39 76
8 46 105
7 52 64
4 5 7
8 35 107
7 6 32
8 46 107
8 92 96
8 36 119
7 1 5
7 13 60
7 29 30
8 14 119
8 83 102
8 108 110
8 21 122
8 47 121
8 9 118
8 28 30
7 32 57
8 2 23
8 69 111
8 95 102
6 11 17
6 6 8
8 30 40
8 20 85
8 41 67
7 28 53
7 30 59
5 6 13
8 34 102
8 52 112
6 12 31
8 31 35
8 88 89
8 45 60
8 98 101
8 42 44
7 46 48
8 69 75
8 38 113
7 17 38
7 27 63
8 58 60
8 99 121
8 45 103
8 6 106
8 23 82
8 34 54
8 84 115
7 4 34
8 2 102
7 24 25
8 29 103
7 55 59
6 6 21
8 97 104
8 37 71
8 39 45
8 28 68
8 48 97
7 25 61
8 26 127
8 101 119
8 7 73
8 5 50
8 93 103
7 54 60
8 71 82
7 15 27
7 33 57
7 10 52
3 1 3
8 65 125
8 8 89
7 38 45
8 68 85
8 48 99
7 1 43
7 33 54
8 109 120
8 5 18
8 7 44
7 13 13
7 17 33
8 14 82
7 24 51
7 25 51
8 45 84
8 105 128
8 56 59
8 16 67
8 28 66
8 109 117
8 108 124
8 31 123
8 29 77
7 60 61
8 66 115
5 2 12
8 97 103
8 82 96
8 88 88
8 101 124
7 3 26
8 50 99
8 16 80
8 62 77
8 33 67
7 13 47
8 80 111
8 47 119
8 28 90
8 11 99
7 25 36
8 53 125
8 44 128
8 63 113
8 86 94
8 50 94
8 46 56
6 9 23
8 70 126
7 36 52
8 24 84
8 31 108
8 99 104
8 36 83
7 6 13
8 34 40
7 11 35
8 34 57
8 70 127
7 8 39
8 65 109
8 94 104
8 74 89
8 22 56
8 27 49
8 49 60
8 4 97
8 55 98
8 54 111
8 7 27
8 100 117
8 51 100
8 1 35
8 3 53
8 39 62
8 115 123
8 5 56
8 47 65
8 19 124
8 62 71
8 96 105
7 8 21
8 96 120
8 94 102
7 2 57
3 3 4
8 24 117
8 30 114
8 92 112
8 34 43
7 32 55
7 18 38
8 7 107
8 9 59
8 42 119
7 18 59
8 11 28
8 45 107
8 103 124
5 6 9
8 44 120
8 37 89
6 19 31
8 3 92
7 19 30
8 30 80
8 41 125
8 65 95
8 34 106
8 15 99
7 34 44
7 8 20
8 48 82
8 68 95
8 3 31
7 47 64
8 4 26
7 19 50
8 2 101
8 41 70
8 68 116
8 3 87
7 35 55
8 78 80
7 9 57
8 21 80
7 2 36
8 10 60
8 52 114
7 34 47
6 2 3
8 72 109
8 72 78
8 8 23
5 9 11
8 37 78
8 20 39
7 39 56
8 28 82
8 23 39
8 16 69
8 8 34
8 60 89
7 33 34
8 64 92
8 40 42
8 52 82
7 37 64
8 7 36
8 18 44
8 54 96
8 26 103
8 13 108
7 56 63
8 1 23
8 37 107
8 41 99
8 41 122
7 42 58
6 10 22
8 23 62
7 5 41
8 42 79
8 11 73
8 75 93
8 77 99
8 50 121
7 54 54
8 60 91
8 76 119
7 15 31
7 31 42
6 1 29
8 80 103
8 27 56
7 3 62
8 90 107
8 26 101
8 58 79
8 9 115
8 54 73
6 20 31
8 5 33
7 17 31
8 21 53
8 22 96
7 46 64
8 86 109
6 1 10
8 1 113
8 49 113
7 12 20
7 8 12
8 20 81
7 7 50
5 3 13
8 11 98
8 3 43
7 14 32
7 8 23
7 7 13
7 11 49
6 11 29
8 45 46
8 94 114
8 14 71
8 18 23
8 105 112
8 14 90
8 81 93
8 29 96
8 6 123
8 95 118
5 10 10
6 10 26
8 87 126
8 67 76
7 43 48
8 90 104
8 23 118
8 85 103
8 39 52
4 3 5
7 36 41
8 43 66
7 29 45
8 17 102
8 102 118
8 67 71
8 50 119
7 43 55
8 4 87
8 76 86
8 50 74
7 39 48
8 67 90
8 19 125
7 13 23
8 33 106
8 45 100
8 96 99
8 32 44
8 15 29
8 56 91
8 67 127
8 34 116
8 99 101
8 5 100
8 2 3
8 12 58
8 8 110
7 12 12
8 30 53
8 3 6
8 126 127
6 14 24
8 53 57
8 28 71
8 15 103
8 23 54
8 67 80
8 62 74
8 84 89
8 9 96
8 8 97
8 14 19
8 45 58
7 3 50
8 2 127
8 36 49
8 89 124
8 37 120
7 45 60
6 4 26
8 7 108
6 24 26
8 89 116
8 89 107
7 54 57
7 33 60
8 73 95
8 3 128
7 17 34
7 17 58
8 26 102
8 88 107
7 29 62
7 18 44
8 43 90
8 16 94
8 20 101
7 42 43
8 11 96
8 29 60
8 46 98
8 3 93
8 6 35
7 2 28
8 19 30
8 15 104
6 4 20
8 1 34
8 14 83
8 104 122
7 20 62
8 33 66
6 14 20
7 32 51
8 30 39
8 69 89
8 2 96
8 119 122
8 59 98
8 73 118
7 40 54
7 36 44
8 34 53
8 113 125
8 46 91
8 23 34
7 3 17
8 5 69
6 15 15
8 81 128
7 29 42
7 7 53
8 116 127
8 14 72
8 100 119
8 28 57
8 65 119
8 21 86
8 13 125
7 12 16
7 14 47
7 45 53
8 1 29
8 107 112
5 1 12
8 27 111
8 4 59
8 28 48
8 91 96
8 35 45
7 12 35
8 114 119
7 16 63
8 64 120
8 32 70
6 2 15
8 42 89
8 43 51
8 93 120
8 49 53
7 31 37
8 28 44
8 83 88
8 47 82
6 24 31
8 36 103
8 104 107
8 71 91
7 4 4
8 30 105
6 7 30
8 22 128
8 33 101
8 85 119
8 78 116
8 128 128
8 20 84
7 53 53
8 33 57
7 6 64
8 54 100
7 36 40
8 18 22
8 39 105
8 76 87
8 51 117
8 70 85
8 62 126
7 20 37
8 8 117
8 49 119
8 63 112
7 44 50
8 8 53
8 16 76
8 38 124
8 38 52
8 38 107
8 107 127
8 96 111
8 24 107
8 9 46
7 11 16
7 9 42
6 3 22
7 7 19
8 94 123
8 62 78
8 27 29
6 8 8
8 39 54
8 67 89
8 45 116
8 12 38
8 24 124
6 26 26
8 75 109
8 74 100
8 58 69
8 11 127
7 13 43
7 5 21
8 41 71
7 55 63
8 72 126
8 46 112
8 28 55
8 41 87
7 37 40
8 58 99
8 85 87
8 101 105
7 28 33
6 14 17
8 71 118
8 38 108
5 2 7
8 1 125
8 3 26
8 6 28
8 2 34
7 1 17
8 6 55
8 59 90
8 3 104
8 42 52
8 32 120
8 6 45
8 11 112
8 22 49
8 64 104
7 4 16
8 50 89
8 28 103
8 33 107
8 96 110
8 39 93
8 20 31
8 46 120
7 29 50
8 24 121
8 81 120
8 13 71
8 27 101
5 12 12
8 67 106
8 91 114
7 8 18
8 60 79
8 72 73
7 22 50
8 68 88
7 32 46
8 3 69
7 22 34
8 14 108
7 22 27
7 7 25
7 21 47
8 16 37
8 26 128
7 30 40
8 74 113
8 11 104
8 88 128
7 49 59
7 32 45
8 28 59
8 96 127
7 29 56
8 26 97
8 8 28
7 32 49
6 13 16
6 6 12
8 12 103
7 15 22
8 70 98
8 75 128
8 35 42
8 39 104
8 19 98
8 38 119
8 1 51
5 14 16
8 89 91
8 38 79
8 48 67
6 16 30
8 27 109
8 9 104
7 33 63
8 54 93
8 12 41
8 19 22
7 33 46
8 51 92
8 74 116
8 102 106
7 5 30
8 20 21
8 89 98
8 32 54
7 3 21
7 28 61
8 119 126
8 66 78
8 25 118
8 8 19
8 42 128
8 72 114
7 40 52
8 49 105
8 14 52
8 9 92
8 11 64
8 39 68
8 38 40
8 67 73
8 8 86
8 2 39
8 37 94
8 93 113
8 15 31
8 7 47
8 69 82
8 3 105
8 44 50
7 5 23
8 88 120
8 35 82
7 3 32
8 77 114
8 30 46
7 13 16
8 23 46
7 2 23
8 50 114
8 55 119
8 4 17
6 17 25
8 81 125
8 7 13
7 35 59
7 16 55
8 8 126
8 40 70
8 30 102
8 37 38
8 11 80
8 61 98
7 19 58
8 96 128
8 5 31
8 39 116
8 4 96
8 16 111
8 83 119
7 57 62
8 84 122
8 58 122
6 3 13
8 46 69
8 82 112
7 12 21
7 26 49
8 36 59
8 31 37
8 37 61
7 36 49
7 16 17
8 2 70
7 9 12
7 38 38
8 27 114
8 80 113
4 3 4
8 11 43
7 14 36
8 7 85
7 55 64
8 52 98
6 18 21
7 11 56
8 65 104
7 23 32
8 32 110
8 92 106
7 5 12
7 14 48
8 102 117
8 41 89
7 21 33
8 26 75
8 31 95
8 29 76
8 41 64
7 1 30
8 86 123
7 6 28
8 27 122
8 27 41
8 5 72
8 21 54
8 25 47
7 49 50
7 35 40
8 47 89
4 2 8
8 2 89
8 26 118
8 106 127
8 69 77
8 33 119
7 18 60
6 11 25
8 6 39
8 24 30
8 71 122
8 74 78
8 2 113
8 28 31
8 19 97
7 34 55
8 32 47
8 28 74
8 7 60
8 23 101
8 41 126
7 29 43
8 37 90
8 22 99
7 6 38
8 53 95
7 58 61
8 76 120
8 2 55
8 62 104
6 11 21
8 63 96
8 6 60
8 101 106
7 38 46
8 2 122
8 114 122
8 62 91
8 54 80
8 3 46
8 44 108
8 54 106
8 21 71
8 4 63
8 18 103
8 33 53
8 26 72
8 33 121
8 13 84
8 14 124
7 16 26
8 18 56
8 8 92
8 65 122
8 22 41
8 81 81
8 44 102
8 18 91
8 66 112
8 62 128
7 58 60
8 43 60
8 48 107
8 53 94
8 33 128
8 19 100
8 81 101
7 22 57
8 74 94
8 14 120
8 15 71
8 47 128
8 4 69
6 5 30
8 37 111
8 40 82
8 37 92
8 6 84
7 2 55
8 7 121
8 52 122
8 71 108
8 11 68
8 38 81
8 54 56
8 98 106
7 7 49
8 46 86
7 8 62
8 12 62
8 90 118
7 31 51
8 69 70
8 88 123
8 23 44
8 4 104
8 43 102
8 51 109
8 75 80
8 37 102
8 33 74
8 29 72
8 7 65
8 5 119
7 16 50
8 15 42
8 70 122
8 89 115
8 72 95
8 100 103
8 45 96
8 21 24
8 40 62
8 43 74
8 20 25
8 3 127
8 49 86
8 73 116
8 6 63
8 5 34
8 96 117
8 3 54
8 11 126
8 55 99
8 19 87
7 9 35
8 28 49
6 21 29
7 48 64
7 1 50
8 41 98
8 12 45
5 3 11
8 46 106
8 47 100
8 18 80
8 13 28
8 18 27
8 51 85
8 21 128
8 62 127
8 94 112
7 18 57
8 96 109
8 50 55
8 8 59
8 9 80
8 92 107
8 13 43
6 11 15
8 58 121
8 49 64
8 97 108
6 13 26
8 48 85
7 13 57
7 24 26
8 23 104
8 80 82
8 119 121
8 34 65
8 21 57
7 26 47
8 5 103
8 1 44
7 10 40
7 50 51
8 41 76
8 55 115
7 28 46
8 27 45
8 10 109
8 12 56
8 71 104
7 48 56
8 19 33
8 90 117
7 37 43
8 18 112
7 22 53
7 25 55
8 6 22
8 103 119
8 32 94
8 102 125
8 44 126
8 12 88
8 30 88
8 21 75
8 1 114
8 4 19
8 56 109
8 24 39
7 7 40
8 2 112
7 36 56
8 66 102
8 54 123
8 40 66
8 55 116
8 77 93
8 4 126
8 53 99
8 26 61
8 62 65
8 13 106
8 81 92
7 31 34
8 55 102
7 5 59
8 70 110
8 12 87
8 16 101
7 26 39
8 62 113
8 26 88
8 1 58
8 11 20
8 58 66
8 75 127
8 44 116
8 52 54
7 5 64
8 75 77
7 35 57
6 2 30
7 38 54
7 27 45
8 8 22
8 44 69
8 9 119
8 62 66
8 108 126
7 14 53
8 32 124
8 2 49
8 25 78
7 12 13
8 79 81
8 26 115
8 29 115
8 51 71
8 118 126
8 13 59
8 32 49
8 27 76
7 21 32
7 12 41
8 91 113
8 88 98
7 17 32
8 75 103
7 49 64
6 16 24
8 30 65
8 7 78
8 100 120
8 68 75
8 42 121
8 33 79
8 17 51
8 25 94
8 1 78
8 50 85
8 123 124
8 3 22
8 60 90
8 43 104
8 60 88
8 90 100
8 97 100
7 34 49
8 3 118
8 76 91
8 49 94
7 10 63
8 41 112
8 103 126
7 29 52
8 90 111
8 10 90
7 8 44
8 78 96
8 33 65
8 7 70
8 18 101
8 40 105
5 3 15
8 55 67
8 99 109
7 8 13
7 6 58
7 21 36
8 54 57
8 9 61
7 50 55
7 1 51
8 58 64
7 12 42
8 58 118
8 2 17
8 80 92
8 53 74
8 32 117
8 35 85
8 90 91
8 94 108
8 115 117
6 18 27
8 40 44
8 84 86
8 98 128
8 49 78
8 33 58
8 66 124
8 102 113
8 71 107
8 102 107
8 63 76
8 36 41
8 45 80
6 11 16
7 10 35
8 34 78
8 27 81
7 24 60
8 10 20
8 31 104
8 44 105
8 53 70
8 26 106
8 94 97
8 67 109
8 45 83
8 2 58
8 35 104
8 62 125
8 27 97
7 3 63
8 60 105
6 2 19
6 29 30
8 11 12
8 54 58
8 71 113
8 51 128
8 4 36
8 1 21
7 41 49
8 33 75
8 40 95
8 20 27
6 10 14
8 108 109
8 46 88
8 2 4
8 24 27
7 42 47
7 41 43
5 6 10
8 83 90
8 56 120
7 28 47
5 8 11
8 103 127
7 8 47
6 8 18
7 22 63
8 37 117
8 7 7
6 16 20
7 21 31
8 19 112
8 7 122
8 14 110
8 3 48
7 1 63
8 25 61
8 56 90
8 17 113
8 19 78
8 5 104
8 15 95
8 5 88
8 5 82
8 78 85
7 15 30
8 73 86
8 104 113
7 25 40
8 71 110
8 102 109
8 44 97
8 16 70
8 80 83
8 66 83
8 112 115
8 10 101
8 52 111
8 69 69
8 26 38
8 18 51
8 20 42
8 51 76
8 32 112
6 10 32
8 11 88
8 57 107
8 29 83
8 71 83
6 23 23
8 14 113
8 37 108
8 61 112
8 32 42
8 6 70
8 24 62
6 8 10
8 15 40
8 20 41
6 1 26
8 39 75
8 25 80
8 26 45
8 19 32
8 6 75
8 62 123
8 10 58
8 9 39
8 86 112
8 27 105
8 29 95
7 10 31
8 73 119
6 15 27
7 5 56
7 27 48
8 82 118
8 66 68
8 39 126
8 57 99
8 74 82
8 80 99
8 7 99
8 2 51
8 56 110
8 8 40
8 78 81
8 34 42
8 32 127
8 50 86
8 52 95
7 20 21
6 6 31
8 75 123
8 57 121
7 7 24
8 48 91
8 65 113
8 10 39
8 15 55
8 87 110
8 8 60
8 45 72
8 36 91
8 36 72
6 24 30
8 34 97
7 10 61
8 11 89
8 51 64
8 76 99
8 26 82
8 13 126
8 37 83
8 84 96
8 14 86
8 40 63
7 3 54
8 68 109
7 19 61
8 34 45
7 64 64
8 91 100
8 36 97
8 37 41
5 11 12
8 34 103
8 43 79
8 56 84
8 7 123
7 14 40
5 9 13
8 96 119
8 98 112
8 111 121
8 41 57
8 33 126
7 13 63
7 23 24
8 22 104
8 123 127
8 16 113
8 25 82
8 39 94
8 14 111
8 3 66
8 62 95
8 26 126
4 3 3
8 28 102
8 1 56
8 1 61
8 26 46
8 59 67
8 98 109
8 84 88
8 66 109
8 19 24
8 43 61
8 40 52
8 54 85
8 46 62
7 6 31
8 2 69
7 1 61
8 3 77
8 31 69
7 15 34
8 106 112
7 35 48
5 5 6
8 74 107
8 39 82
8 15 53
8 66 73
8 23 92
8 79 82
8 16 25
7 2 43
8 63 128
8 93 110
7 27 53
8 7 103
8 68 69
7 30 55
8 30 58
8 95 117
8 10 66
7 29 29
7 14 23
8 6 105
7 20 32
7 51 63
8 61 118
8 22 70
8 21 119
7 20 64
8 17 93
8 22 125
8 69 115
8 9 63
8 42 84
8 82 123
7 2 58
8 42 53
8 49 107
8 56 100
7 1 47
8 52 104
8 70 82
8 30 94
8 50 75
8 3 83
6 17 26
8 89 103
8 101 121
7 34 37
8 61 110
8 65 116
8 5 8
8 40 73
8 35 73
7 8 48
7 5 17
8 52 60
8 58 116
8 17 123
8 55 76
8 29 80
8 67 122
8 21 27
7 28 63
8 19 57
8 10 26
8 6 46
8 41 72
7 15 33
8 92 109
8 19 25
8 53 122
7 26 48
8 6 124
8 41 78
8 66 95
7 59 63
8 17 86
8 50 80
6 11 13
8 58 88
8 77 113
5 6 7
8 73 99
7 5 37
8 76 93
8 58 103
7 26 40
8 71 86
7 40 56
8 4 39
7 18 19
8 5 23
8 19 85
8 30 97
8 114 118
8 87 112
8 54 98
8 42 90
8 119 124
8 76 105
8 9 53
7 12 36
8 35 49
7 8 43
6 5 18
7 3 43
8 44 46
8 45 59
8 28 111
8 35 80
8 74 96
8 72 81
8 33 104
5 2 15
7 20 25
8 58 107
8 107 126
7 59 62
8 12 30
7 46 57
8 43 124
8 30 69
7 6 33
7 32 34
7 11 52
8 22 68
7 33 51
8 114 128
8 17 18
8 32 82
8 38 92
8 65 80
7 20 33
8 1 15
8 4 27
8 23 31
7 31 55
8 12 76
8 39 51
8 23 99
8 76 101
8 57 124
8 49 74
8 112 120
8 26 29
8 67 119
7 53 57
8 27 36
7 24 45
8 39 97
8 18 47
7 36 50
8 12 21
8 12 23
8 22 100
8 39 128
8 41 65
8 44 112
8 67 85
8 16 71
8 11 18
7 21 60
7 16 59
8 39 39
8 7 48
8 5 53
8 14 45
8 41 114
5 2 8
8 72 90
8 37 81
8 8 108
6 30 31
7 22 37
6 16 18
7 3 39
8 62 110
8 17 47
8 29 112
8 33 80
8 28 65
8 20 80
6 3 26
8 14 55
8 25 69
8 4 115
6 5 14
8 42 54
8 56 58
7 17 19
8 8 14
8 72 123
8 69 106
7 10 53
7 14 44
7 25 32
8 101 125
8 12 127
8 18 84
8 2 104
8 4 56
8 12 48
8 64 124
8 20 77
8 40 96
8 82 105
8 13 105
8 4 50
8 5 70
8 15 109
7 35 47
8 87 89
8 17 63
5 13 14
8 19 60
8 11 85
7 21 40
7 60 60
8 65 86
8 43 76
8 22 39
8 26 52
8 13 47
6 13 27
8 16 107
8 27 77
7 5 58
8 29 49
8 4 10
7 12 29
7 26 33
8 54 91
7 15 38
7 38 41
8 54 95
8 113 123
8 84 123
8 25 111
8 10 95
6 7 23
7 37 54
6 7 18
7 58 59
8 41 88
7 14 21
8 35 115
8 48 92
8 29 34
8 66 66
8 92 127
7 10 54
8 2 121
8 25 128
8 38 89
7 35 61
7 43 47
8 59 68
8 65 97
8 15 37
8 86 111
8 58 125
8 73 85
7 13 42
8 23 53
8 115 115
8 12 126
8 12 68
8 19 43
8 18 126
8 9 49
8 4 53
8 27 91
8 8 100
7 10 24
8 68 76
8 17 119
8 112 122
8 83 91
8 36 108
8 35 118
8 10 64
8 32 100
8 27 34
7 44 58
8 26 71
8 22 95
8 2 63
8 16 23
8 91 115
7 37 49
8 123 125
8 77 91
8 14 44
8 104 120
7 14 15
7 39 54
8 14 26
8 28 91
6 18 18
8 18 20
8 16 54
8 26 119
8 31 88
8 51 108
8 47 54
8 7 14
8 30 60
8 106 126
8 35 43
5 7 13
8 21 125
8 16 99
8 6 102
7 23 36
8 17 103
8 113 126
8 98 103
8 3 27
8 15 113
4 1 4
5 2 5
7 37 61
8 30 72
8 40 65
8 25 40
8 103 111
6 13 13
8 21 72
8 22 87
8 23 56
7 31 62
7 30 56
8 35 120
7 6 25
8 20 48
6 6 23
8 61 76
8 71 121
8 27 95
8 47 101
8 9 52
8 7 77
8 75 91
8 76 95
8 84 85
7 54 56
8 8 70
8 94 105
6 12 23
7 13 21
8 62 72
6 1 5
8 91 110
8 41 58
7 57 57
8 87 98
8 20 67
7 1 16
8 5 44
8 6 127
8 64 81
8 4 123
8 33 47
7 34 45
8 24 99
8 1 37
8 96 102
8 75 92
8 44 49
7 26 51
7 29 37
8 2 7
8 16 89
7 2 2
7 49 55
6 12 13
8 23 78
8 45 65
8 30 37
7 40 57
8 44 61
8 65 70
7 39 47
8 5 128
6 8 20
8 23 27
8 74 127
8 12 107
7 36 37
8 42 101
8 5 107
8 76 116
8 19 96
7 30 35
7 4 17
8 45 123
8 24 77
8 21 63
8 45 118
8 5 99
8 6 80
8 56 112
7 1 25
7 5 43
8 26 120
7 24 27
8 9 40
8 45 91
8 37 46
8 6 38
8 42 116
8 87 127
8 74 95
7 19 44
8 20 110
6 15 16
8 65 89
8 19 75
7 26 46
7 1 8
8 63 71
8 7 66
8 10 41
8 71 97
8 58 98
8 24 65
7 6 60
8 24 101
8 10 84
8 35 71
8 54 83
8 28 78
8 87 101
8 31 56
8 9 42
8 7 56
8 11 114
8 83 89
7 12 51
8 72 106
8 25 77
8 46 64
8 13 95
8 97 109
8 27 61
8 24 40
6 6 17
7 9 10
6 17 22
8 11 67
6 2 25
7 24 44
8 22 34
7 48 50
8 33 86
8 4 4
8 25 96
7 37 57
7 31 31
8 7 55
7 2 15
8 32 39
7 35 44
8 52 103
8 49 116
8 12 122
8 11 49
8 59 112
8 4 83
8 1 48
8 43 127
7 16 64
8 44 45
7 30 54
7 27 46
8 51 63
8 14 49
8 89 110
7 35 63
8 57 59
8 29 58
7 6 11
7 10 13
8 125 126
8 48 51
8 65 73
7 3 31
6 20 22
8 27 73
8 53 111
8 57 62
7 50 62
8 123 123
8 35 60
7 13 26
8 8 33
8 44 91
8 8 25
7 24 47
6 6 9
8 52 113
7 1 62
8 47 76
8 85 85
7 3 18
6 5 15
7 22 28
8 41 100
7 13 25
8 15 38
8 15 105
7 8 17
8 64 103
8 8 104
8 4 67
8 92 124
8 35 90
8 40 71
8 30 30
8 73 81
7 45 47
8 32 46
8 52 123
7 22 36
7 7 26
8 102 127
8 41 66
8 76 114
8 7 75
8 11 118
8 8 115
8 17 59
6 10 12
8 20 76
8 31 97
8 25 32
8 46 60
8 10 34
8 6 109
7 12 22
7 4 54
8 14 57
8 112 118
8 3 62
8 27 84
8 118 118
8 21 29
8 26 65
8 18 41
8 13 101
8 98 118
8 84 109
8 14 122
6 5 10
8 71 116
7 41 53
8 71 99
8 54 114
7 23 62
7 39 45
7 24 54
8 12 39
8 65 121
8 18 122
6 10 15
8 88 114
8 16 58
8 97 111
8 76 122
8 14 41
8 52 75
8 57 97
8 19 68
8 50 69
8 3 65
7 28 64
8 23 36
8 54 59
8 36 45
8 11 23
8 62 89
8 112 112
8 37 110
7 17 22
8 15 20
7 39 63
8 71 84
8 26 122
7 5 24
6 6 14
8 50 52
8 37 101
7 25 50
8 10 63
8 54 108
8 6 65
6 1 23
7 12 50
8 52 67
8 10 17
8 85 91
8 70 90
8 108 119
8 37 65
8 74 85
7 2 4
7 9 51
8 58 85
7 19 55
8 93 124
8 49 58
8 111 118
8 29 37
8 30 41
7 22 30
8 18 73
7 20 26
8 13 76
8 122 128
7 14 28
8 6 107
8 1 19
8 46 118
7 43 60
8 5 9
8 67 115
5 9 9
6 9 13
7 9 59
8 8 120
8 115 128
6 15 32
8 22 60
7 41 64
8 93 121
8 36 80
8 13 92
8 91 128
8 62 120
8 88 115
7 18 18
8 35 61
8 13 23
8 30 44
8 19 122
8 102 114
8 88 110
8 38 73
7 40 49
8 72 113
8 68 100
8 72 120
6 4 30
8 13 121
8 8 32
7 6 62
8 85 125
8 6 41
7 55 56
8 42 77
7 12 25
7 17 62
8 39 106
8 45 73
8 35 75
8 49 66
8 99 119
8 114 123
8 18 102
8 21 82
7 6 51
7 15 42
6 19 27
7 20 58
8 56 116
8 44 44
8 57 115
8 95 126
8 53 106
8 107 125
8 39 44
8 37 50
8 68 125
8 31 58
8 3 17
7 17 45
8 57 103
8 54 67
8 5 98
8 59 113
8 6 47
8 58 89
8 47 110
8 34 115
6 6 10
7 22 56
7 12 54
6 21 28
8 48 63
8 45 75
8 96 98
8 16 82
8 39 47
8 38 127
8 2 71
8 52 66
8 64 107
7 26 53
8 59 61
8 87 106
8 92 114
5 1 13
8 79 100
8 68 99
8 11 82
7 7 18
8 41 53
8 25 89
8 2 85
8 32 85
8 63 116
8 7 17
7 20 38
8 61 64
5 5 12
8 26 112
8 24 29
7 10 28
8 44 127
8 41 45
8 82 95
8 23 111
8 51 53
8 28 63
8 2 37
8 47 86
8 46 51
8 71 81
7 17 23
8 36 106
8 105 107
8 29 47
8 18 118
8 79 98
8 37 116
8 88 100
8 32 65
7 17 60
8 19 34
7 21 43
8 64 83
7 11 28
8 17 78
8 62 76
8 61 81
8 88 118
8 53 103
8 55 112
8 35 91
7 19 49
8 19 81
8 35 110
8 35 65
8 8 46
7 56 56
8 88 90
8 15 70
7 18 32
8 52 106
7 4 29
8 5 17
8 67 125
8 63 72
8 64 117
7 18 30
7 19 28
7 12 32
6 18 32
8 22 26
8 47 72
6 1 7
8 60 110
8 37 103
8 40 67
8 60 80
7 26 55
8 15 91
6 14 25
6 12 19
7 43 44
8 24 92
8 33 61
6 4 8
8 22 117
8 20 36
8 77 116
8 39 83
8 70 95
8 5 93
7 36 48
8 7 32
8 53 104
8 15 50
8 14 102
8 54 69
8 62 124
8 23 93
8 18 26
8 118 122
6 7 14
8 75 84
6 14 29
8 54 81
6 24 25
8 33 124
8 28 117
8 36 88
7 10 60
7 21 61
7 42 57
8 34 89
8 23 69
5 9 12
8 2 54
8 12 121
8 45 101
6 5 25
8 103 121
7 30 57
8 60 102
7 44 45
8 68 68
8 63 77
7 33 47
8 79 85
8 11 61
8 6 104
8 23 65
8 74 102
8 73 113
8 40 115
8 54 88
8 69 108
8 46 128
8 88 102
8 4 71
7 1 10
7 23 38
8 53 79
8 25 68
8 1 81
8 85 95
8 6 111
8 34 81
7 38 49
7 26 50
8 38 85
8 2 30
6 3 10
7 17 28
7 46 53
8 48 52
8 55 92
5 2 3
8 14 35
8 64 128
8 85 120
8 30 42
8 65 74
8 46 52
8 11 117
8 4 117
7 4 6
8 40 74
6 11 22
5 2 11
8 69 124
8 40 109
8 55 64
8 46 79
7 4 52
8 33 96
7 12 46
5 3 3
8 46 57
7 10 43
8 22 37
7 42 48
8 77 108
8 42 72
7 1 19
8 100 111
7 34 34
8 6 87
7 28 37
7 15 52
8 48 55
8 26 47
8 21 68
8 18 68
8 36 61
8 67 112
8 120 124
8 31 94
8 7 38
8 87 95
8 64 105
8 2 40
8 7 37
6 1 19
8 42 125
6 2 7
8 29 63
7 35 58
8 43 84
8 55 107
8 1 117
8 86 119
8 24 85
8 44 89
8 1 101
8 121 127
7 60 62
8 79 122
8 27 120
7 32 59
7 25 49
8 44 92
8 12 115
8 15 112
8 2 20
8 37 66
8 101 126
8 55 70
8 25 91
8 6 114
8 9 37
8 25 48
8 19 23
8 17 92
7 22 48
8 10 88
8 19 51
7 28 36
8 1 47
8 13 75
8 17 127
7 14 52
8 54 103
8 86 108
8 70 94
6 18 29
8 69 125
8 12 25
8 54 87
8 11 81
8 46 66
7 7 29
8 44 77
8 50 64
8 98 107
7 2 16
7 2 29
8 4 84
8 44 101
8 38 82
8 23 102
8 84 108
8 7 105
8 11 113
8 47 111
8 85 92
8 2 118
8 30 83
8 90 110
8 53 78
8 64 115
7 8 27
6 12 28
8 51 78
7 30 64
6 12 12
8 43 122
8 33 90
8 9 32
8 52 78
7 53 61
8 50 50
7 11 44
8 29 82
8 95 112
8 23 83
8 15 124
8 21 22
8 69 126
8 19 86
8 109 115
8 69 81
8 57 125
8 53 126
8 67 82
8 60 98
8 105 106
8 39 55
7 16 37
8 22 32
8 30 49
8 31 126
7 24 59
8 40 123
8 2 114
8 83 103
6 3 27
8 11 109
6 10 21
7 36 47
8 117 120
8 111 127
8 14 78
8 83 104
7 50 63
8 64 113
8 40 117
8 57 76
8 72 115
8 76 78
8 2 73
8 9 22
8 63 108
8 13 109
8 112 124
8 35 87
8 13 25
8 73 106
7 15 26
8 20 61
8 13 36
7 41 61
8 19 38
8 12 54
8 39 107
7 41 50
8 23 122
7 22 61
8 28 96
7 56 60
8 68 122
6 3 21
8 2 99
8 3 95
8 35 62
8 18 48
8 15 64
8 4 124
8 80 105
8 7 98
7 14 35
8 75 78
8 30 35
8 46 80
6 5 17
6 8 11
8 59 79
8 13 16
8 25 103
8 1 9
7 30 52
5 7 9
8 89 89
8 5 90
8 124 126
7 25 41
8 85 127
8 5 37
7 24 48
8 79 93
8 77 104
8 5 115
8 30 110
8 72 88
7 4 12
8 72 100
8 21 121
8 71 115
8 106 115
7 12 23
7 3 13
7 3 5
8 28 123
8 67 97
8 74 79
8 39 96
5 7 10
8 48 115
7 13 44
8 73 100
7 14 22
8 12 36
8 94 122
8 7 89
8 33 38
8 81 126
7 2 40
8 32 67
8 10 53
8 56 96
8 98 108
8 36 89
8 23 100
8 53 110
8 56 67
5 11 13
8 11 57
8 33 94
8 43 109
8 15 100
8 37 82
8 94 101
8 126 126
8 19 52
8 86 113
8 19 79
8 40 124
7 3 25
8 12 81
8 71 76
8 70 75
8 5 76
8 31 62
8 15 66
8 9 121
8 17 90
8 84 114
8 49 101
8 66 88
8 90 116
8 77 120
8 87 123
8 24 97
8 59 127
8 26 84
8 5 25
8 39 114
8 78 97
8 3 120
5 10 15
8 16 68
7 8 34
8 27 86
8 100 127
7 20 40
7 32 36
8 13 29
8 26 123
8 64 126
8 65 84
8 58 110
8 47 68
7 3 27
8 54 74
7 2 20
8 105 122
8 65 67
8 2 64
8 54 119
8 13 38
8 61 89
8 19 49
8 16 35
8 62 68
8 89 117
8 107 124
7 3 15
8 13 81
7 3 59
8 1 68
6 1 8
8 48 77
8 53 83
8 11 65
8 1 5
8 46 89
7 21 45
8 62 62
8 49 103
8 79 112
7 13 18
7 8 32
8 41 121
8 3 58
8 16 86
8 5 62
8 21 60
8 36 57
8 20 70
8 4 120
8 25 88
7 6 49
8 92 113
8 74 110
8 25 99
8 90 105
8 12 33
8 11 25
8 62 64
4 7 7
8 37 54
8 2 123
8 2 11
8 61 72
8 31 73
8 48 73
8 8 37
8 59 80
8 45 105
8 9 126
8 20 64
8 45 119
8 12 75
8 21 91
7 21 26
8 89 97
7 6 46
8 24 71
7 18 53
8 7 67
8 95 108
8 34 95
6 15 24
7 9 62
8 72 96
8 58 100
8 2 116
8 44 100
7 4 20
8 34 68
8 47 102
8 53 84
8 61 91
8 51 52
8 42 50
8 30 34
8 18 60
8 22 121
8 55 82
7 43 62
8 10 44
8 9 79
8 8 62
7 43 43
6 1 25
7 24 29
8 94 127
8 89 123
7 29 40
8 22 27
8 83 83
8 42 59
7 10 20
8 24 89
8 14 30
8 44 63
8 47 88
8 55 109
6 19 29
8 35 112
7 50 53
7 7 51
7 3 51
8 45 114
8 49 128
8 1 8
8 61 119
7 6 30
8 47 84
8 12 19
7 11 47
8 16 81
5 5 8
7 4 35
8 1 64
8 58 124
8 51 111
8 2 31
5 4 5
8 58 94
8 39 61
8 96 104
8 65 101
8 8 58
8 1 88
8 15 108
8 16 42
7 50 54
8 15 106
8 19 83
8 32 99
7 29 46
7 12 58
8 25 119
8 52 65
8 82 86
7 20 23
8 7 71
8 80 119
8 34 75
5 8 9
7 3 53
8 73 109
8 83 95
7 17 24
8 69 122
8 19 64
8 71 87
7 28 60
8 27 99
6 6 7
7 7 9
8 26 41
7 1 11
7 17 52
8 83 100
8 8 94
7 39 64
8 94 110
8 5 75
8 59 104
7 31 43
8 11 14
8 3 98
8 76 89
8 10 122
7 23 59
7 18 36
8 73 80
8 76 111
7 53 59
8 41 68
8 44 103
8 17 114
8 84 120
6 5 7
7 5 38
8 5 27
8 5 87
7 24 39
8 35 83
8 33 102
7 30 49
8 67 118
8 2 48
8 13 61
8 33 42
8 106 121
8 18 39
8 3 55
8 71 101
8 66 86
8 18 43
7 17 46
8 77 112
8 37 95
8 72 128
8 26 28
7 1 35
7 14 49
8 15 39
8 47 83
8 57 65
8 85 124
7 3 22
7 47 61
8 6 9
8 63 67
8 18 63
8 15 102
8 51 125
8 16 88
8 6 14
8 101 108
8 44 114
7 33 52
8 42 67
8 100 124
8 82 92
8 7 101
8 42 114
7 45 46
8 60 76
7 5 8
8 12 49
7 8 60
8 64 73
8 14 91
8 14 56
8 11 102
8 57 79
8 72 111
8 98 121
6 4 10
8 29 100
8 69 109
8 13 57
7 48 63
8 18 120
8 76 77
7 14 51
8 36 126
8 105 126
8 26 96
8 22 78
6 7 28
8 12 37
8 10 91
8 26 32
8 68 90
8 112 126
8 120 122
8 38 111
8 69 74
8 86 105
8 14 23
8 25 73
8 46 59
8 78 109
8 84 104
8 108 116
8 89 121
8 3 86
8 32 108
8 43 112
8 55 59
4 6 8
7 37 41
8 73 110
6 4 17
8 14 34
8 27 80
8 30 61
8 3 88
7 33 41
7 21 53
8 33 45
8 77 109
8 63 103
8 36 93
8 19 47
7 29 54
7 5 22
8 12 79
8 45 92
8 50 102
8 4 25
8 1 14
8 13 15
8 98 126
8 67 104
7 46 52
8 53 98
8 11 90
8 75 108
8 25 115
8 47 106
7 27 34
8 33 33
8 20 53
8 24 34
7 24 49
7 13 56
8 29 116
8 30 128
7 11 42
6 19 19
8 62 97
8 56 114
8 33 92
8 35 121
8 39 84
8 12 90
8 20 20
7 10 64
8 7 87
8 66 82
8 99 115
8 75 104
6 12 30
8 51 90
7 52 54
8 52 61
8 36 79
7 5 40
7 14 39
8 28 36
8 96 114
7 24 50
8 78 105
7 9 49
8 20 82
7 39 41
8 85 115
8 94 128
8 67 100
8 53 91
8 23 43
7 18 52
7 37 58
8 31 96
8 17 88
8 66 103
8 3 108
8 51 96
8 2 74
7 47 63
7 9 22
8 102 121
8 77 126
7 17 51
8 60 112
8 102 111
6 9 14
8 72 79
7 27 38
7 13 22
8 116 126
8 1 28
6 3 12
8 81 102
5 4 6
8 47 55
8 6 93
8 24 96
7 23 25
8 126 128
8 5 21
8 57 94
8 21 120
7 26 28
8 99 117
6 2 13
8 33 41
8 110 118
8 89 125
8 17 112
7 8 46
8 25 112
8 37 53
7 19 34
7 2 25
8 33 55
8 55 113
8 26 83
8 48 56
7 10 47
8 37 109
7 46 59
8 59 128
8 16 119
8 11 27
7 11 51
8 27 68
7 12 15
8 31 112
8 56 87
8 4 41
7 35 35
6 19 20
8 44 104
7 35 56
7 21 27
8 81 124
8 1 10
8 3 32
6 15 23
7 52 56
8 41 107
8 17 98
7 7 52
8 1 52
8 42 76
7 19 52
8 64 101
8 45 68
8 57 100
8 4 91
8 44 96
7 13 46
7 8 59
8 88 126
8 90 102
8 79 115
8 10 24
8 18 106
8 106 111
8 24 106
7 8 54
8 1 69
8 47 95
6 20 28
7 51 61
8 40 60
8 75 105
7 21 55
8 22 43
7 32 43
8 41 86
8 42 120
8 83 94
7 2 59
7 50 64
8 43 103
7 27 36
8 98 114
8 12 85
8 27 93
8 8 116
8 45 124
8 74 121
8 41 46
5 13 16
8 11 97
8 93 99
8 56 79
7 37 48
6 1 22
8 73 73
5 4 15
8 12 94
8 8 74
8 68 91
8 79 124
8 44 125
7 11 27
8 35 100
6 1 32
8 25 33
8 19 72
8 102 126
8 51 65
8 40 57
7 31 64
7 9 61
8 65 111
8 21 23
8 80 121
8 46 102
7 3 11
8 43 45
8 101 127
6 20 24
8 64 88
8 29 102
8 86 87
8 22 52
8 61 74
7 9 63
7 29 31
7 4 18
8 18 71
5 5 9
8 93 117
8 59 107
8 20 109
8 25 75
7 11 38
8 117 119
7 25 62
8 28 101
7 15 62
8 32 93
7 3 44
8 35 66
8 27 28
8 80 102
8 5 29
6 18 23
8 101 109
8 18 123
8 24 93
8 27 119
8 107 113
8 13 65
8 33 72
7 4 63
8 26 79
6 21 24
8 1 41
7 15 39
6 17 32
8 10 22
8 121 123
8 84 126
8 54 64
8 18 19
8 43 110
8 26 78
8 18 24
8 21 104
8 91 119
8 14 93
8 52 97
8 10 14
8 71 85
8 54 115
8 16 40
8 45 71
8 16 100
8 3 107
7 6 63
7 15 45
7 1 53
8 49 90
6 11 20
8 59 78
8 12 28
7 18 37
7 18 28
8 55 75
7 40 50
8 37 74
8 19 63
8 26 90
8 13 20
7 6 24
8 28 80
8 15 79
8 60 124
8 5 97
7 28 59
7 17 43
8 29 64
8 27 42
8 67 94
8 105 120
8 26 39
8 94 106
8 55 95
8 13 102
7 24 62
7 6 52
8 84 90
8 90 114
7 13 33
8 95 98
8 77 101
8 47 126
7 13 55
7 15 35
6 15 26
7 9 18
8 1 102
7 15 28
8 10 46
5 14 15
8 78 123
8 70 97
8 18 62
8 3 70
8 64 110
8 87 92
8 2 14
8 60 109
8 47 117
8 84 116
8 17 120
8 14 25
7 19 54
5 13 13
7 31 47
6 24 27
8 34 63
8 61 63
8 20 45
8 45 69
8 50 101
8 46 58
8 97 113
5 3 4
7 10 62
8 91 108
8 2 119
8 1 91
8 18 82
8 86 103
8 10 89
8 50 105
8 25 29
8 9 107
8 48 66
8 57 58
8 41 49
7 29 61
7 14 14
8 50 79
7 22 26
7 1 22
8 82 103
8 15 94
8 24 61
8 70 70
8 46 111
8 40 84
8 15 87
7 5 15
8 5 38
7 23 47
6 15 19
8 12 24
8 107 117
8 23 124
8 5 110
8 72 86
7 6 17
8 82 124
8 59 73
7 3 29
7 41 63
8 111 115
8 28 115
8 29 84
8 3 72
8 95 114
8 61 62
8 18 109
8 14 127
7 26 57
8 79 91
7 31 54
8 43 91
7 20 61
6 7 20
8 34 113
8 72 77
8 55 105
7 16 44
6 8 12
7 21 50
7 26 37
8 65 65
8 107 122
7 17 49
8 68 83
8 63 106
8 25 66
8 30 109
8 73 105
7 4 9
8 74 106
8 74 76
7 34 62
8 48 98
8 13 41
8 92 126
8 28 99
8 2 105
8 43 67
8 40 81
8 20 69
8 32 36
8 9 35
6 2 17
8 87 94
8 49 117
8 89 99
8 13 45
8 35 101
8 55 117
8 53 72
6 1 3
8 75 98
8 23 63
8 67 96
8 25 30
8 55 122
8 43 49
8 16 116
8 77 128
8 50 125
8 35 57
8 23 87
8 104 125
8 50 98
8 22 44
8 63 118
8 1 121
8 71 102
7 14 54
7 12 17
8 45 89
8 82 99
8 15 60
8 49 87
8 7 34
8 45 97
8 9 23
8 29 67
8 29 33
8 99 106
8 89 94
8 36 98
8 54 92
8 2 125
8 2 103
8 10 54
7 9 55
7 3 8
8 80 115
7 23 48
8 39 125
8 77 117
7 50 59
8 78 120
8 10 68
8 54 55
8 16 32
7 18 25
8 90 124
6 21 21
8 19 36
8 4 45
8 66 123
8 74 111
7 32 47
8 45 82
7 53 56
8 31 113
8 47 63
5 4 8
8 34 79
8 54 70
8 39 73
8 11 48
8 60 96
7 24 41
8 34 99
8 23 48
7 18 33
7 2 22
7 53 60
8 17 22
7 44 63
7 15 55
7 35 53
8 66 101
8 89 104
8 90 90
8 103 106
7 9 28
8 29 91
8 21 87
8 80 98
8 7 111
8 55 96
8 56 71
8 22 61
8 22 112
7 34 39
8 48 71
8 86 104
8 59 99
8 45 104
8 48 100
8 10 75
8 96 103
8 39 56
8 22 46
8 44 90
8 2 26
8 79 116
8 9 123
8 11 29
8 8 21
8 101 102
8 39 90
7 22 40
8 46 48
8 7 74
8 81 127
8 38 94
8 20 55
8 55 60
8 37 124
8 3 111
8 20 88
7 16 30
7 20 46
8 19 103
7 12 45
8 42 87
8 22 59
8 12 99
6 27 30
8 64 77
7 23 54
7 9 40
7 1 21
8 31 70
8 28 69
8 52 62
8 88 99
7 45 56
8 32 63
8 52 96
8 49 100
8 6 19
8 32 109
8 80 81
8 38 50
8 13 24
7 38 51
8 41 93
8 93 96
8 88 95
8 12 111
6 16 28
8 57 114
8 41 44
8 17 30
8 40 101
7 29 38
8 28 106
8 44 48
8 38 43
1 1 1
8 84 124
5 16 16
8 26 105
8 43 64
7 12 52
8 55 74
8 18 75
7 29 39
8 4 74
8 48 103
8 103 115
8 86 118
8 58 81
8 6 30
8 17 115
7 23 34
8 25 42
8 97 128
8 44 65
8 93 106
8 64 82
8 17 70
8 25 54
7 39 51
8 85 114
8 54 77
7 3 19
8 54 102
8 92 99
8 50 84
6 13 28
8 82 89
7 16 49
8 90 109
8 25 43
8 102 128
8 81 112
8 40 69
8 55 94
7 21 35
8 16 57
7 8 58
8 12 82
8 8 91
7 25 26
8 13 21
8 22 98
8 70 124
8 102 102
8 55 126
4 2 6
7 16 27
8 91 95
8 61 99
8 37 100
8 13 52
7 18 27
8 76 126
8 23 106
8 32 128
8 52 107
6 4 28
7 7 30
7 32 42
8 84 84
8 63 120
8 100 106
8 16 114
8 25 120
8 80 108
8 48 124
8 22 101
8 1 79
8 74 112
8 18 30
8 25 57
8 53 71
8 32 118
8 37 113
8 15 128
8 8 20
7 1 20
8 92 122
8 43 123
8 35 63
6 8 28
8 59 116
8 61 67
8 56 126
7 1 58
8 24 120
4 5 8
8 86 117
8 57 92
8 68 77
8 71 120
8 84 125
8 118 119
8 6 48
7 26 38
8 11 36
8 37 59
8 4 35
8 31 71
7 17 35
8 10 61
6 6 24
8 12 74
7 34 50
8 90 92
8 37 73
8 14 59
8 1 38
7 32 50
8 117 118
5 4 7
8 21 79
8 2 81
8 61 111
8 37 85
7 26 45
8 52 108
8 32 64
8 25 98
8 104 114
7 15 16
8 33 125
8 6 99
8 7 116
8 28 64
8 6 108
8 45 76
8 45 108
8 53 60
8 36 70
7 10 58
8 27 65
8 49 52
8 33 36
8 28 81
8 122 122
7 43 45
6 3 25
8 48 48
8 5 20
8 11 33
7 1 64
8 60 95
8 6 125
8 92 95
7 23 61
8 105 111
8 33 98
8 2 66
8 22 73
8 75 94
8 12 46
7 7 36
7 16 58
8 30 54
8 73 87
7 16 46
8 89 109
8 17 108
7 6 56
8 46 115
7 22 46
8 39 66
8 40 112
8 114 126
8 68 78
6 5 24
8 54 112
8 33 64
4 4 6
8 99 100
8 11 70
8 96 122
7 27 28
8 2 33
7 39 55
8 1 108
8 23 128
8 94 117
8 32 66
8 95 99
8 77 123
8 26 60
7 38 61
8 56 113
8 7 120
8 17 116
8 41 94
8 8 11
7 50 56
8 34 84
8 38 49
8 26 30
8 61 85
7 53 54
7 14 42
7 12 19
8 9 36
8 31 109
8 25 102
8 30 48
7 26 63
8 31 52
8 52 58
8 37 91
8 10 111
8 82 117
8 21 109
8 4 73
7 8 51
8 72 118
8 12 63
6 1 14
8 10 104
8 67 117
8 16 24
8 58 67
8 16 91
8 62 84
8 44 110
7 43 51
8 101 107
8 9 65
8 75 90
8 32 37
8 50 72
8 7 22
8 20 72
8 21 70
8 2 115
7 42 54
7 11 30
8 78 124
5 4 13
8 37 63
8 9 25
8 30 121
8 5 124
8 21 48
8 29 65
8 58 114
8 56 69
8 30 79
8 89 119
8 1 118
8 48 89
8 9 85
8 18 127
8 70 118
6 19 21
8 7 33
7 27 42
8 19 54
7 6 7
8 14 84
8 18 50
8 106 107
8 7 28
8 64 123
8 6 83
7 51 57
6 12 32
7 26 34
7 53 58
8 56 76
8 5 43
8 61 95
8 28 108
8 38 42
8 77 80
8 38 104
7 17 37
6 26 28
7 43 56
8 47 78
8 7 24
8 3 4
8 1 109
7 27 47
8 1 95
8 34 67
8 98 111
6 13 25
5 2 14
6 20 32
7 14 31
7 45 50
8 42 85
8 66 128
8 1 104
8 28 88
8 35 103
8 50 71
7 6 29
8 32 38
7 47 50
8 20 108
6 25 26
6 6 26
8 30 45
7 13 28
8 31 103
8 93 125
8 48 75
8 39 81
7 34 56
8 17 117
8 30 43
8 84 127
8 35 74
8 100 109
8 53 76
8 104 116
8 18 108
8 93 126
8 24 59
8 6 37
7 1 26
8 110 117
7 12 53
8 77 85
8 21 45
6 17 23
8 9 56
8 89 127
7 40 48
7 5 28
8 51 115
8 2 22
7 13 39
8 4 77
8 116 116
8 10 19
8 75 87
7 17 18
8 91 91
7 48 55
8 70 71
8 57 108
8 4 44
8 44 80
7 5 10
8 65 124
8 52 93
8 13 82
8 107 107
8 26 62
8 56 57
8 21 100
5 6 6
7 6 6
8 1 97
7 43 50
8 19 56
8 67 98
8 15 92
8 48 69
6 10 30
8 95 121
7 31 61
8 15 116
8 7 95
8 11 51
8 4 31
8 44 70
7 4 33
8 42 68
8 73 98
8 104 126
8 26 121
8 1 77
8 25 93
8 17 41
5 10 12
8 26 69
8 16 49
8 83 107
6 3 29
7 11 50
7 1 33
8 49 67
8 64 85
8 31 44
8 9 13
8 63 64
8 71 71
8 42 71
8 48 80
8 67 114
8 84 102
8 45 64
8 14 36
8 41 106
8 30 124
7 31 52
8 44 55
6 27 28
7 49 61
8 10 96
8 41 110
8 6 126
8 18 46
8 61 117
6 15 28
8 4 46
8 26 40
8 72 116
8 2 108
8 20 68
7 39 40
8 38 56
8 30 98
8 67 67
6 22 32
8 24 104
8 110 110
7 19 41
8 83 105
8 82 97
8 118 120
8 22 88
8 111 124
8 21 108
8 32 62
8 16 96
8 84 93
8 39 108
8 12 13
6 11 32
8 21 21
7 21 22
7 35 45
8 22 45
8 14 117
6 9 24
8 72 99
8 35 51
8 9 24
6 2 26
7 19 24
8 68 86
8 15 125
8 122 123
8 42 103
8 71 88
8 50 123
8 59 59
8 38 70
7 9 48
7 12 24
8 51 58
8 66 113
8 30 90
8 83 101
8 33 46
7 8 28
8 36 86
8 13 77
8 80 127
5 11 16
8 28 40
8 73 97
8 94 126
5 9 16
5 3 6
8 38 100
8 19 19
8 1 126
8 14 42
8 36 82
8 10 125
8 25 116
8 120 120
8 45 74
7 43 64
6 3 30
8 40 75
8 33 76
7 17 36
6 21 22
8 79 121
8 44 99
8 24 60
8 26 48
8 49 73
8 17 94
8 84 110
8 37 75
8 67 77
8 14 27
8 44 106
8 45 125
8 59 124
8 40 43
8 37 51
8 4 30
6 15 31
6 12 14
8 79 94
8 106 119
7 41 62
8 81 121
6 3 3
8 1 59
5 3 7
8 8 78
8 22 25
8 3 47
8 44 107
6 20 25
8 8 99
8 34 128
8 28 125
8 28 109
8 100 102
7 2 53
7 6 47
8 21 42
8 64 109
6 15 17
8 70 112
8 15 35
8 49 108
8 17 99
8 14 14
8 30 125
8 76 107
8 14 112
7 5 62
8 41 111
8 59 119
8 13 68
8 8 18
8 2 12
8 3 114
8 4 110
8 20 119
7 42 55
8 83 121
7 18 47
8 25 122
8 6 119
8 29 39
8 28 85
8 19 94
8 35 126
8 81 91
8 13 13
8 65 78
8 41 83
8 27 85
7 37 37
8 90 113
8 74 123
7 10 55
8 8 127
8 8 103
8 28 39
8 111 112
8 97 120
8 44 119
8 53 121
8 65 107
7 2 41
6 14 23
8 52 74
8 55 66
8 46 77
8 19 118
7 16 36
6 14 14
8 25 53
8 86 102
8 2 56
8 76 100
8 56 124
8 60 74
8 31 125
8 60 70
8 61 69
8 6 61
8 61 123
8 6 50
8 71 127
8 56 56
7 19 42
8 82 125
8 59 85
7 23 42
8 41 104
8 45 52
8 65 126
8 74 124
8 34 104
8 119 128
7 45 55
8 19 93
7 3 16
7 4 15
8 32 58
7 9 50
6 1 24
7 44 64
8 85 113
8 3 34
8 21 59
8 93 95
8 45 55
8 59 89
8 27 74
8 16 78
8 46 108
8 4 49
8 26 86
6 7 10
8 76 81
6 21 25
8 94 95
8 35 109
8 33 83
8 50 104
8 38 118
8 91 126
8 80 89
7 21 30
8 92 105
8 15 33
7 13 58
8 7 20
8 52 128
8 23 113
8 9 15
8 56 123
8 38 53
8 20 52
8 116 122
8 10 55
4 6 7
8 47 50
8 76 118
6 8 14
6 13 21
8 32 73
8 57 122
7 10 12
8 20 40
8 60 108
8 67 121
8 82 83
8 48 79
8 109 126
8 22 115
6 20 29
7 2 27
8 9 113
8 116 125
6 9 31
7 21 23
8 31 49
8 9 83
8 21 99
8 11 110
8 77 127
8 70 72
7 26 43
8 13 113
8 19 84
8 77 77
8 60 118
8 18 54
6 10 28
8 10 42
8 40 119
8 80 86
8 15 75
8 43 48
8 1 1
7 51 55
8 43 65
8 44 83
8 74 115
8 27 125
8 4 128
8 85 98
8 64 66
7 36 64
8 24 86
8 18 65
8 51 110
8 78 83
8 72 101
8 38 58
8 17 100
8 31 74
8 77 118
8 40 46
8 8 90
8 101 112
8 97 115
6 2 16
8 12 32
8 2 117
8 93 112
8 35 88
7 18 35
8 22 40
7 13 41
7 6 9
8 21 101
8 14 21
7 10 23
8 3 33
8 18 36
8 11 30
8 8 121
7 19 62
7 2 37
8 52 71
8 40 86
8 29 97
8 54 118
8 13 87
8 50 62
5 2 6
8 12 118
5 2 16
8 49 122
8 81 97
8 66 71
8 51 72
7 5 6
8 7 49
7 26 32
8 28 32
8 46 46
7 53 55
8 13 124
8 30 99
8 40 90
8 31 100
7 15 44
8 91 112
8 14 58
7 28 40
7 7 37
8 44 62
8 25 71
8 31 64
7 44 61
8 50 127
7 10 44
6 19 28
7 33 35
8 64 79
8 35 96
8 79 88
7 30 58
8 25 105
8 57 73
8 25 76
8 5 10
8 76 113
8 28 110
7 35 62
8 6 96
8 58 65
8 5 85
8 87 108
6 13 32
6 12 24
8 97 112
8 25 117
7 23 45
8 23 64
8 32 80
8 92 92
6 4 11
8 47 112
8 38 84
7 21 49
8 41 75
8 26 26
8 90 99
8 57 87
8 112 125
8 42 127
8 14 88
8 35 99
8 3 113
8 52 68
7 41 55
7 38 56
7 40 43
8 63 99
8 50 56
8 53 113
8 77 87
8 44 121
8 54 65
8 47 99
8 14 64
8 60 86
8 35 70
8 12 83
8 18 128
7 43 53
8 35 35
8 81 100
8 97 123
7 11 41
7 7 35
7 11 54
8 4 62
8 82 100
8 9 34
7 20 57
4 2 4
7 39 50
6 3 16
7 16 38
8 2 38
8 9 111
8 26 81
8 5 106
8 52 115
8 16 17
8 37 79
7 29 33
7 25 30
7 35 54
5 12 14
8 40 98
8 24 125
8 46 73
7 63 63
8 20 118
8 34 41
8 108 111
8 49 51
8 81 122
8 48 114
8 88 119
8 102 115
8 91 109
8 32 107
8 86 124
8 113 121
8 5 81
6 20 26
8 28 116
6 11 28
8 4 114
8 50 97
7 17 40
8 56 75
8 44 76
8 3 15
7 8 22
8 12 102
8 1 106
8 80 91
8 10 25
7 27 52
8 5 24
8 38 66
7 16 33
8 23 114
8 26 49
8 39 69
5 5 13
7 3 58
8 58 108
8 65 90
8 12 65
8 105 109
8 23 49
6 13 20
8 8 101
8 5 65
8 26 85
8 48 78
8 44 58
8 82 87
8 4 34
8 61 109
6 10 11
8 39 59
8 80 116
7 13 14
8 33 112
8 29 114
8 97 127
6 3 8
8 7 104
8 42 69
8 5 125
8 49 96
8 2 88
7 25 39
8 11 22
8 79 80
8 49 50
8 73 107
8 9 74
8 42 93
8 10 127
7 16 57
8 41 108
8 49 110
8 41 119
8 88 109
6 9 29
8 37 105
8 43 95
8 29 40
8 108 115
8 83 122
7 2 46
7 44 46
8 59 103
6 3 17
8 32 101
7 29 41
8 30 106
8 30 73
7 5 9
8 70 74
7 20 35
7 11 37
8 36 124
8 20 98
7 28 52
7 20 29
8 43 101
8 8 107
8 66 111
8 33 110
7 12 34
7 24 58
8 59 72
7 51 53
8 50 91
8 100 115
7 3 35
8 69 105
8 68 117
4 6 6
8 37 122
8 8 16
8 10 21
8 48 113
8 40 77
5 3 12
8 63 86
8 45 88
6 8 22
8 31 79
7 6 34
8 32 96
8 17 43
8 61 65
6 27 32
8 1 33
8 53 93
8 43 44
7 4 21
8 55 128
8 89 96
8 76 109
8 26 54
8 50 68
8 44 113
6 2 8
8 29 106
7 34 57
6 13 30
7 18 51
8 53 77
8 45 86
8 94 107
8 9 78
8 117 128
8 1 96
8 120 127
8 50 113
7 29 63
8 91 118
7 20 49
8 65 127
8 102 116
8 32 91
8 69 110
8 37 45
8 37 70
8 51 73
8 90 112
8 58 91
7 11 43
7 14 62
8 4 12
8 17 20
8 92 108
8 18 90
8 20 94
8 17 46
8 3 78
8 78 128
8 22 76
8 7 93
8 19 113
8 57 74
8 71 109
8 3 126
8 76 125
8 80 90
8 102 103
5 8 16
8 93 111
7 55 58
7 11 60
8 1 2
7 35 43
8 50 110
8 55 89
8 3 67
8 24 69
8 69 99
8 66 104
7 7 22
6 11 26
7 21 52
8 52 87
8 79 79
8 11 115
8 47 71
8 33 82
8 36 73
7 58 64
8 19 120
8 24 74
8 33 89
8 37 58
8 39 63
8 73 93
8 12 71
8 6 10
8 57 83
6 7 25
8 56 89
8 4 8
8 5 6
8 21 69
8 114 116
8 75 86
8 22 82
6 13 29
8 32 53
8 106 128
8 39 119
7 10 41
7 9 54
8 62 79
8 34 122
8 26 93
8 17 110
8 94 120
8 96 115
8 28 73
8 107 108
8 8 50
8 33 50
8 74 109
8 73 89
8 7 9
7 18 41
8 43 75
8 48 87
8 1 105
7 25 52
8 11 100
7 55 57
8 28 83
8 18 42
8 24 118
8 40 114
8 40 113
7 22 29
8 7 35
8 15 34
8 10 33
8 26 113
8 26 74
8 100 104
8 19 80
8 14 100
6 11 23
7 23 50
7 48 59
8 48 101
8 19 77
8 86 86
8 12 61
7 1 3
8 82 128
8 33 100
8 10 31
8 37 72
8 54 110
8 41 55
8 38 109
8 47 79
4 5 6
8 59 102
8 58 68
8 48 111
7 52 53
7 45 45
7 10 29
7 13 40
8 60 106
8 88 106
8 103 114
8 12 108
8 44 59
8 46 53
8 78 106
8 46 78
8 97 98
8 22 29
8 28 28
8 120 125
8 62 88
8 22 48
7 19 57
8 22 83
8 28 118
8 74 87
8 73 92
8 77 82
8 36 62
8 31 46
8 12 92
8 66 114
7 23 58
7 40 58
8 10 57
7 7 63
8 66 122
8 1 31
8 58 119
8 67 110
7 13 61
8 59 109
8 11 84
8 79 95
6 5 5
8 8 55
8 69 90
7 28 41
8 87 113
8 28 105
8 96 123
8 19 92
8 46 121
8 70 77
8 121 124
8 119 119
8 77 79
8 58 76
7 17 50
8 50 103
7 27 57
8 1 72
8 11 74
8 30 126
7 21 57
8 110 125
8 87 99
8 8 67
8 15 57
8 95 123
8 5 51
8 21 124
7 5 20
8 11 94
8 8 106
8 11 78
8 98 120
8 89 113
8 93 100
8 39 102
8 31 63
8 15 30
8 1 98
7 42 56
5 1 1
8 48 76
8 36 111
7 14 17
7 9 29
8 124 124
8 110 128
8 40 61
8 10 99
8 12 84
8 15 121
6 3 20
8 32 79
8 10 81
7 33 53
6 20 20
8 44 98
8 34 120
8 123 128
8 64 91
7 33 42
8 18 87
8 2 24
8 13 50
8 76 79
8 24 102
7 54 55
8 30 120
7 47 52
8 72 80
8 34 124
8 5 13
8 5 11
8 29 48
6 6 29
7 7 58
8 2 90
8 87 122
8 23 72
8 49 84
8 16 62
8 2 57
8 3 75
8 28 43
8 59 96
8 21 102
8 39 122
8 36 60
8 11 63
8 76 76
8 44 109
8 68 72
8 4 42
7 10 25
8 120 123
7 12 60
8 45 67
8 78 99
8 38 38
8 16 53
6 1 28
8 59 122
7 15 20
8 6 36
8 19 39
8 61 68
8 24 91
8 15 85
8 4 111
8 38 45
8 52 72
7 15 25
8 35 113
8 78 100
8 34 88
3 1 1
8 84 128
8 6 71
8 5 36
8 103 109
8 98 99
8 72 76
8 36 102
5 10 13
8 7 30
8 13 72
8 58 111
8 76 128
8 20 123
8 78 111
8 33 43
8 36 74
8 13 73
8 87 104
8 48 116
8 38 125
8 1 100
8 53 92
8 27 90
8 23 121
8 102 108
8 1 119
8 29 109
8 51 86
6 12 22
8 22 51
8 54 78
7 26 62
8 16 120
8 57 106
8 19 73
8 31 121
8 10 12
8 27 69
8 21 33
6 21 26
7 33 61
7 53 63
8 47 59
8 28 112
8 97 110
8 47 125
7 5 11
8 4 113
8 127 128
8 51 93
8 36 78
8 60 61
8 79 105
8 26 64
8 8 87
8 55 83
8 35 40
8 5 35
8 91 94
8 10 87
8 1 82
8 96 106
8 23 28
7 29 32
8 49 124
8 23 29
8 1 62
7 38 59
8 50 81
6 4 22
7 21 64
7 21 63
8 6 43
8 6 53
8 6 90
8 16 39
8 75 119
8 40 53
8 4 127
7 33 64
8 85 102
8 30 104
7 37 42
7 37 55
8 40 127
8 87 97
8 53 62
8 98 100
8 67 116
8 106 117
8 6 42
8 14 40
8 15 93
8 51 60
8 15 26
8 90 93
8 39 92
8 22 77
7 9 9
8 20 66
7 36 39
7 11 22
8 17 33
8 78 78
6 23 28
8 27 63
8 62 93
8 28 119
8 29 123
8 28 100
8 59 95
8 63 65
8 88 93
8 106 109
8 41 91
8 61 124
8 15 88
8 118 128
8 58 78
8 23 91
8 84 118
7 19 56
6 7 19
4 3 7
8 82 102
8 7 97
2 2 2
7 3 3
8 67 93
7 52 63
8 50 124
8 93 97
8 40 110
8 57 68
8 31 107
8 109 127
8 82 90
8 19 115
8 16 28
8 96 124
8 51 57
8 15 123
8 18 40
8 35 78
8 95 110
8 24 75
8 6 91
8 54 82
7 4 31
8 6 49
7 11 46
7 14 19
8 37 67
7 17 42
8 4 76
8 17 79
8 13 97
8 73 122
8 42 63
7 22 35
8 43 114
7 28 28
8 107 116
8 33 99
8 3 71
8 96 97
8 43 69
8 92 120
8 30 127
8 20 89
8 9 89
8 8 102
8 33 85
8 5 14
7 8 11
8 68 111
8 69 72
7 30 37
7 40 53
8 26 66
7 34 46
7 16 21
8 101 104
6 28 31
8 1 27
8 43 97
7 52 62
8 12 15
8 53 87
8 35 119
8 17 24
6 1 1
5 5 5
6 19 22
7 37 62
8 24 94
8 1 124
8 65 106
8 53 102
8 3 8
8 24 66
8 6 88
8 29 62
8 57 110
7 6 43
8 24 128
8 30 47
8 30 100
8 64 89
8 15 110
8 98 113
8 97 106
8 92 103
8 37 43
8 7 29
8 29 90
8 72 125
7 18 61
8 86 106
5 1 6
8 28 61
8 89 92
8 29 68
8 37 97
7 36 62
7 1 52
8 65 85
8 66 91
6 8 13
8 53 58
8 35 48
8 6 34
7 4 40
8 84 117
7 22 60
8 50 87
8 65 115
8 55 93
7 33 40
8 62 122
8 76 82
8 86 99
8 72 93
8 38 86
8 8 84
8 36 95
8 107 118
7 22 58
8 19 126
7 17 20
8 16 27
8 44 73
8 77 119
7 20 27
8 22 81
8 4 82
8 11 123
7 51 59
7 25 57
8 50 77
8 59 69
8 55 104
8 69 118
8 100 121
8 31 116
7 45 48
7 13 31
8 15 65
8 67 72
7 3 41
8 24 48
7 61 62
8 69 76
8 15 44
8 104 110
8 11 50
8 8 63
8 56 81
7 25 60
8 51 101
7 16 43
8 25 55
8 38 97
8 69 116
8 13 33
8 56 106
8 66 84
8 32 32
7 22 33
7 53 62
7 37 56
7 2 8
7 41 60
8 68 114
8 11 55
8 116 124
8 1 94
8 60 113
8 32 92
8 70 79
8 47 74
5 5 14
8 60 126
8 53 127
8 32 126
7 16 28
8 42 102
8 30 96
8 55 121
8 73 127
6 16 17
8 9 110
8 7 64
8 87 109
8 16 109
8 73 111
8 67 126
8 52 110
7 7 60
8 13 100
8 7 25
8 51 120
8 79 89
7 36 51
8 28 38
8 29 117
8 15 51
7 15 40
8 42 51
8 11 79
5 9 14
8 109 125
8 103 105
8 35 128
6 2 9
8 40 88
8 1 128
7 32 40
8 17 104
8 78 108
8 70 89
8 78 104
8 28 120
8 34 71
8 29 57
8 5 127
8 24 110
8 76 85
7 22 59
8 36 55
8 77 94
7 46 50
8 81 90
8 78 84
8 66 118
8 7 79
8 71 93
8 2 8
8 41 103
8 8 75
8 50 78
7 30 51
8 80 96
8 12 22
8 72 105
8 73 125
8 46 67
8 96 116
8 13 104
8 2 83
8 1 32
8 28 114
8 1 92
8 22 75
8 88 112
8 60 66
6 9 15
7 25 47
8 91 106
7 35 50
8 26 59
7 5 16
8 41 51
8 3 21
7 4 46
8 27 27
4 4 5
7 20 43
8 31 102
8 31 57
5 15 15
8 30 91
7 13 45
8 49 120
7 37 46
8 49 102
7 50 57
8 11 37
8 54 68
8 40 41
8 93 108
8 11 53
8 10 126
8 13 48
8 22 55
8 23 50
8 72 108
8 34 77
8 47 73
8 31 66
8 32 103
7 7 59
8 6 122
8 2 98
8 72 117
7 16 19
8 10 108
8 9 108
8 1 22
8 75 111
7 39 49
7 16 47
8 36 56
8 43 53
6 11 24
8 17 49
8 76 83
8 31 99
8 79 101
8 108 120
8 52 121
8 42 42
7 31 35
8 39 72
8 5 92
8 88 117
8 11 71
7 8 50
8 50 66
8 89 111
8 23 80
7 4 57
8 4 23
8 25 81
8 9 33
8 16 50
8 55 124
7 24 63
8 6 86
8 67 86
8 32 71
8 62 63
8 84 97
8 81 123
5 8 13
8 86 114
8 55 72
8 9 125
7 16 20
8 43 57
8 44 53
8 17 40
8 4 103
8 23 97
7 43 57
8 3 59
7 8 15
6 2 5
8 51 69
7 11 63
8 26 51
8 74 126
8 12 12
8 6 26
8 33 59
7 49 49
8 117 126
8 48 84
7 24 24
8 88 121
8 13 60
8 37 86
6 1 18
8 91 99
8 92 110
7 5 27
7 57 61
7 50 60
8 30 63
8 20 51
8 11 92
7 1 40
7 13 32
7 2 54
8 48 108
7 4 37
6 7 8
7 18 56
8 43 77
8 31 128
8 19 53
8 7 90
8 31 115
6 21 32
8 49 99
8 16 21
8 38 103
8 105 105
5 12 13
8 43 92
6 4 5
8 83 93
8 56 73
8 38 64
8 81 114
8 38 116
8 6 115
6 5 8
6 13 19
8 75 118
8 124 125
8 99 128
8 5 78
8 39 48
8 63 92
8 66 79
8 51 54
8 3 91
8 23 86
8 7 126
8 11 120
8 52 73
8 51 121
8 39 101
8 58 106
7 23 29
7 17 17
8 93 105
8 14 98
6 12 27
8 30 86
8 16 56
7 1 36
8 42 73
8 68 121
8 21 111
8 15 90
8 21 81
7 6 16
7 50 50
6 10 23
5 3 5
8 29 79
8 13 51
8 20 38
7 18 55
8 38 76
8 6 44
6 10 16
8 85 96
8 57 71
8 42 75
7 19 46
8 7 100
8 52 77
8 51 107
7 46 51
8 48 88
6 3 32
8 54 117
6 18 20
8 26 117
7 3 38
8 41 123
7 27 54
8 4 108
8 9 98
6 25 29
7 13 36
8 11 76
8 66 98
6 15 21
8 33 56
4 3 8
8 75 117
8 61 122
5 2 13
8 34 52
8 33 35
8 24 28
8 37 128
7 11 53
8 14 97
8 52 86
8 105 116
7 32 53
8 1 39
8 15 48
7 25 45
7 19 25
8 39 53
8 23 109
8 37 115
8 13 49
8 22 103
8 18 57
6 5 12
8 70 116
8 29 38
8 42 104
8 50 115
8 51 95
8 110 114
5 8 15
7 2 19
8 44 47
8 125 127
8 3 90
8 13 78
8 49 72
7 32 32
8 63 121
8 79 106
8 14 66
5 6 12
8 118 127
8 35 106
7 28 57
8 21 49
8 55 55
8 85 99
8 3 101
8 11 75
8 37 62
7 6 22
8 19 128
8 77 110
7 40 59
7 23 40
7 26 26
8 48 90
8 8 77
7 14 60
8 77 84
8 21 66
8 81 96
7 16 42
8 90 126
8 71 92
8 60 69
7 13 54
7 16 62
8 38 61
8 28 124
8 58 86
8 113 122
8 17 54
8 45 90
7 13 29
8 17 21
7 46 60
8 59 106
3 1 2
7 48 62
8 91 105
8 15 82
8 58 97
8 29 125
8 23 45
8 1 71
8 53 120
7 12 37
8 22 69
8 22 84
8 3 76
7 15 50
8 2 120
7 16 51
8 33 63
7 37 44
7 15 47
8 62 82
8 63 117
8 11 62
7 20 41
8 80 87
8 5 63
8 68 80
8 45 93
8 11 17
8 18 21
8 63 88
7 23 44
8 45 99
7 10 39
8 62 118
8 53 88
8 30 52
6 8 16
8 38 55
8 50 117
8 19 29
8 46 82
7 6 45
8 78 88
8 19 88
8 19 37
8 57 123
8 26 98
8 10 118
8 109 110
8 78 121
7 6 50
8 60 111
8 4 89
8 82 113
8 24 41
7 2 9
8 97 119
8 6 97
8 61 78
7 9 38
8 119 127
8 11 11
7 20 22
7 20 56
8 35 72
8 82 121
8 51 79
8 81 116
8 14 24
8 118 123
8 73 91
8 46 87
8 79 128
8 31 114
8 6 69
8 99 108
7 27 61
8 82 104
8 50 106
8 13 53
8 43 108
8 64 95
8 53 119
7 14 27
8 42 45
8 5 60
8 92 116
3 3 3
7 24 43
8 79 110
7 8 26
8 54 72
8 10 80
8 26 36
8 65 77
8 19 99
8 60 82
8 66 117
8 79 103
8 62 85
6 19 23
8 66 108
8 38 96
7 58 62
8 93 93
8 77 106
8 22 79
7 7 43
8 3 23
6 18 30
8 38 106
8 61 88
7 36 36
8 48 126
8 51 82
7 7 54
8 72 72
8 20 46
8 17 83
8 2 27
8 107 111
8 83 115
8 10 106
8 27 100
8 106 116
8 43 85
7 37 38
4 2 7
8 103 122
8 18 93
8 121 126
8 80 123
8 21 116
7 60 63
8 41 109
8 56 93
8 83 86
7 32 63
8 96 107
8 31 117
8 20 62
8 44 66
8 6 121
8 61 121
8 37 112
8 91 121
8 43 87
7 40 47
8 95 116
8 38 121
6 23 31
7 28 56
7 35 46
6 5 20
8 7 109
8 40 87
8 104 105
7 1 29
8 26 109
8 25 125
8 9 28
8 1 55
8 46 96
8 60 85
7 11 59
8 4 88
7 46 46
7 20 53
8 25 127
8 23 51
6 21 30
8 43 116
6 6 25
7 25 54
6 7 32
8 95 106
8 39 103
8 9 97
6 29 31
8 109 121
8 51 119
8 44 87
8 44 111
7 28 44
8 26 70
8 25 31
8 48 123
8 43 68
8 75 75
8 68 96
8 18 58
8 47 77
8 100 116
8 41 77
8 104 117
8 61 86
8 66 110
8 85 104
8 41 47
8 98 117
8 44 93
7 23 37
8 31 118
8 90 97
7 10 48
7 37 51
8 66 87
8 45 94
7 21 24
6 5 13
7 19 26
7 29 51
8 68 81
8 4 6
8 53 55
6 17 24
7 29 58
8 14 103
8 65 91
6 3 4
8 6 92
7 28 32
8 31 92
6 17 21
8 44 81
8 37 48
5 4 14
8 15 122
7 21 56
8 31 55
8 38 114
6 9 26
8 50 90
7 37 47
6 12 17
8 13 114
8 82 127
8 65 114
8 11 111
8 14 65
8 84 94
7 13 49
8 66 119
8 83 118
8 65 118
7 11 23
8 61 92
6 7 11
7 28 55
8 49 75
8 59 71
7 21 21
8 24 44
8 82 126
7 48 58
8 55 56
8 54 62
8 76 110
8 64 70
7 57 60
8 31 50
8 46 70
8 59 126
8 3 38
8 3 45
8 67 107
7 17 21
8 3 99
8 30 55
8 35 76
5 7 7
8 14 92
8 12 40
8 19 21
8 25 27
8 16 127
8 120 126
8 27 92
8 64 69
8 48 95
8 43 88
8 43 107
8 34 48
8 94 100
8 78 82
8 17 76
8 9 88
7 5 26
8 96 108
6 5 23
8 1 66
7 29 48
8 1 49
8 35 125
7 23 30
8 30 115
8 89 114
8 6 89
8 64 97
8 30 71
7 13 20
8 57 75
8 12 57
8 12 66
8 54 84
8 13 122
8 44 75
8 10 50
8 22 23
7 9 30
7 22 49
8 54 121
8 14 68
5 1 5
7 20 55
6 2 27
7 27 35
8 121 121
8 35 97
7 6 41
8 88 103
6 4 14
8 60 122
7 12 49
8 63 111
6 4 15
8 36 44
8 47 107
8 29 86
8 42 123
8 25 37
7 28 35
8 3 9
6 2 10
7 27 44
8 36 121
8 39 117
8 49 104
7 25 38
8 39 88
8 27 66
8 47 66
8 16 65
8 69 96
6 7 13
8 36 48
8 28 52
8 54 94
8 49 79
8 97 102
8 8 72
8 110 113
8 33 37
8 96 118
7 38 50
7 47 55
8 111 123
6 4 4
8 60 67
8 72 104
8 39 87
8 29 43
8 4 125
8 59 120
8 23 73
8 44 78
8 39 115
8 8 30
6 6 32
8 80 109
8 6 101
8 2 29
8 100 108
8 13 26
5 6 8
8 76 94
8 85 89
8 32 87
8 11 59
8 121 128
8 93 104
8 30 92
8 34 61
8 53 90
7 9 14
6 10 10
8 73 96
8 27 75
7 16 48
8 20 106
8 15 127
8 37 125
7 14 56
8 24 49
8 22 64
8 34 59
8 41 90
7 57 63
8 74 122
7 32 58
7 2 10
8 86 92
6 29 29
8 17 58
8 62 98
8 13 32
7 8 19
7 40 60
6 9 27
6 25 32
8 29 32
7 15 23
7 56 58
8 61 83
8 10 117
8 26 63
7 8 41
8 73 84
7 42 51
7 14 26
6 4 29
8 93 98
7 5 19
8 22 118
8 45 115
8 49 111
8 33 39
8 36 77
8 71 112
8 27 59
8 70 111
7 2 50
8 46 99
6 22 28
8 28 92
8 61 125
8 4 65
8 43 73
7 19 29
8 73 112
8 120 128
8 9 86
8 44 95
8 2 44
8 5 48
8 9 17
8 43 82
8 11 31
8 45 53
8 57 127
8 37 126
7 2 47
8 49 95
8 42 83
7 45 52
8 16 92
6 19 32
7 11 31
8 3 16
8 1 67
6 4 32
7 8 30
8 24 26
8 66 125
7 27 59
8 25 58
7 1 24
8 67 70
8 27 51
8 21 110
8 35 69
8 56 103
7 34 53
8 9 16
8 57 63
8 12 123
8 12 89
8 30 95
7 6 19
8 98 127
7 1 54
8 31 39
8 42 91
8 3 40
8 16 60
7 14 64
7 46 58
8 7 106
8 4 92
8 75 113
8 41 60
7 5 61
8 64 112
8 35 95
8 72 102
7 40 40
8 13 96
8 21 61
7 44 52
8 19 45
8 60 107
8 91 107
8 88 122
6 19 25
8 14 107
8 60 60
8 13 34
6 26 27
7 17 56
8 108 123
8 26 80
7 33 33
8 17 19
8 67 88
7 31 44
8 51 122
8 108 108
8 64 98
8 26 57
8 75 76
8 74 88
8 44 115
8 87 96
7 1 34
8 110 115
8 32 59
8 19 107
8 47 93
8 18 76
8 16 19
8 26 108
8 70 81
8 7 117
8 24 36
8 49 97
8 15 47
8 3 85
8 9 9
8 66 94
8 56 102
8 58 73
8 47 91
7 37 50
7 44 55
8 4 70
6 19 30
7 17 61
8 12 114
8 10 79
8 14 22
8 68 126
8 21 92
7 41 45
8 56 63
8 14 114
8 36 109
8 45 95
8 10 85
8 21 83
8 5 113
8 33 109
7 54 63
7 45 62
8 42 107
8 85 105
8 41 63
8 90 96
7 11 55
7 41 41
7 61 61
8 30 84
8 24 57
8 19 82
7 25 33
7 30 63
8 6 82
8 66 67
8 2 76
8 95 115
8 3 57
8 62 115
8 68 93
7 26 31
8 105 108
6 8 30
8 72 91
8 9 94
8 111 120
8 14 61
8 12 120
8 4 14
8 54 54
8 87 91
7 3 33
8 12 59
8 37 37
7 16 52
8 38 95
8 84 99
8 41 69
8 11 54
8 44 57
6 10 20
8 48 102
7 9 20
8 31 84
8 23 88
8 9 62
8 31 43
8 59 77
8 9 58
8 47 92
8 15 74
7 52 55
8 3 94
8 11 87
8 18 88
8 92 111
8 33 120
8 20 100
8 23 40
8 16 126
7 22 45
8 31 78
8 40 107
8 54 126
8 58 105
8 8 81
8 115 116
7 30 61
5 3 16
8 37 99
8 43 59
8 90 120
8 70 83
8 7 110
8 13 44
8 49 68
8 87 115
8 88 92
8 23 115
8 21 39
7 20 50
7 7 33
7 19 59
8 4 38
8 55 78
8 68 107
8 78 103
8 1 110
8 9 77
8 12 128
8 56 115
6 3 5
8 47 116
8 26 67
8 91 111
8 25 86
8 95 119
8 46 81
7 36 59
8 75 112
7 28 51
8 117 125
7 6 18
8 40 72
8 56 99
8 27 40
7 34 43
8 85 86
8 44 86
8 41 56
8 31 119
8 46 71
8 12 51
8 15 63
8 66 92
8 4 72
7 23 55
7 6 20
8 63 95
7 22 43
8 29 89
8 91 123
8 48 70
5 1 7
8 15 84
8 12 117
7 34 36
7 7 28
8 53 128
8 46 126
6 7 12
8 7 21
8 59 65
7 24 38
7 32 41
8 77 111
6 3 23
8 51 88
8 8 29
7 41 46
8 27 83
8 2 77
8 78 95
8 13 90
8 81 115
8 64 118
8 70 119
8 7 19
8 8 69
8 20 23
8 80 128
8 15 16
6 5 22
8 79 114
7 10 32
8 30 68
7 10 51
8 75 97
8 9 19
8 4 13
8 56 82
8 29 52
8 20 32
8 63 126
8 84 121
8 69 98
7 13 37
7 30 30
8 39 60
8 49 123
8 26 68
7 24 28
8 30 66
8 112 114
8 57 66
7 8 31
8 38 67
8 3 25
8 63 110
6 18 25
8 43 115
8 85 94
8 57 80
8 5 102
7 25 59
8 22 28
8 17 50
8 57 120
7 17 30
8 80 106
6 17 29
8 27 60
8 57 118
7 49 52
7 15 51
8 79 96
8 114 120
7 20 60
8 19 28
7 14 41
7 1 48
8 35 98
7 8 40
8 25 113
8 70 108
8 59 76
8 41 84
7 4 38
8 42 100
8 47 123
8 14 46
7 4 50
8 5 109
8 16 43
8 51 98
8 50 61
7 33 48
8 41 127
7 38 63
8 63 82
8 95 100
7 28 45
7 8 35
8 3 81
5 15 16
7 6 57
8 72 110
8 1 107
8 79 126
5 8 12
8 6 24
8 13 79
8 87 111
4 4 4
8 36 47
8 9 29
8 40 111
8 93 114
8 16 74
7 12 59
8 1 50
8 12 16
8 74 98
7 9 19
8 21 112
8 13 42
8 36 63
8 33 69
8 15 83
8 38 120
8 24 90
8 95 120
8 39 42
7 4 58
8 60 127
8 23 33
5 2 9
8 9 66
8 7 51
6 7 7
7 37 39
7 40 62
8 28 76
8 8 9
8 35 77
8 20 59
7 31 39
8 34 121
8 18 125
8 97 118
7 39 42
8 55 69
7 23 49
8 52 70
7 1 13
7 2 44
8 40 116
8 33 48
8 23 23
8 88 94
8 29 81
8 48 86
8 43 72
8 14 48
8 45 56
8 49 112
8 68 103
5 11 15
7 12 27
8 38 51
8 10 71
8 6 103
8 36 114
8 19 102
8 74 120
7 43 61
8 4 86
8 52 102
8 70 92
7 29 49
7 12 47
8 55 101
8 61 82
8 60 128
8 85 90
8 12 50
8 44 74
8 72 119
8 39 85
7 56 59
8 49 76
8 33 114
8 54 104
8 6 59
8 75 110
8 99 103
7 27 30
8 71 126
8 57 112
8 43 125
7 24 53
8 31 122
8 27 102
8 6 62
8 31 111
8 18 110
8 13 85
8 18 104
6 4 25
8 69 83
7 27 49
8 36 122
8 38 39
8 29 94
7 6 15
8 47 57
7 37 60
8 15 77
8 80 112
8 20 71
8 32 83
8 22 66
8 31 110
7 19 20
8 37 121
8 47 47
8 60 119
8 1 127
8 21 118
8 11 105
7 26 61
8 85 110
8 50 82
7 11 39
8 72 94
8 2 84
7 9 52
8 19 104
8 13 46
7 18 23
8 40 68
8 12 116
8 40 48
7 36 57
7 7 14
8 58 123
7 29 47
8 42 95
8 3 60
8 104 106
8 2 41
8 32 55
8 10 37
8 100 126
8 17 118
8 24 78
8 55 123
8 78 117
8 85 111
8 17 91
8 39 98
8 44 72
8 92 115
8 100 118
6 13 31
8 39 49
7 30 31
8 2 15
8 82 120
8 59 81
8 7 83
8 20 22
7 46 56
8 74 125
7 16 32
8 59 74
4 7 8
8 95 105
8 55 85
6 14 26
8 22 106
8 21 105
8 34 100
8 40 120
8 24 123
7 34 64
8 8 85
8 93 116
8 86 107
8 53 123
8 81 87
5 1 15
6 22 22
8 13 83
8 77 105
8 26 111
7 25 43
8 6 8
7 30 48
7 40 64
8 113 116
7 1 31
8 50 53
7 52 59
8 87 120
8 116 120
7 26 29
8 68 71
8 13 123
8 3 103
8 24 88
7 5 36
8 32 106
8 51 116
8 4 90
8 38 48
8 92 118
8 2 124
8 46 72
8 63 94
8 4 32
8 23 77
6 4 16
8 4 106
8 38 63
8 4 5
8 11 128
8 54 101
8 19 121
8 12 112
8 31 98
8 38 98
8 91 92
8 11 56
7 49 62
8 34 125
8 37 40
7 44 60
8 79 104
5 3 9
8 4 47
8 41 48
8 93 107
8 15 119
8 108 121
8 7 46
8 24 112
8 79 97
6 19 26
8 7 39
7 14 33
7 8 55
8 74 117
8 36 67
8 50 93
8 13 117
7 30 50
8 29 118
8 80 126
8 21 93
8 6 29
8 67 84
8 78 92
8 110 122
8 18 37
8 15 62
8 8 12
8 91 125
8 14 18
8 53 118
6 8 29
8 110 127
8 3 79
6 5 9
8 11 121
7 34 38
8 38 122
8 22 89
6 29 32
8 106 120
8 7 63
8 113 124
8 9 20
8 60 99
7 27 37
8 15 27
8 29 110
8 30 78
8 52 53
8 10 77
8 69 120
7 29 59
7 51 51
7 52 52
8 103 120
7 35 51
8 20 115
8 10 119
8 111 119
8 46 76
8 8 61
8 71 100
8 16 31
8 8 17
8 25 123
8 16 95
7 1 59
8 29 30
8 81 98
8 38 59
7 12 43
8 39 58
8 51 103
8 22 53
8 100 125
8 28 95
8 12 113
8 99 105
7 15 58
8 68 87
2 1 2
8 41 95
8 119 120
8 1 60
8 90 106
7 17 54
7 13 27
8 59 115
8 60 83
7 3 42
8 34 76
8 13 91
7 58 63
8 4 21
8 13 63
8 27 78
7 55 55
8 28 94
8 26 114
8 14 118
8 43 118
8 85 100
8 33 117
8 115 121
8 17 55
8 25 52
7 17 59
8 23 116
8 16 106
8 4 64
8 18 77
8 18 31
8 2 126
8 110 123
7 19 33
8 20 54
8 17 73
8 77 124
7 28 39
8 33 108
8 30 93
8 42 56
8 53 56
8 45 50
8 49 114
8 68 105
8 7 50
4 3 6
8 44 68
6 17 31
7 2 38
8 1 76
8 51 104
8 13 107
8 11 122
8 32 40
7 18 46
8 28 128
8 43 58
8 38 46
8 73 77
8 24 24
8 18 18
8 47 113
7 27 55
8 64 90
8 78 87
8 1 54
8 42 57
6 6 22
7 10 26
8 37 64
8 13 14
7 8 29
7 49 58
8 16 90
7 18 24
8 30 108
7 32 56
8 89 120
7 21 44
7 58 58
8 36 36
8 36 112
8 55 91
8 76 124
8 38 123
8 63 119
8 67 91
8 87 117
7 2 30
8 20 60
8 17 66
6 28 32
6 1 21
7 29 36
7 12 14
8 40 118
8 8 41
8 119 125
8 4 99
7 47 51
8 47 75
7 52 60
8 68 74
7 39 57
6 21 23
8 92 100
8 32 115
8 110 112
7 9 24
8 31 127
8 39 120
7 60 64
7 31 58
8 20 127
7 16 23
8 8 51
8 47 61
6 2 2
8 32 98
8 99 118
8 100 110
8 22 67
7 13 59
8 58 120
8 25 35
8 11 42
8 51 55
8 7 80
8 24 126
8 26 33
6 22 29
7 1 37
8 15 120
8 11 86
8 60 116
8 21 123
8 39 127
8 51 123
8 27 103
8 46 74
8 46 95
8 55 111
7 1 60
8 80 122
8 12 69
8 33 40
7 19 63
8 46 61
8 55 80
7 23 64
8 21 78
7 51 64
7 9 44
8 20 83
8 9 67
8 1 42
5 2 2
8 94 96
8 31 105
8 54 128
7 25 29
8 67 69
8 57 70
7 38 57
8 42 82
8 35 54
8 53 66
8 71 117
8 93 119
8 55 77
8 49 92
8 75 102
8 62 70
7 8 14
8 75 95
8 62 73
8 67 111
8 11 106
8 15 69
8 49 109
8 23 127
8 34 60
7 10 11
7 19 21
7 20 34
8 5 79
8 6 118
8 83 126
8 110 119
7 4 27
8 4 18
8 8 68
7 27 60
8 31 67
8 59 114
8 63 125
8 9 102
8 67 105
8 24 79
8 32 81
8 83 111
8 61 120
8 15 126
7 1 32
7 4 32
8 39 100
8 70 101
8 9 55
7 1 39
8 69 84
8 54 79
8 85 116
7 51 52
8 35 38
8 31 61
8 22 94
8 21 37
8 20 73
8 35 84
8 64 99
8 22 123
7 23 27
8 104 118
8 7 88
8 45 102
6 31 31
6 1 20
8 69 73
8 2 107
8 109 111
8 34 117
8 9 93
8 45 128
8 43 63
7 19 27
8 40 51
8 28 121
8 1 57
7 39 43
7 10 22
7 13 34
7 30 39
8 4 37
8 52 55
8 86 125
8 55 100
8 5 96
8 1 20
8 89 128
6 9 19
8 13 103
8 59 86
8 9 12
8 32 84
8 28 51
7 46 61
8 56 97
8 25 63
8 92 102
5 1 3
8 105 110
8 40 97
8 27 113
7 46 49
8 28 29
8 34 118
8 76 102
6 20 23
8 101 120
8 11 108
7 3 14
8 44 123
8 75 89
8 16 121
8 67 68
8 28 97
8 76 88
8 14 74
8 7 69
8 18 61
8 22 35
8 82 116
8 46 65
8 78 107
8 41 41
8 6 85
7 8 8
8 73 88
8 21 94
8 23 84
8 21 30
8 17 39
7 33 49
8 88 104
8 72 82
8 30 76
8 32 68
8 32 52
8 50 76
8 5 105
8 44 71
8 66 107
8 57 93
8 18 52
8 42 108
8 8 10
8 14 101
8 16 52
8 117 122
6 9 18
8 23 95
8 17 124
8 15 17
7 14 38
8 5 15
8 43 80
8 54 76
8 38 99
8 25 70
8 78 122
7 31 50
8 63 87
8 68 115
8 47 56
7 14 29
8 50 128
8 7 94
7 2 21
8 56 125
8 49 83
8 24 56
8 4 9
8 63 97
8 32 75
8 95 104
5 1 9
8 9 105
8 51 74
7 27 33
8 2 5
8 54 125
8 30 101
7 42 52
8 29 61
8 17 111
8 48 105
8 52 125
8 76 104
8 15 45
8 35 52
8 82 85
8 24 45
7 41 57
8 7 92
8 31 33
8 64 68
8 79 127
8 7 58
8 9 124
8 35 59
8 42 49
8 31 42
8 67 75
7 30 33
8 32 76
8 22 58
8 62 119
8 32 113
8 63 123
8 84 107
8 33 71
8 28 47
8 49 65
8 60 103
8 11 15
8 35 58
8 10 114
8 31 80
8 57 102
8 67 74
8 20 112
8 116 118
8 9 114
8 3 50
7 5 54
6 16 25
8 4 102
8 5 66
8 47 97
8 78 119
8 9 116
7 8 37
8 57 72
8 49 91
8 53 109
8 27 127
8 97 126
8 91 116
8 23 119
6 30 30
8 3 24
8 27 57
7 17 57
8 6 57
8 78 110
8 5 77
8 26 77
8 76 106
8 58 127
8 17 68
7 4 26
8 88 127
8 29 78
8 14 85
8 22 90
8 69 95
8 9 106
8 79 117
8 11 125
6 6 20
7 7 17
6 2 21
7 45 54
8 48 106
7 27 50
8 48 57
8 8 44
8 93 123
8 31 53
8 10 93
8 32 122
8 22 50
5 4 4
8 13 64
8 70 93
8 27 58
8 10 15
8 53 107
8 2 86
8 50 73
7 8 49
8 1 123
8 70 84
8 40 103
7 3 49
8 82 114
7 38 44
8 69 100
8 31 38
7 59 64
8 59 121
8 57 90
8 59 108
8 109 116
6 14 30
7 38 52
7 19 38
8 17 125
8 30 82
8 66 72
8 47 60
8 16 102
8 34 47
6 10 18
8 2 18
8 42 70
8 82 82
8 88 125
7 35 52
8 39 80
7 39 60
8 2 10
6 23 27
8 65 96
8 65 117
7 27 39
8 72 121
8 29 29
8 83 92
8 16 18
7 12 57
4 1 7
8 36 100
7 56 61
6 9 9
8 55 114
6 5 27
8 4 60
8 36 125
8 34 56
8 18 49
7 25 56
8 38 90
8 43 52
8 1 90
8 85 126
8 12 98
8 28 79
7 9 13
8 88 113
8 2 67
7 47 57
8 21 106
8 21 56
7 33 56
7 40 44
7 10 19
8 34 38
8 79 92
8 22 127
8 70 99
8 12 73
8 15 49
8 1 13
8 16 45
7 1 28
8 14 99
7 4 56
8 31 60
8 7 12
8 52 63
8 62 117
7 23 43
6 9 28
8 75 114
8 18 114
8 32 119
6 25 30
7 14 37
8 36 65
8 61 106
8 9 103
8 52 69
7 2 61
6 4 12
8 79 118
7 11 58
6 11 30
8 22 92
8 56 98
8 26 107
8 20 78
8 74 101
8 39 91
8 2 35
8 71 78
8 24 105
8 49 55
7 13 24
8 65 93
8 27 116
8 98 119
6 6 27
8 2 78
8 99 124
8 28 87
8 9 11
7 27 32
8 19 62
7 6 39
8 84 100
8 87 118
8 17 101
8 3 39
8 13 116
8 104 111
8 42 126
8 1 122
8 32 48
8 55 127
8 58 58
8 33 91
8 20 104
8 58 72
8 86 97
8 54 71
7 2 63
8 106 123
7 35 60
8 26 99
8 4 80
6 28 28
8 35 102
8 5 121
8 28 42
8 25 101
7 40 41
7 21 51
7 42 62
6 14 32
8 108 122
7 7 61
8 64 86
7 18 64
8 12 44
8 66 127
8 15 89
8 86 121
8 24 31
8 108 127
6 23 30
8 60 117
8 38 69
8 72 89
8 32 77
5 8 14
8 56 70
8 79 83
8 58 74
8 28 41
8 58 87
8 68 79
7 8 38
5 6 11
8 66 105
8 88 91
8 56 65
7 25 63
8 30 59
8 45 66
8 9 44
8 30 31
8 76 115
5 3 14
8 87 124
5 10 14
7 23 53
8 45 62
7 17 63
8 64 119
8 4 81
8 27 98
7 5 57
8 43 46
8 96 126
8 82 106
7 25 35
8 86 95
8 31 87
7 15 46
8 64 93
8 25 65
8 23 76
7 18 20
8 17 126
7 39 62
8 33 34
8 26 124
8 100 101
8 37 118
8 56 88
7 2 34
8 23 41
8 54 66
8 78 125
8 6 67
7 61 64
7 31 53
6 26 30
8 74 83
8 94 121
7 54 61
8 8 38
7 46 55
8 31 90
7 1 55
8 35 39
8 25 114
8 45 113
8 2 60
8 25 45
8 51 91
8 69 86
8 117 127
8 47 51
8 89 101
8 12 27
8 106 106
7 23 35
6 2 31
8 57 98
8 1 89
8 61 84
7 4 59
8 39 70
8 69 127
8 93 101
8 56 121
8 23 125
8 111 125
8 18 70
8 63 73
8 81 85
7 19 51
7 50 61
8 31 85
6 2 11
8 42 88
7 12 61
8 46 123
8 93 115
8 56 61
8 5 41
8 77 98
8 10 67
8 67 87
7 2 49
8 42 105
7 41 54
8 5 39
8 3 7
8 10 97
6 5 11
8 58 90
8 9 57
8 25 56
8 12 42
8 14 94
6 14 31
7 12 39
7 11 20
8 54 97
8 84 98
8 47 114
8 52 85
8 34 46
8 108 112
8 23 90
6 4 19
8 62 96
8 16 93
8 101 116
7 14 18
8 72 87
8 12 104
8 87 100
8 99 110
7 26 58
7 15 41
8 90 123
8 69 91
8 18 124
3 2 3
8 58 115
8 55 63
8 24 80
6 8 31
7 28 50
8 31 48
8 39 43
6 5 29
8 46 49
8 50 107
8 5 116
7 14 58
8 35 41
8 14 95
7 16 41
8 6 56
7 21 54
8 12 86
8 36 75
8 1 7
8 8 112
8 15 32
6 13 24
8 51 118
8 22 71
7 10 46
8 58 112
8 42 78
8 3 56
8 59 82
8 53 65
8 69 94
8 61 77
8 20 30
8 97 114
8 74 119
6 16 31
8 20 44
8 37 96
8 92 121
8 36 115
8 41 82
8 9 70
8 31 41
7 28 54
8 2 95
8 95 111
8 33 116
8 62 109
8 29 51
8 3 106
6 10 29
8 74 108
8 42 98
8 115 124
7 15 24
7 9 41
8 59 87
8 6 73
8 35 105
6 4 24
8 23 52
8 51 81
8 97 97
7 47 49
8 37 56
8 65 75
8 24 54
8 53 86
8 43 55
7 45 49
5 10 11
7 29 53
8 30 123
6 1 6
8 90 122
8 43 43
8 114 121
8 78 101
8 21 46
8 125 128
8 77 96
7 14 57
8 74 118
8 9 75
8 23 120
8 29 104
8 81 103
8 5 28
7 24 34
7 3 4
8 9 100
8 79 120
8 109 112
8 29 124
8 29 36
8 27 124
8 20 121
6 27 27
8 32 74
8 2 111
8 73 82
8 47 94
8 80 95
8 81 99
8 26 76
5 4 10
8 59 60
8 21 77
8 19 106
8 43 93
8 75 107
7 26 27
8 25 25
8 26 92
7 7 23
8 10 18
6 13 17
8 102 120
8 110 126
6 24 29
6 10 19
7 41 44
8 19 74
8 82 101
7 2 5
8 19 48
8 4 95
8 33 52
8 94 94
8 37 104
8 77 90
8 20 122
8 53 114
7 1 6
8 51 99
8 7 61
7 19 47
8 19 90
8 35 47
8 28 126
8 57 78
8 41 101
8 1 115
7 38 55
8 15 52
8 24 32
7 22 31
8 16 75
5 3 10
6 7 31
8 27 47
8 49 56
8 52 84
7 22 24
7 9 37
8 44 117
8 63 80
8 10 113
6 4 23
8 69 113
8 118 121
7 8 42
8 109 128
8 61 104
7 24 35
8 60 121
8 16 61
8 42 96
8 66 81
8 29 31
8 26 94
7 46 63
8 2 21
6 2 23
7 62 64
8 35 36
8 72 122
8 21 55
8 4 11
8 60 101
8 5 86
8 1 73
8 62 121
4 1 1
8 27 110
8 18 121
8 73 76
7 11 45
8 17 121
6 12 26
8 23 38
8 10 52
8 83 125
8 84 112
8 1 84
7 50 52
8 71 90
7 7 34
7 7 15
8 56 66
8 93 118
8 95 124
4 1 6
6 23 26
8 98 123
8 38 102
8 93 94
8 64 76
8 30 119
8 90 103
8 111 126
8 77 81
7 15 29
7 18 43
8 111 111
8 76 97
8 47 70
8 22 24
8 6 13
8 8 71
8 49 77
8 5 112
8 57 126
8 34 107
8 2 9
6 16 21
8 59 88
8 5 111
8 75 101
8 94 116
8 1 86
8 60 62
8 43 119
8 31 86
8 56 105
8 25 34
8 58 128
7 36 38
8 3 124
8 42 124
8 82 107
7 2 13
8 39 121
7 54 59
8 16 38
8 7 114
8 4 29
8 16 79
8 20 99
8 63 75
6 18 22
8 48 49
8 37 106
6 18 31
7 36 46
8 65 112
8 17 60
8 37 80
8 18 111
8 102 112
8 86 100
7 11 12
8 64 65
8 27 31
8 96 100
8 104 123
8 55 88
8 36 92
8 73 126
8 104 112
8 2 16
8 32 43
8 58 82
7 14 25
8 69 87
8 16 97
8 52 117
8 22 31
8 48 120
8 26 100
8 81 84
8 16 112
8 29 107
8 99 114
8 46 114
7 48 49
8 4 100
8 65 105
8 40 49
8 84 119
7 22 23
8 25 84
8 73 103
8 29 128
6 3 6
8 113 128
8 10 29
7 15 49
7 19 23
8 71 114
8 39 77
8 46 103
8 51 59
8 17 67
7 4 42
8 52 127
8 64 71
8 20 50
8 91 117
8 101 114
5 6 16
8 53 112
7 11 29
7 12 63
8 5 83
8 17 44
8 18 117
8 82 93
7 45 64
7 24 42
7 14 55
8 56 107
8 28 86
8 24 83
6 2 22
8 17 80
6 3 19
8 104 108
8 18 116
8 1 43
8 54 90
7 4 30
8 17 87
7 45 51
7 38 53
8 27 48
7 13 50
8 15 72
6 27 31
8 5 52
7 3 56
8 2 46
8 76 92
7 39 53
8 102 104
8 103 113
8 21 96
6 8 17
8 21 126
8 20 24
8 28 104
7 8 9
8 9 71
8 35 81
7 12 44
8 19 91
7 15 37
7 12 18
8 53 54
5 10 16
7 19 36
7 17 26
8 36 81
8 10 115
8 6 11
6 1 30
7 13 38
8 17 35
8 43 100
6 2 29
8 10 51
8 38 112
7 32 61
8 6 23
7 21 25
6 12 20
8 53 97
7 25 46
8 10 76
8 1 87
7 47 47
8 3 11
8 34 34
6 16 16
6 8 21
7 7 44
8 17 96
8 10 16
7 54 58
6 3 14
8 93 127
8 10 107
8 7 59
8 74 77
8 25 38
6 2 12
8 68 73
8 49 118
8 34 108
8 12 53
8 20 126
7 9 11
5 1 14
4 4 7
8 13 27
8 6 25
8 41 115
7 17 39
8 73 94
7 29 34
7 18 45
8 82 115
7 3 55
7 3 23
8 87 119
8 66 80
7 16 18
8 5 120
8 45 110
8 29 73
8 21 114
6 21 27
8 65 128
8 29 126
8 3 10
8 42 113
5 11 11
8 8 35
8 34 111
7 25 64
7 4 60
8 7 11
5 4 9
8 71 94
8 40 104
8 57 105
8 16 123
8 12 35
8 43 117
8 7 113
8 80 124
8 13 30
7 1 42
8 41 105
8 45 111
8 12 43
8 100 100
7 7 16
7 42 60
8 48 121
8 50 122
8 33 62
8 28 37
8 67 102
8 13 98
8 58 83
7 37 52
8 61 114
8 9 26
8 19 70
8 19 76
8 41 120
8 14 47
8 51 62
8 40 78
6 9 32
7 23 41
8 69 78
8 75 124
8 63 91
8 7 26
8 29 71
8 81 119
7 24 32
8 25 95
8 3 74
8 28 72
7 3 60
7 44 49
8 27 62
8 78 79
8 116 128
8 11 83
8 55 58
8 63 78
8 8 119
8 54 124
7 18 42
8 5 117
8 68 82
8 95 128
8 76 84
7 27 40
8 102 123
8 31 82
8 30 111
8 63 101
7 4 14
8 40 106
8 20 28
8 48 104
8 69 117
8 30 51
8 10 120
8 100 122
8 8 36
8 21 40
8 3 37
8 4 107
8 21 67
8 63 124
8 75 125
8 22 33
8 52 59
7 10 33
8 55 86
6 5 16
8 7 16
7 32 64
8 6 74
8 29 59
7 4 28
8 9 91
7 5 45
8 43 120
8 21 41
8 39 50
8 8 39
8 15 68
8 41 81
8 7 62
6 9 12
8 32 116
7 20 44
8 24 47
8 40 58
8 97 99
8 47 122
8 13 18
8 79 111
8 59 93
8 18 99
8 13 22
8 6 16
8 90 98
8 78 115
8 101 122
6 13 22
8 17 69
7 34 60
8 11 47
8 114 114
7 19 40
8 127 127
7 59 60
7 24 36
8 92 125
8 38 71
8 35 93
8 6 31
8 52 116
8 60 84
5 6 14
8 17 29
8 12 20
8 42 74
8 12 78
8 17 26
8 14 87
7 12 28
8 20 90
8 11 116
7 6 48
7 61 63
7 42 45
6 15 29
8 36 117
8 13 99
8 64 127
8 47 69
8 95 127
6 18 24
8 55 120
8 16 83
6 7 24
6 28 29
8 27 70
8 3 5
8 19 67
8 10 86
8 68 110
8 73 124
8 50 59
8 44 60
8 19 59
8 65 92
6 12 15
7 9 15
8 77 107
8 27 94
8 88 111
8 86 128
8 61 75
8 81 82
8 9 51
8 66 116
8 53 67
8 35 50
8 99 120
8 3 122
8 14 15
8 63 66
8 42 43
8 11 32
8 29 56
7 10 49
8 4 93
8 5 12
8 70 78
8 31 81
8 58 126
8 27 107
5 1 11
8 77 125
4 1 2
8 2 52
8 99 123
8 9 76
8 7 119
8 9 99
7 8 33
8 15 58
8 87 116
8 105 117
8 27 112
6 25 28
8 53 68
8 36 53
7 26 60
8 28 34
8 96 112
8 70 88
8 34 119
8 34 51
8 11 58
8 42 60
8 20 95
8 32 125
8 31 101
8 52 56
7 4 5
8 2 25
8 37 60
8 23 37
7 25 28
8 98 110
8 80 93
6 4 9
8 103 116
7 38 42
7 9 43
8 99 107
8 86 91
8 25 44
8 59 123
8 17 34
8 12 72
8 5 74
8 78 90
7 15 54
8 9 69
8 23 60
8 13 35
8 62 87
7 8 53
7 5 44
8 16 66
8 8 52
7 15 60
8 56 119
8 20 86
7 9 33
8 41 102
7 3 30
8 111 117
7 9 27
8 23 42
8 67 128
8 4 24
6 1 11
8 20 43
8 34 73
5 5 7
7 24 30
8 15 36
8 8 80
7 22 44
8 36 87
8 26 91
8 103 125
8 47 87
8 79 123
7 18 39
8 6 79
8 70 114
8 90 125
8 64 67
7 1 23
8 3 28
7 10 18
8 41 74
7 7 57
8 86 127
8 18 28
8 58 117
4 1 3
8 40 56
7 2 45
7 47 59
8 28 84
8 14 62
8 2 75
8 71 95
8 122 125
7 37 59
7 24 64
8 10 116
7 15 61
8 65 72
8 90 128
8 72 83
7 31 40
8 23 107
8 45 127
8 61 71
6 4 7
8 21 127
8 1 6
8 12 101
8 59 91
8 30 64
8 61 103
8 10 45
8 96 125
8 5 123
8 20 56
5 2 4
8 59 111
8 17 28
8 76 98
8 64 102
7 6 37
8 22 42
8 38 93
8 52 109
8 39 99
8 49 69
8 28 50
8 15 98
7 22 51
8 13 17
8 97 121
8 13 112
8 107 114
8 1 80
8 71 77
7 22 62
7 11 13
7 16 35
8 26 42
7 25 53
8 31 31
7 43 49
8 16 104
7 45 58
8 82 91
7 6 40
8 84 87
8 37 93
8 28 54
8 43 54
8 37 47
8 13 31
6 1 27
7 2 7
7 28 38
6 6 11
8 37 123
8 25 100
7 6 61
8 22 91
8 110 111
7 9 39
8 24 64
7 32 44
8 19 66
8 34 127
8 11 24
8 14 50
8 73 74
8 33 103
8 27 35
7 49 63
7 38 43
8 34 39
8 66 75
8 54 109
7 24 55
8 47 127
8 107 121
7 37 53
8 37 127
7 10 27
8 7 124
8 63 81
8 61 107
7 48 51
8 34 93
8 84 113
8 36 58
8 87 88
8 7 68
5 5 15
8 46 116
7 33 62
8 29 69
7 6 35
8 22 108
8 65 120
8 4 122
8 37 44
8 18 69
7 7 47
8 3 13
8 40 45
8 53 101
8 6 72
8 14 33
8 71 119
7 30 44
8 35 116
7 18 29
7 26 36
8 12 47
8 15 101
8 115 126
6 22 23
8 100 105
7 10 34
8 53 115
8 8 122
8 96 96
8 9 127
8 67 124
8 28 53
6 14 27
8 70 106
8 43 106
8 42 65
8 88 116
7 26 35
8 28 45
7 21 29
8 11 38
7 30 45
8 26 50
8 19 105
8 33 44
7 35 41
8 25 64
7 25 37
8 74 128
8 38 88
8 29 70
6 16 22
8 17 52
8 30 122
7 8 25
8 34 126
6 14 28
6 1 12
8 12 60
8 3 80
8 63 74
7 50 58
7 4 45
8 33 111
8 57 67
8 32 45
7 40 55
8 5 49
8 21 97
8 36 43
7 21 28
8 54 99
8 6 32
8 10 92
7 6 26
8 62 80
7 18 54
8 3 63
8 26 43
7 31 56
8 8 123
8 41 62
8 83 96
8 116 121
8 104 109
8 97 101
4 1 5
8 92 94
8 72 127
8 18 83
8 50 108
8 83 116
7 36 63
8 26 53
5 9 10
8 15 23
6 8 19
8 74 90
8 53 59
8 97 107
8 80 80
8 58 61
8 101 118
8 22 57
8 17 27
7 27 43
7 36 43
8 43 111
8 33 77
8 58 70
7 2 60
8 23 89
8 54 75
8 17 82
8 6 66
8 27 32
8 56 78
8 100 107
8 29 88
8 15 54
8 18 45
8 18 78
7 56 64
8 2 80
8 52 89
8 43 78
8 31 54
8 101 123
8 61 70
8 67 92
7 35 38
8 17 64
8 43 98
8 6 94
7 11 64
8 38 62
8 8 111
8 6 98
8 39 71
8 12 93
8 113 114
8 56 77
8 54 61
8 7 86
8 24 122
8 26 104
8 55 71
7 16 40
8 76 108
8 3 116
8 30 77
8 31 36
8 26 89
8 15 76
8 88 108
8 43 86
8 50 111
8 32 95
8 16 36
8 22 22
8 1 74
8 12 67
8 50 57
8 61 97
8 42 66
8 38 44
8 9 84
8 11 69
7 8 56
8 23 74
8 30 38
8 6 58
8 55 103
8 23 35
8 70 104
8 30 87
8 66 69
8 15 111
8 4 98
8 45 109
8 47 103
8 55 118
6 5 26
8 87 90
7 48 54
8 115 127
8 64 114
8 71 80
7 21 58
8 24 114
8 14 28
8 36 76
7 8 64
8 70 105
8 101 115
8 6 100
8 7 42
7 2 3
8 56 122
8 25 79
8 55 79
7 59 59
7 27 64
7 28 43
8 48 122
8 12 55
8 76 127
8 24 63
8 18 33
7 47 62
7 17 41
7 34 41
8 10 62
8 25 59
8 48 72
8 40 92
7 39 59
8 21 107
8 83 110
8 77 89
8 10 59
8 105 127
8 89 126
8 42 61
7 46 62
8 55 73
8 40 125
8 24 127
8 13 69
8 4 58
8 73 121
7 19 64
8 3 112
7 3 36
8 99 125
8 61 93
8 11 45
8 7 53
7 5 31
7 9 34
8 71 111
7 6 55
8 62 111
8 70 103
8 15 86
8 40 128
8 77 83
8 57 113
6 14 18
8 6 120
8 52 83
8 64 80
8 4 78
8 14 43
6 14 19
8 32 72
8 67 113
8 56 111
7 18 58
8 12 31
3 2 4
6 3 15
8 49 85
8 61 101
8 5 55
8 8 124
8 33 51
8 41 52
8 5 42
8 13 62
8 3 12
8 36 110
7 47 60
8 58 104
7 2 24
8 98 122
7 10 36
8 23 85
8 104 124
8 36 118
8 48 61
8 36 96
8 110 120
8 39 118
8 15 73
8 23 58
8 10 110
8 8 93
7 5 63
8 48 60
8 103 103
8 16 87
8 1 70
8 83 85
8 51 105
8 64 78
8 7 43
7 8 36
8 37 84
7 4 61
8 22 120
8 21 28
8 16 72
8 32 104
8 7 84
8 65 83
8 2 43
7 13 17
8 2 97
8 103 123
8 20 120
7 1 4
8 48 118
8 96 101
8 59 105
8 69 85
8 28 89
8 21 73
8 46 63
8 84 101
8 37 98
8 25 92
8 17 95
8 38 74
8 16 41
6 10 24
8 29 46
8 36 85
8 3 100
7 35 39
7 16 29
8 88 101
8 29 42
8 29 87
8 1 3
8 2 28
7 9 60
8 65 81
8 19 50
7 36 53
8 4 68
8 52 79
8 18 92
8 30 57
8 46 54
8 57 89
8 19 35
8 32 90
8 98 125
8 42 55
8 36 105
8 31 32
6 4 18
8 25 74
8 30 62
7 11 21
8 51 126
8 41 96
8 123 126
6 15 18
8 10 112
8 32 121
8 86 89
7 4 11
6 11 18
8 8 109
7 7 45
8 14 96
7 1 2
8 4 79
8 87 107
8 17 109
7 14 43
7 41 58
8 25 106
8 35 86
8 104 121
8 36 68
6 13 15
8 27 53
7 44 47
8 11 72
6 1 15
8 27 33
8 14 37
8 58 93
7 38 40
8 63 109
6 1 16
7 41 59
8 71 75
8 44 82
8 75 85
8 17 122
8 21 76
8 24 37
7 4 64
8 99 112
8 19 55
8 29 92
8 24 111
6 11 11
7 2 33
6 12 25
8 22 122
6 21 31
8 7 23
8 62 69
7 42 44
8 49 115
8 44 54
8 12 64
6 31 32
8 46 109
7 14 20
8 25 72
7 20 52
8 34 35
6 7 15
8 51 75
8 15 81
8 36 120
8 40 40
7 35 42
8 25 49
8 69 92
8 35 44
6 6 13
8 34 64
8 49 59
8 15 115
8 102 105
8 79 113
8 95 101
7 24 40
8 10 38
8 1 4
8 74 75
8 11 16
8 71 89
7 19 48
8 35 79
7 3 28
7 56 57
6 4 6
8 56 72
8 79 102
5 2 10
8 1 99
8 27 52
7 9 53
8 108 118
8 76 90
8 41 118
6 7 17
7 41 52
8 72 98
8 64 87
8 16 51
8 54 127
8 45 48
8 36 94
6 22 24
8 51 66
8 124 127
6 11 14
7 52 61
7 29 35
8 19 127
8 69 119
8 13 94
8 12 70
7 20 36
6 17 20
8 60 71
7 20 54
7 45 59
7 38 62
7 1 12
8 21 47
8 43 50
8 5 101
6 14 15
7 42 64
7 16 53
5 4 12
8 24 55
7 33 43
7 3 12
8 106 114
7 9 26
8 34 101
7 22 47
8 68 128
6 13 14
8 29 119
8 37 88
8 16 34
8 28 122
8 12 18
8 10 72
8 4 101
8 20 58
8 46 93
7 2 51
8 25 39
6 15 20
8 58 92
8 110 121
8 21 52
7 41 42
8 29 99
8 45 61
8 7 8
8 53 75
8 13 54
8 65 102
8 53 96
8 21 62
5 1 16
8 35 68
8 60 115
8 73 117
8 61 115
8 30 81
8 104 115
8 75 83
8 6 117
7 27 41
8 13 58
7 27 51
8 1 85
8 24 113
8 16 108
8 83 106
8 42 46
7 15 63
8 63 127
8 31 45
6 11 31
8 30 116
6 3 24
8 10 83
8 82 98
5 7 12
8 122 127
7 28 42
8 29 113
7 1 9
7 6 53
8 89 112
8 7 72
8 80 125
6 1 13
8 60 94
8 85 97
8 27 82
7 7 27
8 57 101
8 113 127
8 30 67
8 17 31
8 72 74
8 11 35
7 31 46
7 28 30
7 17 44
8 74 81
5 1 8
7 16 60
7 41 56
8 28 56
8 10 103
8 78 94
8 70 73
7 18 22
8 8 88
7 5 13
8 19 42
8 81 107
8 29 98
6 7 29
7 6 36
8 50 58
8 94 111
8 1 112
8 40 126
8 83 99
8 64 122
8 111 122
8 54 122
8 20 102
8 18 100
7 43 46
7 15 43
8 25 36
8 57 96
8 119 123
7 26 30
8 106 122
8 56 92
7 18 50
7 10 21
8 8 98
8 33 73
6 30 32
8 41 117
7 9 17
8 26 56
7 27 58
7 1 38
7 5 34
8 84 111
5 3 8
8 36 40
8 5 108
7 48 61
8 48 58
7 20 28
8 115 125
8 12 96
8 99 116
7 31 57
8 72 107
7 51 60
8 8 82
6 5 28
6 9 21
8 33 81
8 3 35
8 60 93
8 26 87
8 73 79
7 19 37
8 23 117
8 19 40
8 48 125
8 94 119
8 4 85
8 21 34
8 91 104
8 26 125
8 22 74
8 7 102
8 66 70
6 3 31
8 60 68
7 13 15
8 36 52
8 56 83
8 25 83
8 3 109
8 16 118
8 11 93
8 35 108
8 8 79
8 12 106
8 58 109
8 24 46
8 66 121
8 9 122
8 109 109
8 56 108
8 39 124
8 25 109
8 41 97
8 14 31
8 105 124
8 24 52
7 5 60
8 15 24
6 25 25
6 1 4
8 16 44
8 92 93
8 118 124
8 71 128
8 24 103
8 51 51
7 21 48
8 52 52
5 7 16
7 51 58
8 46 110
8 113 115
7 47 53
8 14 128
8 60 100
8 9 95
6 17 30
8 60 77
8 33 49
7 39 61
8 62 83
8 18 59
7 30 36
8 15 21
7 3 10
8 8 73
8 100 113
8 49 121
8 12 125
8 54 107
8 14 76
6 16 29
7 20 20
8 3 82
8 58 101
7 5 25
7 15 59
8 51 70
7 13 35
8 70 96
8 48 74
8 23 98
8 8 113
8 75 106
4 4 8
8 46 83
7 23 57
8 107 119
8 90 108
8 51 102
8 36 104
8 33 78
8 73 123
8 18 74
7 32 38
8 72 85
7 27 56
8 33 60
8 71 103
8 6 81
8 43 105
8 19 111
8 40 76
8 18 38
8 70 76
7 19 60
8 47 64
8 82 111
8 36 107
8 74 93
8 4 119
8 55 81
8 47 120
8 3 14
8 81 88
8 71 106
8 19 31
8 105 114
7 26 59
7 25 27
8 12 124
8 78 112
7 31 38
8 8 76
7 59 61
8 46 101
7 43 58
8 94 118
8 35 53
8 74 91
8 75 120
8 82 88
8 59 92
8 7 127
8 38 91
7 36 60
8 92 97
8 94 103
8 5 30
8 21 113
7 12 64
7 22 25
8 51 84
7 10 38
8 55 90
7 3 57
8 103 118
8 55 106
8 55 97
8 51 127
7 26 52
7 14 16
8 5 80
8 14 106
8 47 108
8 62 107
8 48 50
8 63 115
8 52 120
7 20 39
7 13 51
5 12 15
8 18 96
8 40 99
8 27 104
8 85 117
8 101 103
8 60 64
8 1 36
8 21 32
8 5 40
8 25 51
8 32 35
7 9 23
8 105 123
7 11 14
6 7 22
8 8 118
5 8 8
8 51 89
8 3 19
8 9 45
8 106 118
8 23 47
8 79 108
8 44 124
8 22 124
8 91 120
6 26 31
8 57 88
8 24 119
8 34 80
8 66 99
8 58 96
8 45 121
8 20 47
5 5 16
8 51 68
7 62 62
8 10 40
8 63 102
8 49 126
8 35 114
8 86 122
7 49 53
7 35 37
8 22 65
8 20 49
8 14 75
8 24 95
7 4 47
8 21 98
7 20 47
7 55 61
6 9 30
8 112 116
8 69 101
8 17 75
8 19 41
8 61 87
8 97 124
8 50 65
8 79 84
8 107 110
8 34 82
7 28 49
7 1 14
8 39 57
8 4 52
8 50 100
7 4 24
8 57 61
7 15 56
8 10 69
8 8 26
7 11 61
8 91 124
8 7 41
8 38 78
8 26 116
8 68 124
8 25 124
8 33 87
7 25 58
7 2 18
8 34 44
7 9 47
7 9 46
8 45 87
8 58 80
8 50 92
7 16 54
8 13 66
7 27 31
8 3 3
7 21 38
8 42 80
8 8 27
8 53 117
8 108 114
8 73 115
8 34 91
7 4 13
8 39 111
8 41 128
6 25 31
8 66 120
8 98 102
8 3 73
8 5 57
7 11 34
8 65 68
8 21 85
8 9 87
8 49 125
8 3 123
6 8 24
7 46 54
7 2 62
8 70 123
8 57 77
6 2 4
8 98 124
8 9 41
8 15 56
8 14 89
8 62 90
8 28 60
8 64 100
8 37 39
8 35 37
7 48 48
8 2 53
8 3 97
8 39 123
8 96 121
8 41 116
8 17 37
8 10 23
8 8 128
7 16 31
7 1 27
8 59 83
8 10 102
7 2 42
8 11 41
7 2 31
7 4 41
8 28 107
7 49 57
7 2 35
8 68 98
8 63 98
8 2 13
8 65 98
8 58 113
8 17 74
7 38 48
8 91 127
8 31 124
8 47 105
7 17 27
8 19 27
8 14 60
8 69 79
6 10 13
8 39 110
6 4 27
7 44 44
8 56 68
8 42 112
8 36 39
8 45 112
5 13 15
8 17 81
7 40 51
8 3 49
8 52 118
8 111 114
7 8 45
8 52 81
3 2 2
8 99 126
8 29 127
8 17 61
7 2 26
8 41 92
8 38 80
8 26 35
8 25 121
8 47 118
4 5 5
8 23 79
8 58 77
8 36 69
8 66 106
8 11 13
8 57 69
8 38 110
8 33 115
7 2 52
6 8 9
8 27 71
7 32 54
8 1 12
7 34 59
8 19 44
7 4 10
8 5 64
8 9 31
7 11 40
6 6 19
8 13 119
8 18 86
8 4 7
8 55 84
8 67 95
8 3 84
8 86 115
8 27 54
8 109 118
8 105 121
8 3 36
8 77 78
8 69 102
8 89 108
8 3 64
7 5 49
8 90 101
8 45 122
7 44 62
8 19 95
7 23 63
8 114 127
8 21 51
8 6 18
8 5 114
8 43 47
8 86 93
7 54 62
8 1 63
7 25 25
8 86 88
6 2 14
8 22 113
8 77 103
8 61 73
8 32 50
8 14 116
8 113 117
8 42 109
8 85 109
8 31 75
8 48 110
8 87 93
8 74 114
7 17 64
8 116 117
8 109 119
8 13 86
8 12 91
8 8 125
8 68 94
8 16 124
8 21 90
8 77 115
6 8 25
8 18 55
7 7 55
8 52 100
8 28 75
7 48 53
8 59 84
8 16 16
6 6 28
8 92 128
8 11 26
8 29 85
7 24 37
8 43 121
7 30 38
7 31 45
8 106 124
6 5 19
7 8 63
7 17 48
6 5 21
8 35 124
8 116 119
8 91 101
7 28 29
7 42 59
8 115 122
8 48 54
8 22 80
7 53 64
8 10 30
8 110 124
8 5 7
8 57 119
8 23 103
8 60 75
8 22 86
8 5 45
8 84 91
8 110 116
7 7 38
7 8 24
8 25 26
8 3 117
8 17 128
8 95 96
8 33 54
7 20 63
8 18 79
8 69 114
8 95 95
7 9 58
7 4 55
8 1 120
8 37 49
8 109 113
8 8 13
8 43 71
8 43 56
7 3 34
8 70 115
8 34 86
7 34 48
8 9 82
8 95 103
8 5 61
8 5 91
8 67 81
8 59 75
7 9 32
8 42 99
8 59 117
8 2 82
8 26 95
8 62 75
8 6 21
8 61 66
6 12 29
8 42 106
7 4 8
7 33 45
7 7 8
7 7 31
8 4 33
8 34 85
8 8 48
8 67 120
8 3 61
7 5 47
6 2 6
8 55 68
8 40 94
8 32 105
8 62 103
8 42 118
8 32 61
8 8 64
8 33 97
6 17 27
8 3 18
8 21 58
8 46 125
8 22 85
8 10 82
7 29 64
7 3 6
7 30 53
8 88 124
8 24 67
8 32 123
6 6 16
8 31 93
8 63 83
8 68 127
8 74 74
8 51 67
8 32 114
8 10 11
8 67 79
8 56 95
8 7 96
7 16 56
8 74 103
7 40 63
7 48 57
8 57 64
8 11 46
8 36 54
8 16 55
8 17 23
8 48 53
8 3 41
8 25 104
7 38 64
8 62 86
8 44 118
7 17 53
7 39 44
8 56 94
8 12 77
6 16 19
8 106 110
7 1 41
8 4 22
8 75 122
8 19 69
7 1 7
8 46 119
8 73 75
6 6 30
5 5 11
8 10 128
8 27 121
7 30 60
8 15 59
8 4 20
8 52 101
7 47 54
8 4 48
8 67 99
8 85 128
8 19 123
6 17 17
7 29 57
8 29 93
8 20 35
6 7 9
8 83 97
6 16 27
8 63 104
8 12 110
8 20 114
5 1 4
8 74 104
8 48 109
6 19 24
8 83 128
8 89 122
8 28 127
8 27 87
8 13 19
8 51 94
8 46 90
8 4 118
8 45 117
8 25 28
8 13 89
8 12 17
7 10 50
7 3 20
7 19 45
8 25 108
8 36 116
8 34 90
8 82 108
7 30 32
7 57 64
7 26 41
8 33 118
7 26 64
8 2 106
8 20 111
8 31 89
8 1 103
7 42 42
8 70 121
8 9 14
8 30 50
8 14 80
5 7 15
8 21 44
7 18 49
8 87 87
8 95 107
8 17 106
8 20 97
8 50 126
7 42 49
8 6 52
7 38 39
8 40 79
8 23 112
8 8 57
7 55 62
8 77 97
8 55 87
8 73 114
8 17 97
8 24 25
7 36 58
7 6 44
8 106 125
8 19 89
8 2 32
8 27 43
8 48 127
8 82 119
8 111 116
8 29 121
8 4 121
8 30 113
8 65 103
7 9 45
8 52 94
8 6 54
8 77 95
8 39 79
8 55 61
8 81 105
8 25 85
8 60 114
8 59 66
7 42 63
7 1 49
8 77 122
8 82 110
7 34 42
8 34 109
8 70 87
8 4 105
7 35 49
8 107 109
8 7 52
8 11 77
8 2 68
7 1 44
8 30 103
8 98 104
8 16 103
7 5 46
7 44 53
8 72 75
7 31 36
8 19 117
8 6 12
8 70 80
8 18 119
8 5 126
7 27 29
7 2 11
8 48 83
8 52 90
8 9 48
8 28 98
8 36 46
8 56 127
8 32 89
8 27 118
7 13 64
7 40 46
8 36 71
8 4 28
7 14 45
7 5 14
8 107 123
8 125 125
8 13 67
8 106 108
8 41 79
7 24 52
8 64 64
8 112 128
8 89 106
8 15 43
5 5 10
8 76 103
8 17 85
8 23 30
8 2 91
8 46 127
8 53 82
8 53 105
8 108 128
6 13 18
8 18 66
8 40 47
8 53 80
8 42 62
8 103 104
8 14 73
8 114 125
8 61 90
8 5 16
8 39 74
7 7 42
8 14 121
8 13 55
8 42 81
8 35 94
7 9 31
8 85 101
7 32 39
8 41 59
8 49 62
8 17 53
7 13 30
7 44 56
7 10 16
8 107 128
8 80 97
8 14 81
8 59 110
8 75 99
8 92 119
8 42 117
6 20 21
8 45 49
8 17 45
8 30 32
7 3 7
8 68 84
8 17 77
8 36 90
7 14 50
8 47 48
8 51 77
8 33 123
8 43 99
8 18 105
8 36 37
8 80 114
7 20 42
7 52 57
7 16 34
8 48 96
7 32 60
8 36 42
8 10 78
8 5 22
8 5 95
7 39 46
8 27 128
8 24 98
7 20 48
8 19 119
8 6 20
8 20 105
8 16 73
8 57 95
8 117 123
8 91 97
8 49 63
7 2 12
8 19 101
8 62 94
8 12 95
7 32 48
8 21 36
8 31 106
5 1 2
7 21 42
8 87 128
8 14 69
8 80 118
7 54 64
8 70 86
3 1 4
5 14 14
8 6 27
8 29 75
8 11 124
8 11 21
8 22 111
8 34 83
7 12 33
8 67 108
7 24 33
8 13 80
8 6 15
8 41 113
8 52 76
8 49 82
7 12 40
7 34 58
6 5 6
8 22 93
8 42 47
8 29 122
8 80 104
7 1 57
7 11 24
7 15 64
8 75 88
8 97 105
8 9 43
8 14 29
8 19 65
8 11 44
8 32 97
8 7 54
7 63 64
8 12 119
7 18 26
8 76 96
8 28 70
8 8 43
8 10 105
6 7 27
8 16 115
8 1 93
8 46 113
7 16 61
7 6 59
8 79 86
8 104 127
8 24 42
8 51 87
8 35 89
8 73 108
8 104 119
6 23 29
8 63 79
7 4 53
7 34 63
6 13 23
8 83 127
7 44 48
8 34 66
8 71 73
8 43 81
8 98 115
8 42 64
6 24 28
8 27 38
8 13 111
8 87 114
8 90 95
8 38 87
8 63 114
8 14 53
8 20 29
6 1 31
8 50 54
7 38 60
8 2 72
8 109 123
8 9 68
7 32 33
8 22 110
8 121 125
8 34 96
7 23 31
8 95 109
8 46 100
7 43 63
8 47 62
8 21 64
7 19 22
8 52 124
8 10 70
8 109 124
8 7 91
8 21 43
8 12 80
8 34 105
8 105 115
8 54 120
8 10 47
8 98 98
8 83 123
8 16 33
8 16 22
7 47 56
8 81 83
8 66 126
8 44 84
7 40 45
8 44 56
8 37 57
7 18 31
8 65 99
7 14 34
7 4 39
8 1 45
8 78 113
8 43 62
8 69 112
8 42 110
8 94 99
8 13 93
7 12 55
8 10 98
8 73 90
8 16 98
7 7 39
7 22 38
8 32 57
6 11 19
8 10 35
7 10 15
8 25 90
8 104 128
8 26 37
8 47 115
8 3 125
8 61 116
8 45 51
7 36 42
8 19 116
8 15 41
8 14 20
8 69 93
7 7 48
7 21 62
7 19 39
8 40 83
8 78 102
8 69 71
8 85 88
8 45 77
6 16 32
6 9 22
7 12 62
8 39 41
8 47 52
8 29 74
8 57 60
8 114 124
8 38 41
8 26 110
8 23 61
8 10 10
8 66 97
8 90 115
4 2 5
7 15 36
8 63 85
8 81 95
8 4 109
7 30 34
7 29 44
6 22 30
8 2 62
8 56 85
7 49 51
8 34 123
8 25 107
8 57 116
8 59 101
8 50 120
8 58 75
7 36 45
8 62 105
8 46 55
8 45 63
8 35 64
7 45 61
7 22 22
7 45 63
8 3 121
8 1 65
8 7 76
8 8 8
7 20 31
8 12 26
8 87 105
8 103 107
8 78 98
8 30 107
8 64 75
7 31 48
8 15 118
7 23 28
8 85 118
7 9 56
8 41 50
8 38 60
7 18 21
8 12 97
8 122 126
8 105 125
8 8 45
8 17 84
7 5 5
8 111 128
8 27 106
8 3 102
8 55 125
8 62 116
8 9 50
8 3 51
6 23 32
8 8 49
8 40 121
8 49 88
8 6 7
7 5 33
8 12 109
6 3 18
8 22 107
8 27 89
8 62 100
7 28 48
8 60 81
7 27 62
8 14 123
7 6 12
8 20 33
8 33 68
8 29 41
6 16 23
8 77 92
8 23 108
8 81 118
8 21 84
8 1 26
8 43 96
8 20 26
8 54 60
8 94 124
8 20 34
7 2 17
8 80 110
6 8 23
7 12 30
8 80 88
6 2 18
6 4 21
8 6 6
8 91 102
8 80 100
7 33 37
8 40 91
8 22 119
8 20 117
8 14 39
8 17 48
8 17 57
8 47 96
7 11 25
8 111 113
7 23 60
7 23 51
8 48 68
8 117 124
7 2 56
6 8 27
7 7 32
8 70 128
8 28 35
6 12 16
8 23 123
8 2 110
7 7 46
8 19 110
8 1 24
8 47 104
8 40 54
8 66 89
8 121 122
8 68 97
8 103 117
8 24 38
8 56 74
8 11 119
8 66 90
8 100 114
8 51 114
6 4 13
7 4 25
7 18 62
8 80 94
7 42 50
8 14 115
8 7 118
8 48 112
8 78 91
7 18 63
8 15 117
8 40 50
7 42 46
8 74 105
8 29 111
7 11 62
8 86 126
8 27 79
8 49 98
8 52 91
7 4 48
8 48 59
8 14 16
8 22 105
8 24 76
8 22 114
8 10 94
8 44 64
7 21 39
8 92 98
8 87 102
8 32 88
8 57 91
8 41 73
8 9 10
7 30 41
8 64 94
8 36 128
8 38 77
8 55 57
7 10 30
7 13 62
8 109 114
7 7 64
8 87 125
8 99 99
8 25 110
8 53 108
8 105 119
6 18 19
8 7 31
6 3 9
8 13 74
8 6 128
7 10 57
7 4 36
8 49 80
8 25 50
6 12 21
8 53 85
8 27 115
8 50 116
8 68 101
8 4 40
7 12 48
8 45 45
8 45 126
7 26 56
7 1 56
6 10 25
8 17 36
8 64 125
7 9 64
8 95 113
7 4 49
8 17 107
8 51 61
8 6 64
8 54 63
8 16 63
8 6 78
6 3 11
8 20 125
7 34 52
8 48 119
6 9 11
8 31 59
8 5 89
8 1 53
8 3 30
8 2 92
8 76 121
8 28 62
8 49 61
8 18 98
8 1 30
8 18 95
7 15 17
8 10 123
8 108 117
8 25 41
8 22 126
7 15 57
8 6 40
8 85 108
8 101 117
8 68 118
8 35 92
8 32 60
8 7 125
8 71 98
6 26 29
8 75 96
8 11 103
8 57 86
8 72 112
8 11 95
6 22 27
6 3 28
7 23 33
6 22 31
8 68 113
8 10 73
8 51 83
8 5 94
8 5 58
8 18 34
8 33 84
8 9 90
7 27 27
8 43 94
6 5 31
8 35 111
8 24 81
8 46 104
7 2 14
8 101 128
8 83 114
8 62 102
8 2 50
8 64 121
7 19 35
8 12 34
7 2 39
8 37 119
8 48 93
6 11 27
8 57 128
8 57 85
8 9 47
8 48 81
8 30 33
8 21 35
8 78 93
8 73 104
7 3 52
7 33 38
8 8 54
8 49 81
7 15 53
8 70 107
8 108 125
7 17 25
8 46 50
8 71 72
8 81 89
8 33 113
8 65 100
8 28 113
7 24 61
7 25 48
8 23 70
8 4 57
8 21 103
7 14 59
6 9 25
8 63 122
8 2 87
8 64 111
8 63 105
7 41 47
8 11 52
8 78 118
7 3 37
8 67 123
8 1 17
8 81 111
7 22 42
7 4 62
7 2 64
7 34 51
8 60 65
4 8 8
7 3 24
7 47 48
8 18 115
7 4 43
8 43 89
8 30 74
8 71 125
8 9 18
8 22 102
7 8 57
8 16 64
8 37 68
8 58 62
8 49 70
8 32 78
8 23 26
8 68 92
7 5 39
8 36 127
7 22 41
8 50 60
5 6 15
8 16 105
8 60 92
8 20 96
7 12 56
8 75 115
8 18 94
8 68 70
8 114 115
8 22 63
8 3 68
7 21 34
8 100 112
8 1 40
7 9 21
8 55 62
8 6 68
7 3 61
8 15 61
7 13 52
8 85 106
8 83 87
8 103 128
7 24 57
8 20 92
8 28 58
8 29 108
8 56 86
8 17 89
8 118 125
8 36 66
8 50 67
7 5 51
7 3 47
8 37 69
8 40 122
8 22 38
8 43 70
8 83 112
8 15 22
8 20 124
8 56 104
8 2 93
8 53 116
8 3 110
8 78 86
7 29 55
8 117 121
8 69 104
8 40 64
8 17 105
7 10 17
8 46 117
8 61 126
8 68 120
8 101 101
7 5 55
8 15 19
8 20 113
8 88 105
8 112 117
7 1 18
8 23 57
7 17 47
7 16 25
8 83 117
8 95 125
8 2 2
7 47 58
8 72 97
8 17 42
7 20 30
8 7 40
7 7 10
8 68 104
7 43 52
8 45 85
8 26 34
8 68 112
8 23 94
8 34 36
8 6 51
8 73 120
8 75 81
8 24 43
8 97 125
8 15 107
8 15 78
7 31 59
7 15 48
8 85 112
8 69 103
8 74 84
8 27 44
8 9 30
8 75 79
7 43 54
7 42 53
8 59 125
8 5 47
7 7 7
7 14 61
8 34 110
8 23 126
8 35 55
7 20 59
8 93 109
8 25 126
4 2 3
8 58 59
8 51 106
8 41 43
8 90 119
8 15 15
8 79 90
8 2 128
8 20 87
8 42 48
8 113 113
8 23 25
7 33 39
8 3 20
6 3 7
8 34 98
8 29 44
8 34 55
8 7 82
8 10 65
8 24 109
7 5 52
7 43 59
8 102 122
8 20 57
8 101 111
7 35 36
8 53 81
8 30 70
7 11 32
8 23 71
8 24 72
6 16 26
8 95 122
8 68 106
8 66 100
8 26 73
8 93 128
8 52 92
8 40 89
8 18 67
8 80 101
7 7 11
8 86 96
7 23 23
8 3 115
8 57 57
8 54 113
8 7 115
8 61 128
8 15 67
8 41 80
4 1 8
7 14 63
8 5 19
8 46 47
8 85 93
8 50 88
8 21 89
8 16 84
7 7 56
8 30 85
7 39 58
7 4 7
8 8 15
8 29 101
8 93 122
8 79 99
8 29 54
8 81 117
8 79 109
8 20 116
7 5 50
8 86 90
7 31 32
8 8 96
8 3 89
8 31 40
8 21 65
8 49 89
8 4 75
8 63 90
8 33 70
5 8 10
7 12 31
8 40 108
8 49 106
8 74 86
8 87 121
8 112 123
7 28 62
8 71 79
8 104 104
7 42 61
8 12 29
8 5 84
7 3 64
8 11 60
8 58 102
8 50 96
8 7 18
7 8 61
8 18 64
7 21 46
8 64 96
8 5 68
8 64 106
8 35 123
8 2 100
8 10 48
8 67 78
8 35 46
8 4 16
8 61 61
8 50 83
8 27 39
7 15 21
8 66 74
8 29 50
8 78 89
7 15 15
8 39 40
8 6 76
8 25 60
8 68 108
8 15 97
5 9 15
8 11 19
8 22 97
8 68 123
8 8 24
8 6 110
8 80 84
8 74 97
8 44 52
8 30 89
8 38 128
8 56 64
7 48 60
8 70 91
8 23 59
8 45 106
8 31 47
8 32 56
8 112 113
8 46 92
8 2 109
8 49 57
8 112 121
8 6 33
7 51 62
8 35 56
8 37 77
8 5 73
8 10 49
8 31 83
8 29 105
8 47 80
8 41 54
7 26 44
8 39 95
8 99 127
8 2 19
8 68 119
8 10 124
7 30 42
8 37 55
8 72 103
8 73 102
7 22 54
8 91 103
8 7 112
7 5 7
8 61 96
8 27 30
8 71 105
8 33 122
8 42 94
8 6 95
8 93 102
8 85 107
8 2 45
8 24 115
8 45 79
7 41 48
7 20 51
8 40 80
8 19 109
7 28 31
8 113 118
8 10 27
7 35 64
8 10 100
8 18 97
8 89 118
8 36 50
8 10 56
8 51 97
8 29 35
8 10 13
8 71 96
8 10 36
7 31 49
8 68 89
8 13 115
8 74 92
7 5 35
6 10 17
8 90 94
8 48 65
8 16 47
8 10 43
6 17 19
8 25 62
8 91 98
8 59 94
8 9 109
8 42 92
8 62 101
8 67 103
8 42 97
8 21 95
8 44 51
8 4 51
6 32 32
5 7 11
7 6 10
8 61 79
8 70 102
8 2 42
8 12 52
8 34 58
8 24 53
6 10 31
8 94 113
7 19 32
8 37 114
7 3 48
8 19 20
8 86 120
7 2 32
8 60 120
8 62 99
8 41 61
8 64 84
7 6 23
6 14 16
8 8 47
8 92 101
8 53 64
8 21 74
8 39 67
8 40 100
7 5 42
7 7 41
8 2 36
7 12 38
8 57 111
8 101 110
7 34 54
8 47 109
8 69 107
8 21 50
7 19 19
8 9 73
8 3 42
7 57 59
7 37 45
8 73 83
8 19 61
8 60 125
7 32 37
8 53 124
7 3 45
8 60 87
8 20 75
8 40 102
8 29 120
8 14 105
8 65 87
8 70 109
8 71 74
8 4 66
7 8 52
8 11 40
7 32 62
8 18 53
8 1 18
8 91 122
8 7 128
8 23 24
8 56 117
8 22 116
6 6 18
8 20 65
8 82 109
8 35 127
8 38 83
8 47 81
7 1 1
8 56 62
8 5 67
8 70 113
7 44 59
8 29 45
8 59 64
8 13 128
8 34 87
8 32 69
8 62 114
8 8 83
8 56 80
8 69 80
8 103 108
8 41 85
7 9 36
8 116 123
8 94 115
7 22 55
8 57 104
7 21 37
8 21 26
7 16 24
8 86 116
7 11 18
3 4 4
8 53 69
8 77 121
8 47 85
8 33 93
8 47 49
8 24 100
8 97 122
8 39 46
8 72 124
8 38 65
8 61 113
8 4 94
8 89 100
8 35 122
7 9 25
8 91 93
7 4 19
8 51 80
8 5 5
8 72 84
7 12 26
8 73 101
7 10 45
8 96 113
8 59 70
8 56 118
7 6 27
7 17 55
8 88 97
8 53 73
8 89 90
8 9 120
8 81 108
8 55 108
8 19 108
8 27 46
8 58 63
8 79 119
7 38 58
8 64 116
8 68 102
8 26 55
8 19 26
7 18 34
8 18 85
8 48 64
5 7 8
8 16 85
7 5 29
8 32 102
8 1 75
8 49 93
8 26 31
8 2 65
8 9 72
8 98 116
8 47 53
8 97 116
8 24 116
8 43 126
7 57 58
8 3 44
8 20 107
8 80 120
8 39 86
8 31 120
8 38 75
7 24 46
7 5 32
8 63 68
7 36 55
6 20 27
8 14 109
8 23 66
8 92 104
7 39 52
8 27 108
7 2 6
8 85 121
7 44 54
6 23 25
8 76 117
7 30 47
7 31 41
8 27 55
8 56 128
8 23 96
8 64 108
8 92 123
6 15 22
8 81 113
8 8 66
6 22 26
8 74 99
8 49 127
8 23 68
8 2 79
8 78 127
8 50 109
8 34 94
8 45 78
8 79 87
7 30 62
8 16 125
7 55 60
8 9 112
8 18 35
8 43 128
6 17 28
8 38 126
8 88 96
8 51 124
8 37 42
8 65 69
7 16 45
7 23 46
7 45 57
7 16 39
8 18 25
8 1 11
8 65 79
8 92 117
8 7 15
8 86 98
8 20 74
8 52 80
8 13 37
8 50 118
8 5 71
8 25 46
8 52 99
8 83 113
8 87 103
8 31 65
7 7 20
7 44 51
8 94 109
8 23 110
8 7 57
8 27 96
7 26 42
8 54 86
8 31 68
8 38 68
8 5 32
8 38 47
8 51 113
8 115 119
6 1 2
8 64 74
8 38 54
8 14 104
8 21 117
8 45 57
8 82 84
8 53 53
8 33 88
8 90 127
8 18 81
8 36 64
8 67 101
8 3 29
7 1 15
8 15 80
8 42 111
7 17 29
8 77 100
8 32 111
8 63 84
8 8 42
8 60 104
6 18 28
8 28 46
8 27 64
8 39 78
8 61 105
7 33 58
8 2 94
8 47 90
8 16 128
8 58 95
7 3 46
8 41 124
8 26 44
8 75 100
8 16 77
8 25 97
6 9 16
7 10 14
7 11 36
8 71 124
8 39 112
8 103 112
8 9 60
8 33 127
7 15 32
8 81 94
7 22 64
8 83 84
7 6 54
7 1 46
8 18 113
8 59 97
8 30 117
8 16 122
8 65 110
8 4 61
7 51 56
8 8 65
8 73 128
8 44 122
7 11 33
6 2 24
7 51 54
6 5 32
8 99 113
6 20 30
8 39 89
8 46 85
6 9 17
8 83 120
8 52 119
8 28 77
8 28 93
8 22 109
7 8 16
7 10 56
8 69 121
8 18 32
5 4 16
8 5 54
8 49 54
8 60 72
8 8 114
8 23 55
8 44 85
8 53 61
8 22 30
6 9 10
8 79 107
8 29 55
7 18 48
6 6 15
8 82 122
7 10 59
8 37 87
6 24 24
8 19 71
8 57 82
7 32 35
8 3 52
8 14 126
8 77 102
8 7 10
8 112 127
8 72 92
8 42 86
8 45 54
8 45 47
7 15 18
8 58 84
7 5 48
8 23 75
7 7 62
8 13 110
8 85 123
8 36 101
8 35 67
7 3 40
8 24 108
8 62 112
8 48 94
8 34 74
8 83 108
8 65 88
6 7 16
6 15 30
8 27 72
6 10 27
8 41 42
8 40 85
8 24 82
8 76 123
8 94 98
8 36 123
8 46 68
8 112 119
6 28 30
8 23 105
8 46 97
8 65 94
8 32 34
5 7 14
8 65 71
8 24 58
8 75 126
8 63 100
8 34 92
7 21 59
8 14 77
8 109 122
8 7 81
8 23 67
8 15 96
7 38 47
8 61 80
8 39 113
8 32 86
8 14 51
8 26 27
8 14 125
8 107 120
8 78 126
7 44 57
8 4 116
8 9 101
8 17 62
8 102 119
8 84 106
8 19 46
8 11 34
8 65 123
8 56 101
8 40 59
8 42 115
8 22 47
8 2 6
8 83 98
8 70 120
8 52 105
8 34 50
8 1 25
8 80 107
8 36 113
8 98 105
8 97 117
7 13 53
8 89 102
8 24 73
8 94 125
7 20 24
8 9 117
8 17 56
7 49 54
8 34 69
7 11 57
8 34 37
7 20 45
7 26 54
7 29 60
8 26 58
7 4 44
8 21 88
8 60 63
8 38 105
6 25 27
8 57 117
8 34 70
8 50 112
6 8 26
8 8 56
5 11 14
8 73 78
8 44 67
8 66 76
6 24 32
8 20 79
7 13 48
7 16 16
8 15 46
8 83 109
8 86 110
8 44 79
8 46 84
8 77 88
8 19 58
8 105 118
8 35 117
6 4 31
8 65 76
8 69 128
8 17 65
8 27 37
8 108 113
8 58 71
8 11 39
8 24 87
8 20 63
8 15 25
8 50 95
8 76 80
8 67 83
8 17 32
8 82 94
8 34 114
8 9 81
8 2 47
7 28 34
7 19 43
5 12 16
8 117 117
8 21 25
8 27 88
8 14 63
6 1 17
8 46 122
7 28 58
7 34 61
8 6 17
8 100 123
7 33 50
8 14 54
8 81 106
7 23 39
8 20 93
8 19 114
8 36 51
8 12 100
8 20 103
8 22 54
8 17 38
8 61 102
8 113 119
7 6 21
7 4 22
8 50 51
8 100 128
8 31 51
7 10 10
8 39 65
8 59 100
8 46 94
8 53 89
8 40 55
8 63 107
7 5 18
8 5 59
8 78 114
7 4 51
8 8 95
6 2 20
7 18 40
8 102 124
8 115 118
7 31 63
8 55 65
8 70 125
8 105 113
7 8 10
8 10 32